264.71	0.00	1.19
499.47	0.11	1.81
837.21	0.00	1.45
264.71	0.00	1.84
500.00	0.00	2.62
835.30	0.23	1.41
264.71	0.00	2.32
499.47	0.11	1.25
837.21	0.00	3.21
264.47	0.09	4.33
500.00	0.00	2.03
837.21	0.00	3.37
264.71	0.00	3.71
500.00	0.00	2.74
837.21	0.00	2.68
264.71	0.00	3.20
499.47	0.11	3.44
837.21	0.00	2.81
264.71	0.00	1.87
500.00	0.00	1.83
836.03	0.14	0.72
264.71	0.00	2.37
499.47	0.11	2.45
837.21	0.00	2.60
264.01	0.26	3.16
499.47	0.11	1.30
837.21	0.00	2.08
264.47	0.09	2.06
500.00	0.00	0.65
837.21	0.00	1.64
264.28	0.16	0.73
500.00	0.00	3.07
837.21	0.00	1.05
264.15	0.21	2.76
500.00	0.00	1.58
834.68	0.30	3.16
264.71	0.00	3.85
499.30	0.14	0.78
837.21	0.00	0.59
263.96	0.28	2.39
500.00	0.00	1.73
837.21	0.00	3.25
264.47	0.09	1.40
500.00	0.00	2.37
836.45	0.09	2.77
264.43	0.11	1.89
500.00	0.00	1.97
836.32	0.11	3.10
264.71	0.00	2.52
499.30	0.14	1.36
837.21	0.00	1.88
264.71	0.00	1.71
499.39	0.12	0.85
837.21	0.00	3.54
264.38	0.12	2.49
500.00	0.00	2.48
837.21	0.00	2.41
264.43	0.11	1.63
500.00	0.00	4.20
835.44	0.21	2.87
264.71	0.00	2.13
500.00	0.00	3.44
837.21	0.00	3.37
264.71	0.00	2.30
500.00	0.00	2.50
837.21	0.00	3.30
264.71	0.00	1.18
500.00	0.00	3.40
837.21	0.00	1.11
264.71	0.00	2.91
499.55	0.09	2.73
837.21	0.00	2.62
264.71	0.00	1.61
500.00	0.00	1.50
837.21	0.00	0.52
264.47	0.09	2.14
500.00	0.00	1.98
837.21	0.00	1.14
264.71	0.00	0.52
500.00	0.00	1.02
837.21	0.00	1.03
264.71	0.00	0.61
500.00	0.00	1.73
837.21	0.00	1.99
264.71	0.00	1.09
500.00	0.00	1.10
837.21	0.00	3.04
264.47	0.09	1.66
499.61	0.08	2.92
837.21	0.00	1.45
264.43	0.11	2.87
500.00	0.00	3.60
837.21	0.00	3.35
264.71	0.00	3.20
499.47	0.11	1.49
837.21	0.00	4.59
264.71	0.00	3.23
499.30	0.14	1.89
836.45	0.09	1.19
264.71	0.00	3.58
500.00	0.00	1.67
837.21	0.00	1.20
264.71	0.00	2.88
500.00	0.00	0.76
837.21	0.00	3.31
264.33	0.14	1.71
499.47	0.11	2.33
835.44	0.21	2.21
264.71	0.00	1.89
500.00	0.00	2.03
837.21	0.00	2.06
264.71	0.00	2.42
500.00	0.00	2.62
837.21	0.00	3.65
264.33	0.14	1.25
500.00	0.00	1.47
837.21	0.00	2.54
264.71	0.00	2.16
499.30	0.14	0.66
837.21	0.00	0.49
264.43	0.11	1.10
500.00	0.00	1.14
837.21	0.00	0.96
264.71	0.00	2.69
499.47	0.11	1.72
837.21	0.00	1.16
264.71	0.00	0.59
499.39	0.12	0.65
837.21	0.00	1.97
264.09	0.23	2.33
500.00	0.00	0.62
837.21	0.00	1.00
264.71	0.00	3.49
500.00	0.00	1.70
837.21	0.00	1.46
264.71	0.00	3.04
500.00	0.00	2.33
837.21	0.00	2.07
264.43	0.11	2.55
500.00	0.00	1.33
837.21	0.00	2.62
264.71	0.00	1.69
500.00	0.00	2.99
837.21	0.00	3.81
264.71	0.00	3.40
499.30	0.14	2.60
837.21	0.00	3.24
264.71	0.00	2.72
500.00	0.00	4.38
837.21	0.00	2.61
264.71	0.00	3.58
498.94	0.21	3.78
837.21	0.00	3.73
264.43	0.11	4.07
500.00	0.00	2.43
837.21	0.00	0.69
264.71	0.00	2.97
500.00	0.00	2.92
837.21	0.00	2.23
264.71	0.00	3.36
499.30	0.14	1.78
837.21	0.00	3.49
264.71	0.00	2.24
500.00	0.00	1.79
837.21	0.00	3.01
264.71	0.00	1.06
500.00	0.00	1.23
837.21	0.00	2.47
264.71	0.00	2.75
500.00	0.00	1.30
837.21	0.00	1.46
264.71	0.00	0.59
500.00	0.00	0.55
837.21	0.00	1.56
264.71	0.00	1.06
500.00	0.00	2.03
837.21	0.00	0.57
264.71	0.00	0.71
500.00	0.00	2.53
837.21	0.00	1.03
264.71	0.00	2.09
500.00	0.00	1.58
837.21	0.00	2.64
264.71	0.00	2.65
500.00	0.00	1.44
836.32	0.11	1.12
264.71	0.00	3.31
500.00	0.00	1.11
837.21	0.00	2.01
264.71	0.00	3.38
500.00	0.00	1.79
837.21	0.00	1.41
264.43	0.11	1.26
498.75	0.25	2.86
837.21	0.00	2.91
264.71	0.00	3.87
500.00	0.00	2.44
837.21	0.00	1.52
264.71	0.00	4.07
500.00	0.00	1.19
837.21	0.00	1.97
264.71	0.00	3.28
500.00	0.00	0.78
837.21	0.00	1.01
264.71	0.00	2.66
500.00	0.00	1.19
837.21	0.00	2.51
264.71	0.00	1.64
500.00	0.00	2.30
836.45	0.09	1.62
264.71	0.00	0.54
500.00	0.00	1.24
837.21	0.00	0.95
264.71	0.00	2.16
500.00	0.00	1.03
837.21	0.00	1.09
264.71	0.00	1.61
499.55	0.09	0.71
837.21	0.00	2.97
264.71	0.00	2.00
499.47	0.11	1.29
837.21	0.00	0.96
264.38	0.12	0.70
500.00	0.00	2.57
837.21	0.00	2.47
264.71	0.00	2.41
500.00	0.00	2.02
837.21	0.00	2.09
264.71	0.00	3.01
500.00	0.00	2.67
837.21	0.00	3.76
264.71	0.00	5.54
500.00	0.00	3.22
837.21	0.00	4.32
264.71	0.00	3.12
500.00	0.00	2.02
837.21	0.00	3.20
263.96	0.28	2.50
500.00	0.00	2.63
837.21	0.00	2.03
264.71	0.00	1.22
500.00	0.00	4.05
837.21	0.00	2.66
264.71	0.00	2.33
500.00	0.00	3.66
837.21	0.00	2.68
264.71	0.00	3.04
500.00	0.00	2.28
837.21	0.00	3.73
264.38	0.12	2.29
500.00	0.00	1.21
837.21	0.00	1.03
264.71	0.00	1.99
500.00	0.00	1.62
836.45	0.09	1.62
264.71	0.00	0.99
500.00	0.00	0.68
837.21	0.00	2.08
264.71	0.00	1.49
499.47	0.11	2.33
837.21	0.00	1.02
264.71	0.00	0.59
500.00	0.00	1.78
837.21	0.00	1.65
264.71	0.00	1.72
499.55	0.09	1.13
837.21	0.00	2.15
264.71	0.00	1.16
500.00	0.00	2.25
836.03	0.14	1.17
264.43	0.11	3.31
500.00	0.00	2.30
836.19	0.12	2.14
264.71	0.00	2.65
500.00	0.00	3.35
837.21	0.00	1.56
264.71	0.00	2.47
500.00	0.00	2.75
837.21	0.00	2.69
264.71	0.00	2.31
500.00	0.00	3.72
837.21	0.00	2.20
264.71	0.00	1.27
500.00	0.00	2.77
837.21	0.00	1.15
264.71	0.00	2.89
500.00	0.00	3.16
837.21	0.00	2.77
264.71	0.00	2.34
500.00	0.00	1.83
837.21	0.00	0.59
264.71	0.00	1.16
500.00	0.00	0.52
837.21	0.00	2.69
264.15	0.21	3.09
500.00	0.00	2.33
836.32	0.11	2.18
264.71	0.00	3.34
500.00	0.00	0.63
837.21	0.00	0.60
264.04	0.25	2.92
499.09	0.18	2.47
837.21	0.00	1.07
264.71	0.00	1.73
500.00	0.00	2.99
837.21	0.00	2.26
264.47	0.09	2.12
499.55	0.09	0.69
837.21	0.00	2.24
264.71	0.00	1.06
500.00	0.00	1.18
836.45	0.09	1.09
264.71	0.00	3.47
500.00	0.00	1.63
837.21	0.00	0.52
264.71	0.00	1.48
500.00	0.00	3.15
836.32	0.11	1.77
264.71	0.00	1.94
500.00	0.00	3.49
837.21	0.00	2.30
264.71	0.00	2.45
500.00	0.00	1.60
837.21	0.00	0.64
264.71	0.00	2.01
500.00	0.00	1.57
837.21	0.00	1.53
264.71	0.00	1.03
500.00	0.00	0.48
837.21	0.00	1.01
264.71	0.00	2.68
500.00	0.00	2.68
835.01	0.26	1.39
264.71	0.00	2.24
500.00	0.00	4.18
837.21	0.00	2.83
264.33	0.14	2.90
500.00	0.00	2.45
837.21	0.00	2.60
264.71	0.00	1.63
500.00	0.00	2.84
837.21	0.00	3.27
264.71	0.00	1.74
500.00	0.00	1.75
837.21	0.00	1.97
264.71	0.00	1.80
499.30	0.14	0.81
837.21	0.00	3.58
264.71	0.00	3.38
500.00	0.00	3.27
837.21	0.00	4.08
264.71	0.00	4.50
500.00	0.00	0.74
837.21	0.00	3.38
263.91	0.30	3.23
500.00	0.00	3.22
837.21	0.00	2.79
264.43	0.11	3.87
500.00	0.00	2.68
836.03	0.14	1.71
264.71	0.00	1.80
500.00	0.00	2.49
837.21	0.00	1.66
264.71	0.00	2.27
500.00	0.00	2.10
837.21	0.00	1.68
264.71	0.00	1.20
500.00	0.00	2.95
837.21	0.00	0.58
264.47	0.09	3.24
500.00	0.00	1.49
837.21	0.00	3.39
264.71	0.00	0.79
500.00	0.00	0.66
837.21	0.00	2.40
264.50	0.08	2.65
500.00	0.00	1.96
837.21	0.00	2.93
264.71	0.00	3.61
500.00	0.00	2.47
837.21	0.00	0.63
264.71	0.00	4.24
500.00	0.00	1.21
837.21	0.00	2.17
264.47	0.09	2.53
500.00	0.00	1.70
837.21	0.00	2.68
264.71	0.00	1.83
500.00	0.00	1.75
837.21	0.00	1.68
264.71	0.00	1.18
500.00	0.00	2.28
836.32	0.11	2.22
264.71	0.00	2.43
498.85	0.23	2.89
837.21	0.00	1.68
264.71	0.00	0.56
500.00	0.00	1.97
837.21	0.00	3.53
264.71	0.00	2.33
500.00	0.00	3.67
837.21	0.00	3.08
264.71	0.00	1.57
500.00	0.00	2.23
837.21	0.00	2.55
264.71	0.00	1.60
500.00	0.00	1.57
837.21	0.00	1.26
264.71	0.00	3.20
500.00	0.00	1.04
837.21	0.00	1.61
264.71	0.00	3.70
499.47	0.11	2.30
837.21	0.00	1.07
264.38	0.12	2.16
500.00	0.00	1.84
836.32	0.11	2.31
264.71	0.00	2.63
500.00	0.00	2.42
835.57	0.20	2.94
264.71	0.00	1.37
499.47	0.11	3.80
837.21	0.00	1.63
264.71	0.00	1.53
500.00	0.00	1.75
837.21	0.00	2.07
264.71	0.00	1.92
500.00	0.00	2.09
837.21	0.00	2.55
264.71	0.00	1.27
500.00	0.00	3.42
837.21	0.00	1.48
264.71	0.00	2.25
500.00	0.00	1.77
837.21	0.00	0.66
264.71	0.00	2.76
498.85	0.23	2.42
837.21	0.00	0.68
264.71	0.00	4.12
500.00	0.00	2.83
834.86	0.28	2.05
264.71	0.00	2.88
499.30	0.14	2.06
837.21	0.00	1.67
264.71	0.00	1.15
500.00	0.00	3.05
836.32	0.11	1.99
264.71	0.00	1.62
500.00	0.00	2.59
837.21	0.00	2.49
264.71	0.00	3.96
499.47	0.11	2.86
837.21	0.00	3.06
264.71	0.00	2.89
500.00	0.00	1.39
836.45	0.09	2.79
264.71	0.00	4.81
500.00	0.00	1.29
836.45	0.09	1.74
264.71	0.00	1.68
500.00	0.00	1.97
837.21	0.00	1.07
264.71	0.00	0.95
500.00	0.00	1.99
837.21	0.00	0.58
264.13	0.22	2.33
500.00	0.00	1.46
837.21	0.00	1.02
264.71	0.00	2.10
500.00	0.00	1.78
837.21	0.00	3.53
264.71	0.00	3.44
499.55	0.09	2.04
836.45	0.09	2.57
264.71	0.00	0.90
500.00	0.00	0.87
837.21	0.00	3.03
264.71	0.00	4.05
500.00	0.00	0.81
837.21	0.00	2.88
264.71	0.00	2.91
500.00	0.00	3.18
836.32	0.11	0.73
264.71	0.00	3.47
500.00	0.00	1.68
836.32	0.11	3.12
264.47	0.09	0.62
500.00	0.00	0.57
837.21	0.00	0.55
264.71	0.00	2.90
499.61	0.08	2.16
836.32	0.11	1.72
264.71	0.00	3.46
500.00	0.00	1.50
837.21	0.00	1.18
264.71	0.00	3.46
499.47	0.11	3.18
837.21	0.00	2.83
264.71	0.00	2.31
500.00	0.00	1.90
837.21	0.00	2.21
264.71	0.00	4.95
500.00	0.00	1.34
837.21	0.00	2.62
264.71	0.00	1.81
499.30	0.14	1.66
837.21	0.00	2.03
264.71	0.00	1.17
500.00	0.00	2.43
837.21	0.00	1.03
264.71	0.00	3.16
499.30	0.14	1.74
837.21	0.00	3.19
264.71	0.00	2.63
500.00	0.00	2.25
836.45	0.09	2.15
264.71	0.00	0.88
500.00	0.00	2.80
837.21	0.00	2.68
264.33	0.14	1.48
499.47	0.11	1.73
837.21	0.00	1.62
264.71	0.00	1.45
500.00	0.00	1.89
837.21	0.00	1.71
264.71	0.00	0.71
500.00	0.00	2.89
837.21	0.00	2.73
264.71	0.00	1.14
499.30	0.14	1.19
837.21	0.00	2.56
264.71	0.00	1.74
498.86	0.23	2.47
837.21	0.00	0.64
264.71	0.00	3.45
500.00	0.00	2.99
837.21	0.00	1.78
264.71	0.00	3.11
499.55	0.09	3.48
836.32	0.11	2.40
264.71	0.00	2.02
500.00	0.00	1.78
836.19	0.12	2.15
264.71	0.00	2.66
500.00	0.00	2.41
837.21	0.00	2.62
264.33	0.14	0.76
500.00	0.00	3.22
837.21	0.00	4.39
264.71	0.00	2.43
500.00	0.00	1.89
836.45	0.09	2.76
264.71	0.00	0.71
500.00	0.00	3.17
837.21	0.00	3.29
264.71	0.00	0.62
499.47	0.11	1.24
837.21	0.00	1.56
264.71	0.00	1.73
500.00	0.00	1.64
836.45	0.09	0.66
264.71	0.00	2.33
499.55	0.09	2.86
835.44	0.21	2.36
264.71	0.00	0.70
500.00	0.00	1.15
837.21	0.00	1.68
264.71	0.00	1.81
500.00	0.00	0.73
837.21	0.00	2.94
264.71	0.00	1.58
500.00	0.00	1.19
837.21	0.00	2.42
264.71	0.00	1.30
500.00	0.00	1.67
837.21	0.00	1.94
264.71	0.00	2.06
500.00	0.00	0.69
834.68	0.30	2.88
264.10	0.23	2.65
500.00	0.00	2.63
837.21	0.00	0.58
264.50	0.08	3.40
500.00	0.00	1.95
837.21	0.00	2.18
264.71	0.00	2.01
500.00	0.00	2.83
837.21	0.00	2.01
264.43	0.11	2.43
500.00	0.00	1.12
837.21	0.00	1.70
264.71	0.00	1.66
500.00	0.00	1.57
837.21	0.00	2.17
264.71	0.00	1.85
500.00	0.00	1.95
836.32	0.11	1.66
264.71	0.00	0.48
500.00	0.00	2.19
837.21	0.00	3.22
264.71	0.00	3.21
500.00	0.00	1.25
837.21	0.00	2.58
264.71	0.00	1.88
500.00	0.00	3.09
836.32	0.11	0.81
264.71	0.00	2.42
499.47	0.11	1.13
837.21	0.00	1.16
264.71	0.00	2.35
499.55	0.09	2.78
837.21	0.00	1.90
264.71	0.00	2.86
499.39	0.12	0.64
837.21	0.00	0.54
264.71	0.00	1.96
500.00	0.00	1.71
837.21	0.00	0.53
264.71	0.00	2.41
500.00	0.00	0.58
837.21	0.00	1.00
264.43	0.11	1.93
500.00	0.00	0.63
837.21	0.00	0.57
264.43	0.11	2.59
500.00	0.00	1.52
837.21	0.00	3.09
264.71	0.00	1.30
499.55	0.09	2.00
837.21	0.00	2.60
264.71	0.00	5.50
500.00	0.00	2.34
837.21	0.00	3.64
264.71	0.00	2.98
500.00	0.00	3.54
836.56	0.08	3.10
264.10	0.23	3.63
500.00	0.00	3.18
836.32	0.11	1.78
264.71	0.00	1.50
500.00	0.00	1.71
837.21	0.00	1.21
264.71	0.00	2.47
500.00	0.00	1.05
837.21	0.00	1.47
264.23	0.18	3.35
499.30	0.14	1.17
837.21	0.00	0.92
264.71	0.00	2.21
500.00	0.00	2.47
837.21	0.00	1.27
264.47	0.09	2.74
500.00	0.00	0.58
837.21	0.00	1.67
264.71	0.00	4.07
500.00	0.00	1.12
837.21	0.00	2.71
264.71	0.00	1.99
500.00	0.00	0.67
835.57	0.20	1.96
264.71	0.00	2.52
499.55	0.09	2.23
836.32	0.11	1.23
264.71	0.00	4.46
500.00	0.00	2.76
837.21	0.00	3.86
264.71	0.00	2.17
498.94	0.21	1.93
837.21	0.00	2.13
264.71	0.00	3.99
500.00	0.00	1.46
837.21	0.00	1.69
264.47	0.09	4.55
500.00	0.00	0.73
837.21	0.00	1.07
264.71	0.00	2.14
500.00	0.00	1.64
837.21	0.00	2.61
264.71	0.00	2.69
500.00	0.00	2.13
837.21	0.00	1.05
264.71	0.00	3.93
500.00	0.00	1.44
837.21	0.00	2.10
264.71	0.00	1.49
500.00	0.00	1.08
836.32	0.11	1.11
264.71	0.00	3.11
500.00	0.00	1.01
836.45	0.09	1.73
264.71	0.00	2.63
500.00	0.00	0.60
837.21	0.00	2.18
264.71	0.00	2.31
500.00	0.00	2.13
837.21	0.00	0.72
264.71	0.00	3.50
500.00	0.00	2.56
837.21	0.00	2.54
264.71	0.00	2.87
500.00	0.00	3.22
837.21	0.00	1.11
264.71	0.00	2.63
500.00	0.00	0.74
837.21	0.00	1.57
264.71	0.00	3.41
499.55	0.09	2.17
837.21	0.00	3.50
264.38	0.12	1.86
500.00	0.00	1.37
837.21	0.00	4.06
264.71	0.00	2.32
500.00	0.00	1.35
836.03	0.14	1.59
264.43	0.11	1.18
499.47	0.11	0.77
837.21	0.00	1.00
264.13	0.22	3.05
500.00	0.00	1.81
837.21	0.00	3.26
264.71	0.00	2.03
500.00	0.00	2.07
837.21	0.00	3.38
264.43	0.11	3.24
500.00	0.00	1.58
835.57	0.20	2.86
264.47	0.09	4.04
498.94	0.21	2.80
837.21	0.00	1.64
264.71	0.00	3.40
500.00	0.00	2.75
837.21	0.00	1.83
264.71	0.00	2.69
500.00	0.00	1.93
835.87	0.16	0.77
264.71	0.00	3.20
500.00	0.00	2.32
837.21	0.00	1.23
264.71	0.00	1.70
500.00	0.00	1.58
837.21	0.00	0.57
264.33	0.14	0.71
500.00	0.00	2.59
836.32	0.11	1.71
264.43	0.11	2.35
500.00	0.00	1.05
837.21	0.00	2.17
264.71	0.00	2.48
500.00	0.00	0.69
837.21	0.00	2.23
264.71	0.00	1.80
500.00	0.00	1.17
835.44	0.21	1.69
264.71	0.00	2.24
500.00	0.00	1.17
837.21	0.00	2.61
264.71	0.00	2.98
500.00	0.00	1.55
837.21	0.00	0.51
264.47	0.09	1.75
500.00	0.00	0.99
836.32	0.11	1.58
264.71	0.00	1.18
500.00	0.00	0.92
837.21	0.00	2.65
264.71	0.00	1.73
499.47	0.11	2.88
837.21	0.00	1.27
264.71	0.00	2.76
500.00	0.00	2.16
837.21	0.00	1.71
264.71	0.00	1.06
500.00	0.00	1.56
836.03	0.14	1.16
264.71	0.00	1.79
500.00	0.00	1.73
836.32	0.11	1.24
264.71	0.00	2.36
500.00	0.00	0.78
836.45	0.09	2.85
264.71	0.00	2.77
500.00	0.00	1.22
835.01	0.26	2.13
264.71	0.00	3.02
500.00	0.00	3.48
837.21	0.00	0.61
264.28	0.16	0.82
500.00	0.00	1.09
836.32	0.11	1.82
264.01	0.26	2.44
500.00	0.00	1.54
837.21	0.00	2.26
264.71	0.00	1.80
500.00	0.00	0.62
837.21	0.00	1.58
264.71	0.00	1.14
500.00	0.00	1.10
837.21	0.00	2.04
264.71	0.00	2.25
500.00	0.00	2.91
837.21	0.00	2.53
264.71	0.00	2.07
499.55	0.09	1.87
837.21	0.00	2.11
264.43	0.11	2.28
500.00	0.00	1.17
837.21	0.00	0.53
264.71	0.00	1.54
500.00	0.00	1.44
837.21	0.00	1.02
264.71	0.00	1.69
500.00	0.00	2.18
836.03	0.14	2.36
264.43	0.11	3.54
500.00	0.00	1.18
837.21	0.00	2.84
264.71	0.00	4.02
500.00	0.00	2.89
836.03	0.14	1.70
264.71	0.00	3.70
500.00	0.00	1.53
837.21	0.00	1.34
264.71	0.00	3.80
499.47	0.11	2.36
835.44	0.21	3.50
264.71	0.00	4.75
500.00	0.00	2.66
837.21	0.00	2.78
264.71	0.00	4.19
499.47	0.11	2.29
837.21	0.00	1.93
264.71	0.00	1.83
500.00	0.00	2.79
837.21	0.00	2.46
264.71	0.00	2.63
500.00	0.00	4.14
835.87	0.16	1.71
264.09	0.23	1.90
500.00	0.00	0.70
837.21	0.00	2.12
264.71	0.00	0.77
500.00	0.00	2.34
837.21	0.00	2.61
264.71	0.00	3.31
500.00	0.00	1.89
836.03	0.14	1.59
264.71	0.00	2.07
500.00	0.00	0.65
837.21	0.00	2.01
264.71	0.00	0.98
500.00	0.00	0.65
837.21	0.00	0.97
264.71	0.00	2.55
500.00	0.00	1.01
837.21	0.00	2.47
264.43	0.11	1.76
500.00	0.00	1.49
837.21	0.00	1.63
264.71	0.00	2.39
500.00	0.00	2.06
835.30	0.23	2.23
264.47	0.09	1.98
500.00	0.00	2.75
837.21	0.00	1.16
264.71	0.00	2.00
500.00	0.00	2.16
836.45	0.09	2.28
264.71	0.00	0.60
500.00	0.00	3.34
837.21	0.00	1.01
264.71	0.00	1.32
500.00	0.00	2.76
836.32	0.11	2.78
264.71	0.00	2.29
500.00	0.00	1.87
837.21	0.00	2.08
264.71	0.00	2.77
500.00	0.00	1.53
837.21	0.00	2.66
264.71	0.00	3.34
500.00	0.00	3.07
837.21	0.00	1.06
264.71	0.00	1.62
500.00	0.00	0.59
837.21	0.00	0.51
264.71	0.00	2.20
500.00	0.00	1.76
837.21	0.00	2.61
264.71	0.00	2.16
500.00	0.00	1.53
837.21	0.00	1.45
264.19	0.20	3.27
500.00	0.00	0.69
837.21	0.00	1.68
264.71	0.00	1.92
500.00	0.00	2.55
837.21	0.00	3.26
264.71	0.00	1.30
498.91	0.22	3.06
837.21	0.00	2.73
264.71	0.00	1.85
500.00	0.00	3.31
837.21	0.00	1.71
264.71	0.00	2.97
499.47	0.11	1.27
836.45	0.09	2.26
264.71	0.00	1.35
499.47	0.11	1.84
836.03	0.14	2.89
264.71	0.00	1.55
500.00	0.00	1.14
837.21	0.00	1.53
264.43	0.11	0.64
500.00	0.00	0.59
837.21	0.00	1.53
264.71	0.00	1.06
500.00	0.00	2.03
836.45	0.09	1.05
264.71	0.00	1.93
500.00	0.00	1.57
837.21	0.00	0.59
264.71	0.00	2.43
500.00	0.00	2.10
837.21	0.00	1.61
264.71	0.00	4.39
500.00	0.00	0.68
836.32	0.11	2.20
264.71	0.00	1.94
500.00	0.00	2.26
837.21	0.00	0.67
264.71	0.00	1.64
498.50	0.30	3.60
837.21	0.00	2.26
264.71	0.00	2.60
498.94	0.21	3.10
837.21	0.00	2.77
264.71	0.00	0.60
500.00	0.00	1.63
837.21	0.00	0.49
264.47	0.09	2.23
500.00	0.00	2.12
836.32	0.11	1.11
264.71	0.00	1.48
500.00	0.00	2.54
837.21	0.00	2.76
264.71	0.00	2.46
500.00	0.00	3.39
837.21	0.00	1.47
264.71	0.00	3.05
500.00	0.00	2.21
836.32	0.11	2.39
264.71	0.00	1.73
500.00	0.00	4.10
837.21	0.00	3.62
264.71	0.00	3.29
500.00	0.00	2.29
837.21	0.00	1.62
264.43	0.11	1.11
500.00	0.00	0.69
837.21	0.00	1.04
264.71	0.00	2.74
500.00	0.00	1.14
837.21	0.00	2.67
264.71	0.00	1.74
500.00	0.00	1.67
836.03	0.14	0.67
264.71	0.00	2.26
500.00	0.00	1.03
837.21	0.00	1.78
264.71	0.00	0.51
500.00	0.00	2.74
837.21	0.00	1.58
264.71	0.00	2.46
500.00	0.00	2.38
837.21	0.00	1.66
264.71	0.00	1.25
500.00	0.00	1.97
837.21	0.00	2.56
264.71	0.00	1.76
499.55	0.09	3.01
837.21	0.00	3.23
264.71	0.00	0.66
500.00	0.00	2.22
837.21	0.00	0.64
264.71	0.00	1.12
499.55	0.09	2.64
835.01	0.26	1.53
264.38	0.12	2.06
500.00	0.00	3.16
837.21	0.00	2.00
264.71	0.00	2.16
499.30	0.14	2.81
836.45	0.09	2.16
264.71	0.00	2.78
499.30	0.14	1.61
836.45	0.09	2.77
264.71	0.00	3.20
499.39	0.12	2.06
837.21	0.00	4.01
264.71	0.00	1.96
500.00	0.00	1.53
837.21	0.00	1.01
264.71	0.00	0.93
500.00	0.00	0.54
836.19	0.12	1.06
264.71	0.00	1.43
500.00	0.00	1.02
836.19	0.12	0.68
264.71	0.00	2.88
500.00	0.00	2.75
837.21	0.00	1.58
264.71	0.00	3.34
499.02	0.20	2.26
837.21	0.00	0.67
264.71	0.00	2.35
500.00	0.00	2.68
837.21	0.00	1.04
264.71	0.00	1.70
500.00	0.00	0.62
837.21	0.00	2.59
264.71	0.00	1.13
500.00	0.00	1.18
837.21	0.00	1.14
264.71	0.00	2.20
500.00	0.00	2.16
837.21	0.00	2.05
264.71	0.00	1.52
500.00	0.00	0.53
837.21	0.00	0.49
264.71	0.00	2.02
500.00	0.00	1.42
837.21	0.00	0.55
264.71	0.00	2.52
500.00	0.00	0.95
836.03	0.14	1.11
264.15	0.21	4.30
500.00	0.00	3.12
837.21	0.00	2.13
264.71	0.00	3.07
500.00	0.00	0.83
837.21	0.00	3.36
264.43	0.11	5.21
500.00	0.00	2.57
837.21	0.00	2.80
264.71	0.00	1.81
500.00	0.00	2.78
837.21	0.00	1.17
264.33	0.14	1.11
500.00	0.00	0.58
837.21	0.00	2.21
264.71	0.00	1.62
499.55	0.09	2.24
837.21	0.00	1.04
264.71	0.00	1.69
500.00	0.00	2.13
837.21	0.00	0.61
264.71	0.00	1.69
500.00	0.00	0.99
837.21	0.00	1.71
264.71	0.00	2.86
498.94	0.21	2.78
837.21	0.00	0.59
264.71	0.00	1.94
500.00	0.00	3.28
837.21	0.00	1.81
264.43	0.11	3.67
500.00	0.00	2.89
837.21	0.00	2.19
264.71	0.00	4.40
499.30	0.14	1.71
837.21	0.00	2.94
264.71	0.00	2.97
500.00	0.00	2.76
837.21	0.00	1.66
264.71	0.00	1.88
500.00	0.00	2.83
837.21	0.00	1.08
264.71	0.00	3.56
500.00	0.00	2.21
836.03	0.14	1.43
264.71	0.00	3.59
500.00	0.00	3.53
836.03	0.14	2.32
264.71	0.00	3.02
500.00	0.00	1.33
835.57	0.20	2.90
264.71	0.00	5.15
500.00	0.00	1.35
837.21	0.00	3.47
264.71	0.00	1.77
500.00	0.00	2.27
835.15	0.25	2.18
264.71	0.00	1.11
500.00	0.00	2.11
837.21	0.00	1.09
264.71	0.00	1.57
500.00	0.00	0.62
837.21	0.00	1.65
264.15	0.21	3.26
500.00	0.00	4.25
837.21	0.00	2.95
264.01	0.26	2.50
500.00	0.00	2.86
837.21	0.00	1.89
264.71	0.00	4.15
500.00	0.00	1.62
837.21	0.00	2.38
264.71	0.00	1.48
500.00	0.00	1.53
837.21	0.00	1.58
264.71	0.00	0.94
500.00	0.00	2.07
837.21	0.00	2.08
264.71	0.00	3.39
500.00	0.00	3.36
837.21	0.00	0.59
264.19	0.20	2.23
500.00	0.00	1.66
837.21	0.00	0.58
264.71	0.00	2.72
499.47	0.11	1.80
837.21	0.00	1.61
264.71	0.00	1.64
500.00	0.00	1.11
837.21	0.00	1.09
264.71	0.00	3.53
499.30	0.14	1.81
837.21	0.00	2.02
264.71	0.00	3.67
500.00	0.00	1.06
837.21	0.00	2.48
264.33	0.14	1.68
500.00	0.00	1.13
837.21	0.00	1.50
264.33	0.14	2.54
500.00	0.00	1.94
837.21	0.00	2.42
264.71	0.00	3.18
499.47	0.11	2.60
836.32	0.11	1.21
264.71	0.00	1.74
500.00	0.00	4.00
834.70	0.30	3.04
264.71	0.00	1.34
500.00	0.00	2.05
837.21	0.00	1.66
264.71	0.00	0.67
500.00	0.00	2.46
836.45	0.09	1.82
264.71	0.00	3.10
500.00	0.00	2.96
837.21	0.00	1.13
264.71	0.00	2.90
499.30	0.14	0.68
835.57	0.20	1.77
264.71	0.00	2.24
500.00	0.00	1.82
837.21	0.00	0.50
264.43	0.11	1.22
500.00	0.00	1.33
837.21	0.00	1.10
264.19	0.20	2.50
500.00	0.00	3.19
837.21	0.00	2.02
264.71	0.00	2.22
500.00	0.00	1.13
837.21	0.00	1.05
264.71	0.00	1.32
500.00	0.00	3.72
837.21	0.00	2.58
264.71	0.00	2.03
499.47	0.11	1.66
837.21	0.00	1.06
264.71	0.00	2.51
499.47	0.11	0.70
837.21	0.00	1.48
264.71	0.00	1.79
500.00	0.00	2.20
837.21	0.00	1.56
264.43	0.11	1.95
500.00	0.00	2.06
837.21	0.00	3.07
264.71	0.00	1.41
498.94	0.21	2.74
837.21	0.00	2.52
264.71	0.00	2.01
500.00	0.00	0.52
837.21	0.00	3.57
264.71	0.00	1.74
500.00	0.00	1.64
837.21	0.00	1.56
264.71	0.00	2.27
500.00	0.00	2.75
837.21	0.00	2.08
264.71	0.00	1.14
499.55	0.09	2.21
837.21	0.00	1.46
264.71	0.00	2.07
499.30	0.14	1.25
837.21	0.00	1.22
264.71	0.00	2.53
500.00	0.00	2.81
837.21	0.00	0.51
264.71	0.00	3.73
500.00	0.00	1.01
837.21	0.00	1.63
264.43	0.11	0.68
500.00	0.00	3.36
836.19	0.12	0.66
264.71	0.00	1.79
498.69	0.26	1.75
837.21	0.00	0.48
264.71	0.00	1.94
500.00	0.00	2.24
836.45	0.09	1.81
264.43	0.11	3.27
499.47	0.11	2.17
837.21	0.00	1.21
264.71	0.00	2.44
500.00	0.00	2.70
837.21	0.00	1.73
264.47	0.09	3.85
500.00	0.00	1.79
837.21	0.00	2.22
264.33	0.14	1.57
500.00	0.00	2.13
836.45	0.09	1.72
264.33	0.14	0.63
500.00	0.00	3.32
836.56	0.08	2.90
264.33	0.14	1.32
500.00	0.00	1.57
836.32	0.11	1.20
264.71	0.00	2.99
500.00	0.00	1.47
837.21	0.00	2.08
264.33	0.14	2.31
500.00	0.00	0.48
837.21	0.00	3.17
264.71	0.00	2.15
500.00	0.00	1.94
836.19	0.12	1.57
264.71	0.00	1.87
500.00	0.00	0.63
835.68	0.18	2.77
264.33	0.14	0.87
500.00	0.00	2.26
837.21	0.00	0.55
264.71	0.00	1.37
500.00	0.00	1.57
837.21	0.00	2.17
264.71	0.00	0.50
500.00	0.00	1.65
837.21	0.00	1.93
264.71	0.00	0.97
500.00	0.00	1.01
837.21	0.00	0.99
264.71	0.00	2.21
500.00	0.00	1.07
837.21	0.00	2.44
264.71	0.00	1.18
500.00	0.00	2.99
837.21	0.00	2.06
264.71	0.00	1.93
500.00	0.00	1.05
837.21	0.00	1.05
264.71	0.00	2.52
499.39	0.12	2.52
837.21	0.00	2.60
264.33	0.14	2.35
500.00	0.00	3.64
836.45	0.09	2.35
264.71	0.00	1.18
499.47	0.11	1.78
837.21	0.00	0.64
264.71	0.00	1.69
499.02	0.20	2.78
837.21	0.00	3.23
264.38	0.12	1.91
499.47	0.11	1.99
837.21	0.00	0.60
264.47	0.09	3.78
500.00	0.00	1.18
837.21	0.00	3.29
264.71	0.00	3.00
500.00	0.00	2.36
837.21	0.00	3.17
264.71	0.00	2.18
500.00	0.00	1.61
837.21	0.00	1.57
264.71	0.00	1.10
500.00	0.00	0.54
837.21	0.00	1.04
264.28	0.16	1.68
500.00	0.00	2.74
837.21	0.00	2.07
264.50	0.08	3.51
500.00	0.00	1.45
837.21	0.00	2.57
264.71	0.00	2.71
500.00	0.00	1.89
837.21	0.00	2.05
264.71	0.00	2.91
499.47	0.11	1.32
837.21	0.00	1.05
264.43	0.11	2.41
500.00	0.00	3.40
837.21	0.00	2.81
264.71	0.00	3.96
499.39	0.12	1.23
837.21	0.00	1.38
264.71	0.00	1.68
500.00	0.00	2.90
837.21	0.00	2.93
264.71	0.00	2.00
500.00	0.00	3.13
837.21	0.00	2.03
264.71	0.00	0.86
499.55	0.09	2.50
837.21	0.00	2.52
264.71	0.00	1.64
500.00	0.00	2.34
837.21	0.00	3.03
264.71	0.00	2.35
500.00	0.00	2.36
837.21	0.00	2.36
264.71	0.00	4.30
500.00	0.00	1.20
836.03	0.14	1.26
264.71	0.00	4.69
499.55	0.09	3.16
837.21	0.00	1.72
264.71	0.00	1.92
500.00	0.00	2.42
837.21	0.00	1.72
264.71	0.00	2.52
500.00	0.00	2.93
837.21	0.00	3.28
264.50	0.08	4.88
499.30	0.14	1.83
837.21	0.00	2.70
264.71	0.00	0.90
500.00	0.00	2.01
836.32	0.11	3.32
264.71	0.00	3.76
500.00	0.00	2.11
837.21	0.00	2.61
264.71	0.00	3.32
500.00	0.00	0.45
836.03	0.14	1.60
264.71	0.00	2.01
500.00	0.00	1.89
837.21	0.00	3.26
264.71	0.00	3.27
500.00	0.00	2.75
836.03	0.14	1.09
264.28	0.16	1.30
499.55	0.09	1.23
836.32	0.11	2.76
264.71	0.00	1.19
500.00	0.00	1.14
837.21	0.00	1.60
264.71	0.00	2.79
500.00	0.00	1.62
837.21	0.00	1.13
264.71	0.00	3.30
500.00	0.00	2.81
837.21	0.00	1.66
264.71	0.00	1.78
500.00	0.00	2.07
837.21	0.00	0.46
263.91	0.30	2.47
500.00	0.00	1.05
835.30	0.23	1.85
264.71	0.00	2.99
500.00	0.00	2.62
837.21	0.00	2.83
264.43	0.11	3.47
500.00	0.00	0.77
836.32	0.11	0.68
264.71	0.00	2.34
499.55	0.09	0.83
837.21	0.00	2.22
264.47	0.09	4.26
500.00	0.00	2.70
837.21	0.00	2.83
264.71	0.00	0.77
500.00	0.00	1.85
837.21	0.00	2.08
264.71	0.00	1.23
500.00	0.00	2.27
837.21	0.00	2.56
264.71	0.00	1.74
500.00	0.00	1.28
835.28	0.23	3.18
264.33	0.14	2.30
500.00	0.00	1.32
837.21	0.00	1.56
264.71	0.00	3.47
499.61	0.08	0.73
837.21	0.00	1.02
264.43	0.11	1.67
500.00	0.00	1.19
837.21	0.00	0.58
264.71	0.00	3.66
500.00	0.00	2.00
837.21	0.00	1.99
264.47	0.09	2.95
500.00	0.00	2.51
837.21	0.00	2.52
264.71	0.00	1.66
500.00	0.00	1.68
837.21	0.00	2.98
264.71	0.00	1.79
500.00	0.00	2.12
836.45	0.09	0.75
264.71	0.00	0.69
500.00	0.00	1.04
837.21	0.00	1.79
264.71	0.00	1.21
500.00	0.00	2.61
837.21	0.00	2.84
264.43	0.11	1.96
500.00	0.00	2.16
837.21	0.00	1.70
264.71	0.00	0.69
499.61	0.08	2.74
834.68	0.30	3.10
264.71	0.00	2.65
500.00	0.00	1.58
837.21	0.00	1.27
264.43	0.11	2.34
500.00	0.00	0.80
837.21	0.00	1.95
264.33	0.14	1.20
500.00	0.00	0.56
837.21	0.00	2.45
264.71	0.00	2.97
500.00	0.00	1.28
837.21	0.00	2.87
264.71	0.00	1.39
499.30	0.14	2.47
837.21	0.00	2.12
264.71	0.00	1.90
500.00	0.00	2.90
837.21	0.00	2.71
264.71	0.00	2.47
499.30	0.14	1.86
836.45	0.09	1.61
264.71	0.00	3.82
500.00	0.00	2.40
837.21	0.00	2.23
264.71	0.00	1.29
500.00	0.00	1.26
836.56	0.08	2.76
264.71	0.00	4.37
500.00	0.00	3.83
837.21	0.00	3.18
264.71	0.00	0.99
499.47	0.11	1.67
837.21	0.00	0.57
264.71	0.00	0.64
500.00	0.00	1.57
836.45	0.09	1.13
264.71	0.00	2.47
500.00	0.00	2.87
837.21	0.00	1.61
264.71	0.00	3.08
499.20	0.16	0.72
836.32	0.11	0.62
264.71	0.00	0.99
500.00	0.00	1.90
837.21	0.00	2.26
264.71	0.00	3.63
500.00	0.00	1.19
837.21	0.00	1.12
264.71	0.00	0.73
498.60	0.28	2.17
837.21	0.00	3.15
264.71	0.00	2.55
500.00	0.00	0.71
837.21	0.00	1.02
264.71	0.00	2.70
500.00	0.00	3.39
837.21	0.00	2.59
264.71	0.00	1.83
500.00	0.00	2.12
836.32	0.11	1.63
264.05	0.25	2.31
499.30	0.14	1.16
837.21	0.00	2.01
264.71	0.00	3.71
500.00	0.00	1.64
837.21	0.00	1.00
264.71	0.00	2.81
500.00	0.00	1.78
837.21	0.00	1.63
264.71	0.00	0.72
500.00	0.00	2.95
837.21	0.00	3.30
264.33	0.14	1.31
500.00	0.00	1.20
835.44	0.21	2.72
264.47	0.09	2.00
500.00	0.00	1.39
837.21	0.00	1.27
264.71	0.00	2.60
500.00	0.00	3.25
837.21	0.00	2.81
264.71	0.00	4.12
498.50	0.30	2.70
837.21	0.00	1.54
264.71	0.00	1.79
500.00	0.00	0.51
836.19	0.12	0.71
264.47	0.09	3.09
500.00	0.00	2.07
837.21	0.00	0.52
264.33	0.14	1.16
500.00	0.00	1.46
837.21	0.00	1.79
264.71	0.00	2.58
500.00	0.00	0.68
837.21	0.00	1.57
264.71	0.00	0.79
500.00	0.00	1.15
837.21	0.00	2.47
264.71	0.00	1.23
500.00	0.00	2.99
837.21	0.00	1.97
264.71	0.00	2.39
500.00	0.00	2.24
837.21	0.00	2.11
264.71	0.00	2.94
499.09	0.18	2.86
837.21	0.00	1.16
264.71	0.00	1.72
500.00	0.00	4.19
837.21	0.00	2.37
264.71	0.00	2.46
500.00	0.00	1.70
837.21	0.00	1.58
264.71	0.00	1.09
499.55	0.09	2.30
837.21	0.00	2.13
264.71	0.00	1.20
500.00	0.00	0.73
837.21	0.00	2.07
264.71	0.00	4.35
500.00	0.00	2.50
836.32	0.11	0.88
264.71	0.00	4.83
500.00	0.00	2.92
837.21	0.00	2.13
264.71	0.00	5.44
500.00	0.00	3.46
837.21	0.00	3.36
264.71	0.00	1.69
499.47	0.11	0.68
837.21	0.00	0.59
264.71	0.00	0.71
500.00	0.00	1.13
837.21	0.00	1.01
264.71	0.00	2.24
500.00	0.00	2.33
836.32	0.11	1.57
264.71	0.00	1.60
500.00	0.00	1.14
837.21	0.00	0.56
264.71	0.00	0.62
499.30	0.14	1.62
837.21	0.00	1.63
264.71	0.00	1.06
500.00	0.00	2.87
837.21	0.00	1.46
264.71	0.00	1.92
500.00	0.00	2.18
837.21	0.00	1.73
264.43	0.11	2.31
500.00	0.00	2.59
837.21	0.00	2.18
264.71	0.00	1.23
500.00	0.00	3.11
837.21	0.00	0.60
264.71	0.00	1.22
500.00	0.00	1.54
837.21	0.00	1.53
264.71	0.00	2.21
500.00	0.00	2.76
837.21	0.00	1.01
264.71	0.00	1.47
500.00	0.00	1.25
837.21	0.00	2.70
264.33	0.14	2.56
500.00	0.00	1.85
836.32	0.11	1.83
264.43	0.11	1.32
500.00	0.00	2.31
837.21	0.00	2.19
264.71	0.00	3.28
500.00	0.00	2.81
837.21	0.00	2.62
264.71	0.00	3.46
500.00	0.00	1.59
837.21	0.00	0.57
264.43	0.11	2.63
500.00	0.00	1.81
837.21	0.00	2.09
264.71	0.00	2.66
500.00	0.00	4.09
837.21	0.00	3.97
264.71	0.00	2.12
500.00	0.00	2.17
836.19	0.12	1.96
264.47	0.09	2.72
500.00	0.00	3.95
835.28	0.23	2.62
264.71	0.00	0.77
499.47	0.11	3.27
837.21	0.00	1.01
264.09	0.23	2.25
500.00	0.00	2.85
837.21	0.00	1.98
264.00	0.27	3.00
500.00	0.00	4.23
836.32	0.11	2.63
264.71	0.00	3.52
500.00	0.00	0.77
837.21	0.00	3.06
264.71	0.00	2.34
500.00	0.00	2.42
836.03	0.14	2.27
264.71	0.00	1.16
498.81	0.24	3.12
837.21	0.00	1.23
264.71	0.00	3.12
500.00	0.00	1.77
837.21	0.00	3.54
264.71	0.00	2.09
500.00	0.00	1.73
837.21	0.00	0.56
264.71	0.00	3.23
500.00	0.00	2.99
837.21	0.00	2.12
264.71	0.00	1.53
500.00	0.00	0.75
837.21	0.00	2.58
264.43	0.11	2.26
500.00	0.00	1.36
837.21	0.00	1.61
264.71	0.00	1.15
500.00	0.00	1.72
837.21	0.00	1.05
264.71	0.00	2.50
500.00	0.00	2.87
837.21	0.00	1.99
264.71	0.00	3.64
500.00	0.00	3.22
837.21	0.00	3.85
264.71	0.00	1.29
500.00	0.00	1.23
837.21	0.00	2.62
264.71	0.00	4.38
500.00	0.00	1.72
837.21	0.00	1.51
264.71	0.00	3.96
500.00	0.00	2.19
837.21	0.00	2.70
264.43	0.11	4.72
500.00	0.00	1.40
837.21	0.00	4.38
264.71	0.00	4.22
500.00	0.00	2.59
837.21	0.00	3.21
264.71	0.00	2.65
500.00	0.00	1.64
837.21	0.00	1.99
264.71	0.00	1.00
500.00	0.00	1.03
837.21	0.00	1.03
264.71	0.00	3.99
499.55	0.09	2.16
837.21	0.00	2.46
264.43	0.11	1.73
499.55	0.09	1.73
837.21	0.00	0.50
264.43	0.11	2.30
500.00	0.00	2.18
837.21	0.00	1.00
264.71	0.00	2.91
500.00	0.00	1.11
837.21	0.00	2.03
264.71	0.00	1.60
500.00	0.00	0.53
835.87	0.16	0.67
264.71	0.00	0.59
500.00	0.00	1.52
835.01	0.26	1.72
264.71	0.00	1.08
500.00	0.00	2.03
837.21	0.00	1.12
264.71	0.00	2.07
500.00	0.00	1.69
837.21	0.00	0.57
264.71	0.00	0.99
500.00	0.00	2.79
837.21	0.00	1.03
264.71	0.00	1.50
500.00	0.00	1.01
837.21	0.00	2.65
264.71	0.00	1.63
500.00	0.00	2.08
837.21	0.00	2.60
264.71	0.00	1.29
500.00	0.00	2.10
837.21	0.00	1.53
264.71	0.00	2.24
500.00	0.00	2.55
837.21	0.00	1.03
264.71	0.00	2.00
499.47	0.11	2.28
837.21	0.00	1.03
264.50	0.08	2.59
499.47	0.11	2.91
836.45	0.09	2.49
264.71	0.00	1.14
500.00	0.00	1.59
835.43	0.21	2.51
264.71	0.00	1.73
500.00	0.00	1.31
837.21	0.00	1.91
264.71	0.00	2.22
500.00	0.00	0.61
837.21	0.00	2.37
264.71	0.00	2.25
499.39	0.12	0.78
837.21	0.00	1.42
264.71	0.00	1.63
500.00	0.00	2.01
837.21	0.00	0.55
264.71	0.00	3.07
500.00	0.00	2.57
837.21	0.00	1.02
264.71	0.00	3.68
500.00	0.00	1.49
837.21	0.00	1.81
264.71	0.00	2.52
500.00	0.00	0.80
837.21	0.00	1.69
264.71	0.00	5.10
500.00	0.00	4.24
837.21	0.00	3.37
264.71	0.00	1.83
500.00	0.00	1.75
837.21	0.00	3.92
264.50	0.08	2.40
500.00	0.00	1.81
836.19	0.12	1.79
264.71	0.00	2.86
500.00	0.00	2.18
837.21	0.00	1.13
264.71	0.00	1.69
500.00	0.00	2.76
835.43	0.21	2.43
264.50	0.08	3.26
500.00	0.00	3.70
836.32	0.11	2.32
264.71	0.00	3.34
500.00	0.00	1.23
837.21	0.00	2.75
264.43	0.11	1.86
500.00	0.00	4.19
837.21	0.00	3.26
264.71	0.00	1.84
500.00	0.00	2.15
837.21	0.00	0.59
264.71	0.00	2.29
500.00	0.00	1.10
837.21	0.00	3.05
264.71	0.00	3.60
500.00	0.00	1.58
837.21	0.00	2.58
264.71	0.00	2.34
500.00	0.00	3.85
837.21	0.00	3.64
264.71	0.00	1.20
500.00	0.00	2.42
837.21	0.00	2.58
264.71	0.00	3.01
500.00	0.00	1.36
837.21	0.00	3.16
264.71	0.00	2.23
500.00	0.00	1.61
837.21	0.00	1.63
264.33	0.14	2.96
499.30	0.14	2.24
837.21	0.00	2.82
264.71	0.00	4.07
500.00	0.00	3.50
837.21	0.00	1.70
264.71	0.00	2.15
500.00	0.00	1.88
836.32	0.11	1.85
264.71	0.00	3.98
500.00	0.00	2.87
837.21	0.00	0.65
264.43	0.11	3.30
499.55	0.09	2.41
837.21	0.00	1.13
264.71	0.00	2.33
500.00	0.00	1.44
837.21	0.00	1.94
264.71	0.00	4.49
500.00	0.00	1.46
837.21	0.00	2.44
264.47	0.09	1.70
500.00	0.00	0.52
837.21	0.00	2.91
264.71	0.00	2.53
500.00	0.00	2.95
837.21	0.00	2.02
264.71	0.00	3.40
498.69	0.26	2.49
837.21	0.00	3.34
264.71	0.00	1.27
500.00	0.00	4.24
837.21	0.00	1.48
264.71	0.00	1.79
500.00	0.00	2.35
836.32	0.11	0.68
264.71	0.00	1.08
500.00	0.00	0.61
837.21	0.00	2.26
264.71	0.00	2.36
499.55	0.09	2.90
836.19	0.12	1.70
264.19	0.20	2.41
500.00	0.00	1.69
837.21	0.00	0.62
264.71	0.00	3.22
500.00	0.00	1.11
837.21	0.00	1.07
264.38	0.12	1.42
500.00	0.00	2.79
836.45	0.09	1.62
264.47	0.09	3.01
500.00	0.00	1.30
837.21	0.00	2.53
264.71	0.00	2.53
500.00	0.00	0.62
837.21	0.00	2.40
264.71	0.00	1.63
500.00	0.00	1.15
837.21	0.00	1.42
264.71	0.00	2.41
500.00	0.00	2.20
837.21	0.00	1.98
264.28	0.16	1.42
500.00	0.00	1.14
837.21	0.00	2.48
264.71	0.00	1.75
500.00	0.00	1.63
837.21	0.00	2.97
264.01	0.26	2.62
500.00	0.00	3.54
837.21	0.00	0.67
264.71	0.00	5.10
500.00	0.00	1.64
837.21	0.00	2.27
264.71	0.00	4.44
499.30	0.14	1.30
837.21	0.00	2.73
264.71	0.00	2.01
500.00	0.00	3.69
837.21	0.00	1.87
264.71	0.00	2.66
500.00	0.00	2.58
837.21	0.00	1.15
264.28	0.16	1.04
499.02	0.20	4.19
837.21	0.00	2.86
264.71	0.00	3.62
500.00	0.00	0.60
837.21	0.00	0.54
264.43	0.11	2.10
500.00	0.00	1.94
836.45	0.09	1.68
264.71	0.00	2.40
500.00	0.00	0.63
837.21	0.00	2.13
264.71	0.00	1.19
500.00	0.00	1.73
837.21	0.00	1.73
264.71	0.00	2.21
499.47	0.11	2.40
836.19	0.12	0.70
264.71	0.00	3.67
499.47	0.11	1.72
836.19	0.12	2.22
264.71	0.00	2.23
500.00	0.00	2.29
837.21	0.00	1.64
264.71	0.00	1.20
500.00	0.00	1.84
837.21	0.00	2.09
264.47	0.09	2.89
500.00	0.00	2.73
837.21	0.00	2.39
264.71	0.00	1.70
500.00	0.00	3.66
837.21	0.00	2.21
264.71	0.00	3.24
500.00	0.00	2.59
836.19	0.12	1.17
264.71	0.00	1.04
500.00	0.00	3.20
837.21	0.00	2.76
264.71	0.00	4.14
499.09	0.18	3.97
837.21	0.00	2.42
264.43	0.11	4.86
500.00	0.00	5.19
837.21	0.00	4.46
264.71	0.00	1.80
500.00	0.00	3.16
837.21	0.00	3.32
264.71	0.00	3.68
500.00	0.00	1.81
837.21	0.00	2.02
264.71	0.00	1.18
500.00	0.00	3.55
837.21	0.00	3.21
264.43	0.11	3.21
500.00	0.00	1.21
837.21	0.00	1.03
264.71	0.00	1.68
500.00	0.00	1.78
837.21	0.00	1.15
264.71	0.00	1.43
499.47	0.11	1.19
836.32	0.11	1.09
264.71	0.00	2.05
500.00	0.00	1.80
837.21	0.00	2.19
264.71	0.00	2.50
500.00	0.00	2.21
837.21	0.00	2.23
264.71	0.00	0.79
500.00	0.00	1.80
836.32	0.11	1.75
264.71	0.00	2.19
500.00	0.00	2.65
836.03	0.14	1.17
264.71	0.00	2.62
500.00	0.00	1.57
837.21	0.00	1.50
264.71	0.00	2.09
499.47	0.11	0.71
837.21	0.00	0.97
264.33	0.14	0.80
500.00	0.00	2.06
836.03	0.14	1.21
264.71	0.00	2.64
500.00	0.00	1.89
837.21	0.00	2.69
264.71	0.00	1.09
499.61	0.08	0.73
836.45	0.09	1.10
264.43	0.11	2.56
500.00	0.00	1.27
837.21	0.00	1.56
264.47	0.09	1.99
500.00	0.00	2.26
837.21	0.00	3.63
264.71	0.00	2.46
500.00	0.00	1.27
837.21	0.00	3.05
264.05	0.25	2.96
500.00	0.00	1.66
837.21	0.00	0.59
264.71	0.00	3.28
500.00	0.00	2.58
837.21	0.00	1.25
264.71	0.00	2.11
499.47	0.11	0.76
836.32	0.11	2.22
264.71	0.00	4.06
500.00	0.00	1.21
836.32	0.11	2.78
264.71	0.00	3.78
500.00	0.00	3.15
837.21	0.00	3.14
264.50	0.08	3.10
500.00	0.00	1.12
837.21	0.00	3.63
264.71	0.00	1.84
499.47	0.11	2.61
837.21	0.00	2.68
264.71	0.00	1.81
500.00	0.00	3.13
837.21	0.00	3.27
264.71	0.00	1.18
500.00	0.00	1.18
837.21	0.00	2.11
264.71	0.00	2.55
499.47	0.11	1.77
837.21	0.00	2.60
264.71	0.00	1.34
500.00	0.00	2.75
836.32	0.11	0.67
264.19	0.20	2.09
500.00	0.00	2.21
837.21	0.00	2.71
264.71	0.00	2.73
500.00	0.00	1.27
837.21	0.00	2.23
264.71	0.00	0.60
500.00	0.00	1.60
837.21	0.00	0.53
264.71	0.00	1.11
500.00	0.00	2.18
837.21	0.00	0.99
264.71	0.00	1.57
500.00	0.00	1.89
837.21	0.00	2.59
264.71	0.00	3.13
500.00	0.00	2.58
836.32	0.11	2.09
264.71	0.00	1.45
500.00	0.00	0.75
837.21	0.00	3.62
264.71	0.00	2.63
500.00	0.00	2.38
837.21	0.00	3.06
264.33	0.14	1.97
499.55	0.09	2.35
837.21	0.00	1.60
264.71	0.00	1.30
500.00	0.00	2.92
837.21	0.00	2.15
264.71	0.00	3.41
499.39	0.12	1.80
837.21	0.00	2.72
264.71	0.00	3.42
500.00	0.00	2.21
837.21	0.00	0.67
264.71	0.00	4.33
500.00	0.00	1.12
837.21	0.00	1.84
264.71	0.00	3.80
500.00	0.00	2.77
837.21	0.00	2.39
264.71	0.00	4.35
500.00	0.00	2.32
837.21	0.00	2.23
264.71	0.00	1.46
498.91	0.22	3.47
837.21	0.00	3.96
264.71	0.00	4.78
500.00	0.00	4.44
837.21	0.00	5.17
264.71	0.00	0.54
500.00	0.00	2.88
836.32	0.11	0.74
264.71	0.00	3.04
500.00	0.00	2.73
836.45	0.09	1.81
264.71	0.00	3.63
499.02	0.20	3.57
837.21	0.00	2.99
264.71	0.00	3.61
500.00	0.00	2.33
837.21	0.00	1.76
264.71	0.00	4.24
499.09	0.18	3.06
837.21	0.00	3.79
264.71	0.00	2.44
500.00	0.00	1.78
837.21	0.00	3.27
264.43	0.11	1.85
500.00	0.00	2.95
837.21	0.00	1.34
264.71	0.00	3.69
500.00	0.00	3.30
837.21	0.00	3.08
264.71	0.00	4.22
500.00	0.00	2.36
837.21	0.00	0.64
264.43	0.11	2.50
500.00	0.00	2.12
837.21	0.00	3.40
264.47	0.09	3.37
500.00	0.00	1.15
837.21	0.00	2.18
264.71	0.00	1.78
500.00	0.00	3.38
835.11	0.25	2.82
264.71	0.00	1.69
500.00	0.00	0.52
837.21	0.00	0.60
264.71	0.00	1.09
499.09	0.18	2.26
837.21	0.00	1.12
264.71	0.00	2.46
500.00	0.00	2.83
837.21	0.00	1.67
264.71	0.00	2.02
500.00	0.00	1.72
837.21	0.00	0.62
264.71	0.00	1.03
500.00	0.00	2.23
837.21	0.00	1.09
264.43	0.11	2.80
500.00	0.00	2.74
837.21	0.00	2.78
264.71	0.00	1.13
500.00	0.00	1.40
837.21	0.00	1.48
264.71	0.00	1.62
500.00	0.00	0.92
837.21	0.00	1.61
264.71	0.00	2.22
500.00	0.00	2.46
837.21	0.00	1.02
264.71	0.00	3.83
500.00	0.00	2.44
837.21	0.00	3.85
264.47	0.09	2.20
499.20	0.16	1.32
837.21	0.00	2.52
264.71	0.00	1.00
500.00	0.00	4.60
837.21	0.00	2.06
264.71	0.00	2.65
500.00	0.00	1.72
837.21	0.00	1.57
264.47	0.09	1.91
500.00	0.00	2.21
837.21	0.00	2.72
264.71	0.00	3.71
500.00	0.00	0.59
837.21	0.00	2.22
264.05	0.25	1.95
500.00	0.00	1.73
837.21	0.00	0.56
263.91	0.30	2.52
499.55	0.09	2.16
837.21	0.00	1.05
264.71	0.00	1.19
500.00	0.00	1.07
837.21	0.00	0.61
264.71	0.00	0.61
500.00	0.00	0.86
837.21	0.00	2.11
264.71	0.00	2.40
500.00	0.00	1.91
836.19	0.12	2.70
264.71	0.00	3.83
500.00	0.00	1.27
837.21	0.00	3.07
264.71	0.00	2.21
500.00	0.00	2.22
837.21	0.00	2.16
264.71	0.00	2.60
500.00	0.00	2.82
837.21	0.00	1.10
264.28	0.16	1.49
500.00	0.00	3.29
837.21	0.00	3.39
264.47	0.09	3.28
500.00	0.00	1.97
837.21	0.00	1.25
264.71	0.00	2.66
500.00	0.00	0.98
837.21	0.00	0.61
264.71	0.00	3.12
500.00	0.00	3.13
837.21	0.00	0.63
264.43	0.11	1.69
500.00	0.00	1.33
836.45	0.09	1.65
264.71	0.00	3.22
500.00	0.00	1.67
837.21	0.00	1.10
264.71	0.00	2.71
500.00	0.00	1.13
837.21	0.00	1.58
264.71	0.00	1.60
500.00	0.00	0.54
837.21	0.00	0.48
264.71	0.00	0.59
500.00	0.00	1.00
837.21	0.00	0.94
264.71	0.00	2.10
500.00	0.00	1.06
837.21	0.00	1.40
264.71	0.00	1.99
500.00	0.00	2.13
837.21	0.00	1.52
264.71	0.00	2.20
499.47	0.11	1.67
837.21	0.00	2.51
264.71	0.00	2.73
500.00	0.00	1.06
837.21	0.00	1.60
264.71	0.00	1.56
500.00	0.00	1.94
837.21	0.00	2.98
264.71	0.00	1.70
500.00	0.00	1.51
836.32	0.11	1.04
264.71	0.00	1.19
499.30	0.14	0.85
837.21	0.00	3.49
264.71	0.00	3.52
500.00	0.00	2.15
836.32	0.11	2.16
264.71	0.00	1.11
500.00	0.00	2.66
837.21	0.00	2.60
264.50	0.08	3.77
500.00	0.00	1.59
837.21	0.00	1.54
264.71	0.00	3.53
499.47	0.11	2.20
835.57	0.20	2.02
264.71	0.00	4.26
500.00	0.00	2.78
837.21	0.00	1.25
264.47	0.09	3.46
500.00	0.00	3.28
837.21	0.00	1.67
264.71	0.00	1.95
499.47	0.11	0.70
837.21	0.00	2.21
264.71	0.00	0.97
500.00	0.00	1.82
837.21	0.00	0.57
264.71	0.00	3.22
500.00	0.00	1.74
836.45	0.09	1.12
264.38	0.12	0.87
500.00	0.00	3.39
837.21	0.00	0.58
264.71	0.00	1.62
500.00	0.00	2.68
836.45	0.09	1.88
264.10	0.23	2.15
499.47	0.11	1.65
835.28	0.23	2.53
264.71	0.00	1.62
500.00	0.00	1.22
837.21	0.00	1.72
264.43	0.11	1.70
499.30	0.14	1.16
835.01	0.26	1.82
264.71	0.00	1.08
500.00	0.00	2.24
836.32	0.11	1.21
264.71	0.00	4.89
500.00	0.00	1.95
837.21	0.00	2.04
264.71	0.00	2.46
500.00	0.00	1.94
837.21	0.00	2.57
264.71	0.00	4.35
500.00	0.00	2.54
837.21	0.00	3.73
264.71	0.00	2.58
500.00	0.00	2.17
837.21	0.00	3.13
264.71	0.00	3.65
499.55	0.09	0.89
837.21	0.00	4.15
264.71	0.00	3.34
500.00	0.00	1.44
837.21	0.00	2.52
264.71	0.00	1.62
500.00	0.00	0.47
837.21	0.00	0.55
264.71	0.00	1.02
500.00	0.00	2.26
837.21	0.00	1.57
264.71	0.00	2.18
499.47	0.11	1.80
837.21	0.00	1.01
264.71	0.00	1.53
500.00	0.00	3.11
837.21	0.00	0.58
264.71	0.00	2.76
500.00	0.00	1.04
835.01	0.26	1.86
264.43	0.11	2.33
499.30	0.14	1.93
837.21	0.00	0.64
264.71	0.00	2.43
500.00	0.00	2.26
837.21	0.00	1.28
264.71	0.00	2.90
500.00	0.00	2.75
837.21	0.00	2.73
264.71	0.00	1.68
500.00	0.00	3.30
835.44	0.21	3.41
264.71	0.00	1.88
500.00	0.00	1.60
837.21	0.00	1.93
264.28	0.16	1.20
499.55	0.09	1.61
837.21	0.00	3.04
264.71	0.00	3.41
500.00	0.00	1.01
837.21	0.00	1.42
264.71	0.00	1.76
500.00	0.00	1.76
836.19	0.12	1.92
264.71	0.00	2.34
500.00	0.00	2.28
836.45	0.09	1.29
264.71	0.00	3.70
500.00	0.00	2.80
837.21	0.00	1.20
264.71	0.00	2.81
500.00	0.00	0.53
837.21	0.00	1.23
264.71	0.00	2.14
500.00	0.00	2.03
837.21	0.00	2.24
264.71	0.00	1.14
500.00	0.00	2.67
837.21	0.00	1.03
264.71	0.00	3.42
500.00	0.00	0.55
837.21	0.00	0.62
264.71	0.00	4.77
499.55	0.09	3.39
837.21	0.00	2.22
264.71	0.00	1.69
500.00	0.00	2.76
837.21	0.00	2.76
264.71	0.00	2.36
500.00	0.00	3.29
837.21	0.00	1.64
264.43	0.11	2.06
499.47	0.11	2.85
836.45	0.09	2.34
264.71	0.00	2.60
500.00	0.00	1.62
837.21	0.00	2.21
264.71	0.00	1.30
500.00	0.00	2.16
837.21	0.00	2.31
264.71	0.00	0.81
500.00	0.00	2.80
836.32	0.11	1.15
264.71	0.00	2.48
499.30	0.14	1.63
837.21	0.00	0.50
264.71	0.00	2.39
499.47	0.11	3.01
836.45	0.09	1.88
264.71	0.00	1.14
500.00	0.00	2.62
837.21	0.00	3.05
264.14	0.21	3.21
500.00	0.00	1.55
836.45	0.09	1.28
264.71	0.00	2.22
500.00	0.00	0.67
837.21	0.00	1.63
264.43	0.11	1.22
500.00	0.00	0.58
837.21	0.00	2.04
264.71	0.00	2.78
500.00	0.00	1.17
836.32	0.11	1.10
264.71	0.00	2.47
500.00	0.00	3.43
837.21	0.00	1.76
264.71	0.00	3.00
500.00	0.00	1.21
837.21	0.00	2.84
264.71	0.00	1.80
500.00	0.00	4.76
836.19	0.12	2.38
264.71	0.00	3.31
500.00	0.00	3.20
837.21	0.00	3.57
264.71	0.00	1.48
500.00	0.00	2.56
837.21	0.00	3.62
264.71	0.00	2.83
499.30	0.14	1.43
837.21	0.00	3.04
264.71	0.00	1.91
500.00	0.00	1.37
837.21	0.00	1.60
264.71	0.00	1.12
500.00	0.00	1.84
837.21	0.00	2.05
264.10	0.23	2.77
500.00	0.00	2.33
837.21	0.00	2.54
264.71	0.00	3.26
499.55	0.09	3.04
837.21	0.00	0.63
264.71	0.00	0.99
500.00	0.00	1.09
836.03	0.14	1.20
264.71	0.00	2.67
500.00	0.00	1.59
837.21	0.00	1.69
264.71	0.00	1.64
500.00	0.00	0.58
837.21	0.00	0.53
264.71	0.00	1.21
499.55	0.09	1.14
836.45	0.09	1.08
264.71	0.00	2.20
499.39	0.12	1.80
837.21	0.00	1.54
264.71	0.00	3.35
500.00	0.00	0.71
834.85	0.28	2.34
264.71	0.00	3.38
500.00	0.00	2.42
837.21	0.00	2.86
264.28	0.16	1.50
500.00	0.00	2.84
837.21	0.00	2.85
264.50	0.08	2.14
500.00	0.00	1.94
837.21	0.00	3.29
264.71	0.00	1.85
500.00	0.00	2.44
835.44	0.21	2.72
264.71	0.00	2.76
500.00	0.00	0.59
837.21	0.00	1.57
264.71	0.00	1.74
500.00	0.00	3.45
836.32	0.11	2.10
264.71	0.00	0.74
499.39	0.12	0.65
837.21	0.00	1.79
264.71	0.00	3.05
500.00	0.00	2.37
837.21	0.00	1.14
264.71	0.00	2.37
500.00	0.00	3.60
836.45	0.09	2.04
264.71	0.00	1.25
500.00	0.00	4.06
837.21	0.00	0.66
264.71	0.00	1.70
500.00	0.00	3.00
835.69	0.18	2.63
264.71	0.00	2.00
500.00	0.00	3.27
837.21	0.00	1.83
264.71	0.00	3.21
500.00	0.00	3.77
836.32	0.11	0.84
264.33	0.14	0.78
500.00	0.00	1.56
837.21	0.00	2.98
264.71	0.00	3.27
500.00	0.00	1.80
837.21	0.00	0.66
264.71	0.00	2.20
500.00	0.00	2.88
837.21	0.00	1.05
264.71	0.00	2.79
500.00	0.00	1.55
836.45	0.09	2.30
264.00	0.27	2.09
500.00	0.00	2.71
836.19	0.12	1.82
264.71	0.00	1.76
500.00	0.00	3.57
837.21	0.00	1.20
264.71	0.00	1.34
500.00	0.00	3.09
836.03	0.14	1.32
264.71	0.00	1.86
500.00	0.00	2.39
835.15	0.25	2.44
264.71	0.00	3.85
500.00	0.00	1.29
836.03	0.14	1.26
264.19	0.20	4.65
500.00	0.00	3.13
837.21	0.00	3.61
264.71	0.00	2.00
500.00	0.00	1.96
837.21	0.00	0.66
264.71	0.00	3.94
500.00	0.00	3.67
837.21	0.00	3.35
264.71	0.00	4.09
500.00	0.00	3.08
837.21	0.00	2.73
264.71	0.00	2.19
499.20	0.16	0.63
837.21	0.00	0.67
264.71	0.00	1.02
500.00	0.00	3.47
837.21	0.00	1.08
264.47	0.09	2.69
499.02	0.20	2.37
837.21	0.00	1.14
264.71	0.00	0.84
500.00	0.00	2.02
837.21	0.00	0.66
264.47	0.09	1.22
500.00	0.00	3.76
837.21	0.00	1.78
264.71	0.00	1.72
500.00	0.00	3.01
837.21	0.00	2.86
264.71	0.00	2.16
500.00	0.00	2.42
836.45	0.09	1.83
264.71	0.00	2.60
500.00	0.00	1.20
836.03	0.14	2.33
264.71	0.00	2.46
500.00	0.00	2.97
837.21	0.00	3.53
264.71	0.00	2.21
500.00	0.00	1.70
837.21	0.00	1.74
264.71	0.00	2.74
500.00	0.00	2.21
836.03	0.14	0.67
264.71	0.00	3.34
500.00	0.00	4.02
837.21	0.00	2.96
264.71	0.00	2.65
500.00	0.00	2.29
837.21	0.00	3.25
264.71	0.00	1.88
500.00	0.00	1.15
837.21	0.00	2.76
264.71	0.00	3.38
500.00	0.00	2.93
836.19	0.12	1.59
264.71	0.00	2.16
500.00	0.00	2.08
836.32	0.11	0.77
264.71	0.00	3.65
500.00	0.00	2.62
837.21	0.00	1.23
264.71	0.00	1.82
500.00	0.00	3.17
836.32	0.11	1.78
264.71	0.00	1.87
500.00	0.00	0.52
837.21	0.00	0.54
264.71	0.00	1.60
500.00	0.00	1.57
836.19	0.12	1.20
264.71	0.00	1.50
499.47	0.11	1.54
837.21	0.00	1.00
264.71	0.00	2.18
500.00	0.00	3.02
836.19	0.12	2.26
264.71	0.00	3.53
500.00	0.00	1.18
837.21	0.00	1.20
264.71	0.00	3.31
500.00	0.00	1.63
837.21	0.00	2.81
264.71	0.00	2.20
500.00	0.00	3.37
837.21	0.00	1.13
264.71	0.00	2.72
500.00	0.00	2.71
836.32	0.11	2.46
264.71	0.00	1.57
499.30	0.14	1.67
837.21	0.00	1.14
264.71	0.00	3.25
500.00	0.00	1.72
837.21	0.00	2.78
264.71	0.00	1.13
500.00	0.00	1.10
835.28	0.23	2.26
264.43	0.11	1.74
500.00	0.00	2.37
836.32	0.11	0.68
264.71	0.00	1.66
500.00	0.00	0.70
837.21	0.00	2.61
264.71	0.00	1.96
499.61	0.08	3.69
837.21	0.00	2.14
264.71	0.00	2.44
500.00	0.00	3.13
837.21	0.00	3.10
264.71	0.00	3.24
500.00	0.00	0.83
837.21	0.00	3.53
264.71	0.00	1.19
499.47	0.11	2.05
837.21	0.00	2.52
264.71	0.00	2.88
500.00	0.00	2.66
837.21	0.00	3.00
264.71	0.00	3.37
500.00	0.00	2.26
835.87	0.16	2.26
264.71	0.00	2.32
500.00	0.00	1.19
836.56	0.08	1.15
264.71	0.00	2.87
500.00	0.00	1.67
837.21	0.00	2.81
264.71	0.00	1.36
500.00	0.00	1.73
836.32	0.11	2.58
264.43	0.11	0.58
500.00	0.00	2.16
837.21	0.00	0.47
264.71	0.00	1.78
500.00	0.00	0.60
837.21	0.00	2.56
264.71	0.00	4.18
500.00	0.00	3.79
835.30	0.23	2.64
264.43	0.11	3.26
500.00	0.00	4.41
837.21	0.00	3.04
264.71	0.00	3.52
500.00	0.00	3.60
837.21	0.00	3.49
264.71	0.00	1.92
500.00	0.00	2.05
837.21	0.00	0.57
264.71	0.00	2.22
500.00	0.00	1.11
837.21	0.00	2.12
264.71	0.00	2.74
500.00	0.00	2.64
837.21	0.00	2.64
264.71	0.00	0.62
500.00	0.00	2.35
837.21	0.00	3.96
264.33	0.14	1.25
500.00	0.00	2.83
836.32	0.11	2.10
264.71	0.00	2.78
500.00	0.00	1.65
836.32	0.11	2.74
264.71	0.00	3.33
500.00	0.00	2.20
837.21	0.00	1.66
264.71	0.00	2.34
500.00	0.00	1.17
837.21	0.00	1.20
264.71	0.00	4.12
500.00	0.00	2.80
837.21	0.00	2.81
264.71	0.00	2.83
499.47	0.11	1.98
837.21	0.00	2.52
264.71	0.00	2.20
500.00	0.00	0.63
837.21	0.00	1.02
264.33	0.14	1.62
499.47	0.11	1.27
837.21	0.00	3.03
264.71	0.00	2.25
499.47	0.11	2.99
837.21	0.00	0.67
264.71	0.00	2.79
500.00	0.00	2.78
837.21	0.00	1.77
264.71	0.00	3.34
499.55	0.09	1.65
837.21	0.00	2.76
264.71	0.00	2.29
500.00	0.00	2.85
837.21	0.00	0.57
263.96	0.28	2.93
500.00	0.00	1.00
837.21	0.00	0.62
264.22	0.18	3.85
500.00	0.00	2.63
835.44	0.21	1.96
264.71	0.00	0.73
500.00	0.00	0.65
835.57	0.20	2.21
264.71	0.00	1.19
500.00	0.00	1.11
837.21	0.00	2.68
264.14	0.21	2.72
500.00	0.00	2.39
836.32	0.11	3.51
264.43	0.11	3.14
500.00	0.00	1.93
837.21	0.00	1.69
264.15	0.21	4.29
500.00	0.00	0.67
837.21	0.00	2.15
264.71	0.00	3.66
500.00	0.00	2.43
837.21	0.00	2.67
264.71	0.00	2.23
500.00	0.00	1.18
837.21	0.00	1.48
264.71	0.00	1.12
500.00	0.00	1.81
837.21	0.00	2.01
264.71	0.00	1.57
500.00	0.00	1.11
837.21	0.00	3.06
264.71	0.00	1.71
500.00	0.00	2.18
837.21	0.00	1.39
264.71	0.00	3.07
500.00	0.00	2.60
837.21	0.00	1.07
264.71	0.00	2.43
500.00	0.00	2.92
837.21	0.00	2.83
264.71	0.00	2.02
499.55	0.09	2.58
837.21	0.00	2.05
264.71	0.00	1.23
500.00	0.00	1.12
837.21	0.00	2.54
264.71	0.00	4.00
500.00	0.00	3.26
837.21	0.00	3.05
264.33	0.14	2.40
500.00	0.00	2.01
837.21	0.00	1.58
264.43	0.11	1.24
500.00	0.00	1.17
837.21	0.00	2.07
264.71	0.00	3.11
499.47	0.11	1.77
837.21	0.00	3.22
264.71	0.00	1.85
500.00	0.00	3.75
837.21	0.00	2.36
264.43	0.11	2.36
499.47	0.11	2.76
837.21	0.00	1.15
264.71	0.00	1.29
499.47	0.11	3.26
836.03	0.14	1.71
264.71	0.00	2.64
500.00	0.00	2.52
837.21	0.00	3.40
264.71	0.00	2.96
500.00	0.00	0.83
837.21	0.00	2.40
264.71	0.00	3.43
499.47	0.11	1.06
837.21	0.00	3.99
264.71	0.00	3.16
498.85	0.23	2.53
837.21	0.00	1.99
264.71	0.00	2.02
500.00	0.00	2.09
837.21	0.00	2.82
264.71	0.00	2.54
500.00	0.00	2.77
836.45	0.09	3.40
264.71	0.00	1.91
499.30	0.14	0.80
837.21	0.00	1.62
264.47	0.09	2.33
499.47	0.11	1.37
837.21	0.00	2.08
264.71	0.00	2.85
500.00	0.00	2.85
837.21	0.00	3.34
264.71	0.00	0.69
500.00	0.00	1.81
835.68	0.18	2.99
264.71	0.00	1.21
500.00	0.00	3.14
836.45	0.09	2.32
264.71	0.00	3.37
500.00	0.00	2.84
837.21	0.00	1.06
264.71	0.00	1.31
500.00	0.00	2.35
837.21	0.00	2.63
264.71	0.00	2.43
500.00	0.00	1.04
836.56	0.08	2.16
264.71	0.00	1.71
500.00	0.00	1.52
837.21	0.00	1.04
264.71	0.00	2.10
500.00	0.00	3.24
837.21	0.00	1.06
264.71	0.00	2.61
500.00	0.00	2.73
837.21	0.00	3.19
264.33	0.14	1.79
500.00	0.00	1.56
836.32	0.11	2.62
264.71	0.00	2.13
500.00	0.00	1.41
836.19	0.12	1.72
264.71	0.00	1.17
500.00	0.00	2.16
837.21	0.00	1.98
264.71	0.00	1.63
499.55	0.09	2.73
837.21	0.00	2.47
264.71	0.00	1.99
500.00	0.00	3.48
837.21	0.00	0.58
264.71	0.00	0.68
500.00	0.00	1.13
837.21	0.00	2.13
264.71	0.00	2.80
500.00	0.00	2.85
837.21	0.00	3.27
264.33	0.14	3.09
500.00	0.00	3.07
837.21	0.00	2.09
264.71	0.00	2.60
500.00	0.00	2.56
837.21	0.00	3.85
264.71	0.00	1.71
500.00	0.00	0.50
837.21	0.00	1.53
264.71	0.00	3.91
500.00	0.00	1.63
837.21	0.00	3.40
264.43	0.11	3.82
500.00	0.00	3.41
837.21	0.00	1.10
264.71	0.00	4.72
500.00	0.00	4.07
837.21	0.00	3.61
264.71	0.00	1.96
500.00	0.00	3.23
837.21	0.00	2.23
264.71	0.00	0.92
500.00	0.00	3.55
836.45	0.09	2.00
264.15	0.21	2.74
500.00	0.00	2.49
837.21	0.00	2.77
264.71	0.00	1.93
500.00	0.00	2.13
837.21	0.00	1.60
264.47	0.09	2.53
500.00	0.00	3.36
837.21	0.00	2.06
264.71	0.00	1.30
500.00	0.00	1.57
837.21	0.00	3.20
264.71	0.00	3.41
500.00	0.00	0.57
837.21	0.00	1.55
264.04	0.25	2.32
500.00	0.00	1.56
837.21	0.00	2.05
264.71	0.00	2.83
500.00	0.00	2.40
836.32	0.11	1.36
264.71	0.00	2.28
500.00	0.00	1.87
837.21	0.00	2.73
264.71	0.00	2.77
500.00	0.00	1.22
837.21	0.00	3.09
264.71	0.00	4.21
500.00	0.00	2.39
837.21	0.00	2.19
264.71	0.00	1.65
500.00	0.00	2.59
837.21	0.00	1.68
264.71	0.00	1.93
500.00	0.00	1.55
837.21	0.00	0.66
264.71	0.00	3.16
500.00	0.00	3.81
837.21	0.00	2.22
264.71	0.00	1.59
500.00	0.00	2.01
837.21	0.00	1.76
264.71	0.00	2.23
500.00	0.00	3.25
836.45	0.09	1.16
264.71	0.00	0.79
500.00	0.00	1.53
837.21	0.00	0.57
264.71	0.00	1.57
498.67	0.27	2.59
837.21	0.00	2.99
264.71	0.00	4.65
500.00	0.00	3.08
837.21	0.00	3.53
264.71	0.00	5.21
498.50	0.30	3.73
837.21	0.00	0.68
264.71	0.00	2.02
500.00	0.00	1.46
837.21	0.00	1.61
264.71	0.00	3.88
500.00	0.00	1.84
837.21	0.00	2.16
264.71	0.00	3.10
500.00	0.00	1.19
837.21	0.00	2.57
264.33	0.14	0.93
500.00	0.00	3.12
836.32	0.11	2.13
264.71	0.00	0.99
500.00	0.00	2.49
837.21	0.00	2.60
264.71	0.00	2.39
500.00	0.00	0.85
837.21	0.00	3.78
264.71	0.00	3.48
500.00	0.00	2.60
837.21	0.00	1.69
264.71	0.00	2.31
500.00	0.00	0.66
837.21	0.00	2.32
264.71	0.00	2.82
500.00	0.00	2.34
836.32	0.11	2.61
264.71	0.00	3.58
500.00	0.00	2.13
837.21	0.00	2.22
264.71	0.00	4.05
500.00	0.00	2.50
837.21	0.00	2.63
264.71	0.00	4.69
500.00	0.00	1.34
837.21	0.00	3.10
264.71	0.00	2.20
500.00	0.00	1.91
837.21	0.00	0.67
264.71	0.00	1.89
500.00	0.00	3.52
837.21	0.00	1.83
264.71	0.00	1.58
500.00	0.00	4.04
837.21	0.00	1.59
264.71	0.00	2.34
500.00	0.00	3.74
837.21	0.00	3.33
264.71	0.00	1.15
500.00	0.00	1.11
837.21	0.00	0.62
264.71	0.00	2.85
500.00	0.00	2.38
837.21	0.00	2.17
264.71	0.00	2.02
500.00	0.00	0.52
836.32	0.11	0.62
264.71	0.00	1.06
500.00	0.00	2.00
837.21	0.00	1.09
264.71	0.00	1.51
500.00	0.00	1.47
836.45	0.09	1.66
264.15	0.21	2.23
500.00	0.00	2.50
836.19	0.12	2.26
264.71	0.00	1.44
499.30	0.14	1.39
835.30	0.23	2.87
264.33	0.14	1.44
500.00	0.00	1.87
837.21	0.00	3.38
264.38	0.12	1.94
500.00	0.00	1.69
836.03	0.14	1.61
264.71	0.00	3.14
500.00	0.00	2.18
837.21	0.00	2.12
264.71	0.00	1.25
500.00	0.00	1.58
837.21	0.00	1.00
264.71	0.00	3.09
500.00	0.00	3.09
837.21	0.00	2.05
264.71	0.00	1.03
500.00	0.00	2.47
836.45	0.09	2.69
264.43	0.11	2.83
500.00	0.00	2.68
837.21	0.00	3.15
264.43	0.11	2.40
500.00	0.00	3.45
836.03	0.14	0.89
264.71	0.00	2.98
500.00	0.00	2.75
837.21	0.00	3.26
264.71	0.00	3.64
500.00	0.00	1.60
837.21	0.00	1.68
264.71	0.00	3.22
500.00	0.00	2.07
837.21	0.00	0.64
264.71	0.00	4.33
500.00	0.00	2.62
837.21	0.00	2.90
264.71	0.00	4.72
500.00	0.00	1.51
837.21	0.00	0.61
264.28	0.16	2.35
500.00	0.00	3.89
836.19	0.12	2.42
264.47	0.09	3.35
499.55	0.09	2.64
837.21	0.00	2.82
264.71	0.00	2.64
500.00	0.00	1.62
836.45	0.09	3.30
264.71	0.00	2.68
500.00	0.00	1.43
837.21	0.00	1.92
264.71	0.00	2.03
500.00	0.00	1.13
837.21	0.00	2.90
264.71	0.00	2.74
500.00	0.00	0.77
837.21	0.00	2.44
264.71	0.00	2.01
500.00	0.00	2.14
837.21	0.00	2.23
264.71	0.00	0.89
500.00	0.00	2.68
837.21	0.00	1.11
264.43	0.11	1.42
500.00	0.00	3.20
836.32	0.11	1.67
264.71	0.00	1.31
500.00	0.00	1.49
836.03	0.14	0.61
264.71	0.00	0.54
500.00	0.00	0.70
837.21	0.00	1.99
264.71	0.00	0.45
500.00	0.00	0.93
837.21	0.00	2.50
264.71	0.00	1.23
500.00	0.00	2.46
837.21	0.00	0.49
264.71	0.00	1.77
498.94	0.21	1.39
837.21	0.00	0.97
264.71	0.00	0.62
500.00	0.00	1.97
837.21	0.00	1.52
264.71	0.00	2.84
500.00	0.00	2.31
836.45	0.09	2.19
264.71	0.00	2.63
500.00	0.00	3.05
837.21	0.00	3.37
264.71	0.00	1.38
500.00	0.00	1.66
837.21	0.00	1.60
264.43	0.11	2.35
500.00	0.00	2.13
837.21	0.00	1.19
264.71	0.00	3.83
500.00	0.00	1.65
835.57	0.20	2.34
264.71	0.00	1.63
500.00	0.00	2.26
836.45	0.09	2.75
264.71	0.00	1.74
500.00	0.00	1.99
836.45	0.09	2.20
264.71	0.00	2.95
500.00	0.00	3.99
837.21	0.00	3.75
264.71	0.00	2.36
500.00	0.00	1.32
837.21	0.00	3.26
264.71	0.00	3.95
499.30	0.14	0.88
837.21	0.00	4.27
264.71	0.00	4.63
498.75	0.25	2.92
837.21	0.00	3.27
264.71	0.00	3.08
499.55	0.09	2.62
837.21	0.00	3.76
263.91	0.30	3.76
500.00	0.00	1.42
837.21	0.00	1.67
264.71	0.00	2.97
500.00	0.00	2.65
837.21	0.00	0.59
264.71	0.00	1.68
500.00	0.00	2.02
836.45	0.09	2.88
264.71	0.00	1.65
499.55	0.09	1.75
837.21	0.00	2.21
264.71	0.00	2.21
499.55	0.09	2.35
836.32	0.11	1.69
264.43	0.11	1.68
500.00	0.00	1.21
837.21	0.00	1.11
264.28	0.16	2.19
500.00	0.00	2.21
837.21	0.00	2.30
264.71	0.00	3.70
500.00	0.00	2.80
836.45	0.09	1.23
264.33	0.14	1.58
500.00	0.00	3.30
837.21	0.00	1.69
264.47	0.09	2.39
500.00	0.00	2.26
837.21	0.00	1.63
264.19	0.20	2.81
500.00	0.00	1.12
837.21	0.00	2.21
264.43	0.11	1.88
499.20	0.16	1.73
836.45	0.09	1.62
264.71	0.00	2.70
500.00	0.00	0.66
837.21	0.00	2.81
264.71	0.00	0.81
500.00	0.00	2.24
835.57	0.20	2.22
264.71	0.00	1.27
500.00	0.00	3.46
836.32	0.11	1.13
264.71	0.00	2.35
500.00	0.00	0.49
836.19	0.12	0.61
264.71	0.00	0.57
500.00	0.00	1.54
836.45	0.09	1.55
264.71	0.00	2.13
500.00	0.00	1.31
837.21	0.00	2.61
264.47	0.09	1.39
499.30	0.14	1.80
837.21	0.00	1.37
264.71	0.00	2.58
500.00	0.00	3.40
837.21	0.00	2.42
264.71	0.00	1.23
500.00	0.00	2.75
836.03	0.14	1.17
264.71	0.00	2.13
500.00	0.00	2.68
837.21	0.00	2.05
264.71	0.00	2.64
500.00	0.00	0.65
837.21	0.00	1.68
264.71	0.00	2.77
500.00	0.00	2.18
837.21	0.00	1.53
264.71	0.00	2.51
499.55	0.09	3.12
836.56	0.08	1.72
264.71	0.00	1.22
500.00	0.00	2.51
835.57	0.20	3.46
264.71	0.00	2.74
500.00	0.00	1.20
837.21	0.00	2.76
264.71	0.00	3.94
500.00	0.00	3.16
837.21	0.00	2.18
263.87	0.32	4.65
500.00	0.00	2.51
837.21	0.00	1.11
264.71	0.00	1.20
500.00	0.00	2.48
837.21	0.00	3.37
264.71	0.00	2.31
500.00	0.00	0.54
837.21	0.00	2.69
264.71	0.00	2.83
500.00	0.00	1.03
837.21	0.00	3.12
264.71	0.00	1.84
500.00	0.00	2.98
837.21	0.00	1.61
264.71	0.00	3.65
500.00	0.00	3.86
837.21	0.00	2.23
264.71	0.00	2.10
500.00	0.00	2.75
837.21	0.00	2.19
264.71	0.00	1.62
500.00	0.00	4.03
837.21	0.00	3.44
264.47	0.09	1.95
499.55	0.09	1.91
837.21	0.00	2.68
264.47	0.09	3.39
500.00	0.00	0.63
837.21	0.00	0.57
264.33	0.14	0.83
500.00	0.00	1.12
836.45	0.09	2.15
264.71	0.00	1.75
500.00	0.00	1.58
835.57	0.20	1.83
264.71	0.00	2.27
500.00	0.00	3.11
836.03	0.14	0.67
264.71	0.00	1.15
500.00	0.00	2.55
837.21	0.00	1.19
264.71	0.00	1.95
500.00	0.00	0.64
837.21	0.00	2.61
264.71	0.00	0.74
499.47	0.11	1.21
837.21	0.00	3.13
264.71	0.00	2.51
499.09	0.18	2.86
837.21	0.00	2.52
264.71	0.00	0.69
500.00	0.00	1.87
837.21	0.00	1.76
264.71	0.00	0.73
499.61	0.08	2.82
837.21	0.00	2.90
264.10	0.23	2.44
500.00	0.00	3.54
836.32	0.11	1.21
264.71	0.00	3.18
500.00	0.00	3.53
837.21	0.00	1.27
264.71	0.00	2.41
500.00	0.00	1.17
837.21	0.00	2.92
264.47	0.09	2.90
500.00	0.00	2.22
837.21	0.00	1.73
264.23	0.18	2.18
500.00	0.00	2.08
836.45	0.09	2.27
264.71	0.00	1.31
500.00	0.00	2.59
837.21	0.00	1.13
264.71	0.00	2.89
500.00	0.00	3.94
837.21	0.00	1.59
264.71	0.00	4.03
499.55	0.09	2.63
837.21	0.00	3.02
264.71	0.00	4.58
500.00	0.00	1.28
837.21	0.00	0.71
264.71	0.00	5.14
499.30	0.14	1.80
836.45	0.09	2.42
264.71	0.00	1.92
500.00	0.00	1.49
837.21	0.00	0.53
264.71	0.00	1.16
500.00	0.00	0.65
837.21	0.00	3.24
264.01	0.26	2.71
500.00	0.00	1.93
835.28	0.23	2.74
264.71	0.00	2.94
500.00	0.00	0.62
836.19	0.12	0.70
264.71	0.00	1.08
500.00	0.00	2.28
837.21	0.00	2.40
264.71	0.00	2.39
500.00	0.00	2.81
837.21	0.00	1.17
264.71	0.00	2.67
499.30	0.14	1.77
837.21	0.00	1.58
264.71	0.00	1.73
500.00	0.00	1.19
837.21	0.00	2.04
264.50	0.08	3.45
499.30	0.14	0.72
837.21	0.00	2.07
264.71	0.00	1.58
499.55	0.09	1.59
836.19	0.12	1.25
264.71	0.00	0.59
500.00	0.00	1.04
837.21	0.00	0.57
264.71	0.00	1.05
500.00	0.00	2.69
837.21	0.00	1.03
264.71	0.00	3.80
499.55	0.09	3.02
837.21	0.00	1.72
264.71	0.00	2.00
499.30	0.14	1.23
837.21	0.00	1.24
264.43	0.11	2.85
500.00	0.00	3.47
837.21	0.00	2.21
264.71	0.00	2.67
500.00	0.00	2.65
836.32	0.11	2.16
264.71	0.00	1.24
500.00	0.00	0.85
837.21	0.00	2.66
264.71	0.00	2.60
500.00	0.00	1.30
835.11	0.25	3.28
264.38	0.12	0.63
500.00	0.00	1.58
837.21	0.00	1.50
264.43	0.11	1.24
500.00	0.00	1.05
837.21	0.00	1.00
264.71	0.00	1.70
500.00	0.00	1.09
837.21	0.00	1.00
264.71	0.00	3.04
499.47	0.11	2.30
837.21	0.00	2.09
264.71	0.00	2.43
500.00	0.00	2.43
837.21	0.00	1.05
264.71	0.00	1.33
500.00	0.00	3.69
837.21	0.00	2.65
264.71	0.00	2.13
500.00	0.00	2.00
837.21	0.00	3.39
264.71	0.00	3.44
500.00	0.00	2.50
837.21	0.00	4.49
264.71	0.00	2.68
500.00	0.00	4.13
835.30	0.23	2.83
264.71	0.00	1.77
500.00	0.00	1.43
836.45	0.09	2.03
264.71	0.00	1.10
500.00	0.00	2.02
837.21	0.00	1.55
264.71	0.00	1.14
500.00	0.00	1.79
837.21	0.00	2.50
264.71	0.00	2.50
500.00	0.00	2.32
837.21	0.00	1.65
264.47	0.09	1.43
499.55	0.09	2.06
837.21	0.00	2.16
264.71	0.00	1.78
500.00	0.00	3.61
837.21	0.00	2.72
264.33	0.14	0.72
500.00	0.00	0.57
837.21	0.00	0.61
264.71	0.00	3.22
498.60	0.28	2.34
837.21	0.00	1.06
264.71	0.00	1.12
500.00	0.00	2.83
836.45	0.09	2.36
264.71	0.00	2.34
500.00	0.00	2.04
837.21	0.00	1.76
264.71	0.00	2.56
500.00	0.00	4.78
837.21	0.00	3.39
264.71	0.00	4.19
499.55	0.09	2.53
837.21	0.00	3.89
264.43	0.11	1.92
500.00	0.00	1.82
837.21	0.00	1.34
264.71	0.00	1.13
498.42	0.32	3.29
836.45	0.09	1.80
264.71	0.00	4.11
500.00	0.00	1.23
837.21	0.00	2.27
264.71	0.00	2.52
500.00	0.00	1.84
837.21	0.00	1.94
264.71	0.00	1.24
500.00	0.00	0.62
837.21	0.00	2.44
264.71	0.00	1.71
500.00	0.00	2.37
837.21	0.00	3.50
264.71	0.00	1.03
500.00	0.00	0.48
837.21	0.00	0.50
264.71	0.00	0.54
500.00	0.00	1.08
837.21	0.00	1.46
264.71	0.00	1.68
500.00	0.00	0.94
837.21	0.00	0.96
264.71	0.00	3.39
500.00	0.00	1.38
836.32	0.11	1.94
264.71	0.00	3.61
500.00	0.00	1.61
834.56	0.32	3.26
264.71	0.00	1.58
499.55	0.09	2.92
836.03	0.14	1.26
264.71	0.00	1.87
499.30	0.14	2.28
837.21	0.00	1.98
264.71	0.00	2.55
499.47	0.11	0.86
837.21	0.00	3.58
264.33	0.14	1.51
499.61	0.08	2.91
837.21	0.00	4.10
264.71	0.00	1.79
500.00	0.00	3.21
837.21	0.00	2.84
264.71	0.00	0.81
500.00	0.00	3.76
836.03	0.14	2.23
264.71	0.00	1.19
500.00	0.00	1.52
837.21	0.00	1.10
264.71	0.00	2.58
500.00	0.00	3.15
837.21	0.00	1.71
264.71	0.00	1.17
500.00	0.00	1.18
837.21	0.00	0.52
264.71	0.00	1.56
500.00	0.00	2.60
837.21	0.00	2.23
264.71	0.00	2.73
500.00	0.00	0.88
837.21	0.00	3.50
264.71	0.00	3.20
500.00	0.00	1.35
837.21	0.00	2.96
264.43	0.11	2.08
500.00	0.00	2.52
837.21	0.00	4.03
264.71	0.00	4.00
499.30	0.14	0.96
837.21	0.00	3.65
264.71	0.00	3.07
500.00	0.00	2.73
837.21	0.00	2.62
264.71	0.00	1.92
500.00	0.00	3.03
837.21	0.00	4.24
264.71	0.00	1.95
500.00	0.00	2.14
837.21	0.00	2.79
264.47	0.09	2.45
500.00	0.00	3.84
837.21	0.00	2.24
264.71	0.00	3.20
500.00	0.00	3.23
837.21	0.00	1.15
264.71	0.00	2.04
500.00	0.00	1.68
837.21	0.00	1.09
264.71	0.00	1.01
499.20	0.16	1.12
837.21	0.00	0.60
264.71	0.00	1.52
500.00	0.00	1.26
837.21	0.00	1.59
264.43	0.11	2.55
499.47	0.11	2.24
837.21	0.00	2.17
264.71	0.00	3.20
500.00	0.00	1.32
835.01	0.26	2.71
264.71	0.00	1.88
499.47	0.11	1.42
837.21	0.00	3.19
264.71	0.00	1.95
499.47	0.11	0.77
836.32	0.11	1.69
264.71	0.00	3.81
500.00	0.00	1.88
837.21	0.00	3.34
264.43	0.11	1.30
500.00	0.00	1.36
837.21	0.00	1.07
264.71	0.00	5.12
500.00	0.00	3.72
837.21	0.00	2.39
264.71	0.00	4.64
500.00	0.00	2.75
837.21	0.00	2.98
264.33	0.14	3.18
500.00	0.00	4.46
835.57	0.20	3.42
264.71	0.00	2.95
499.20	0.16	1.69
835.57	0.20	2.13
264.71	0.00	1.82
500.00	0.00	1.80
837.21	0.00	1.59
264.71	0.00	2.35
500.00	0.00	1.18
837.21	0.00	3.24
264.47	0.09	2.41
500.00	0.00	1.60
837.21	0.00	1.48
264.71	0.00	1.08
500.00	0.00	2.15
837.21	0.00	0.97
264.71	0.00	0.51
500.00	0.00	1.19
837.21	0.00	2.06
264.71	0.00	3.16
499.02	0.20	3.34
836.56	0.08	2.84
264.71	0.00	0.74
500.00	0.00	1.23
837.21	0.00	1.10
264.71	0.00	3.61
499.55	0.09	1.99
837.21	0.00	1.52
264.71	0.00	1.75
500.00	0.00	2.83
837.21	0.00	1.84
264.71	0.00	0.86
500.00	0.00	4.51
837.21	0.00	2.90
264.71	0.00	3.07
500.00	0.00	3.88
836.32	0.11	1.19
264.71	0.00	1.51
500.00	0.00	0.52
837.21	0.00	0.50
264.71	0.00	0.58
499.55	0.09	1.68
837.21	0.00	0.50
264.71	0.00	1.96
500.00	0.00	0.55
837.21	0.00	2.02
264.47	0.09	1.94
500.00	0.00	2.18
836.32	0.11	2.15
264.71	0.00	2.10
500.00	0.00	2.67
837.21	0.00	1.06
264.71	0.00	1.27
500.00	0.00	2.73
837.21	0.00	1.52
264.71	0.00	2.81
500.00	0.00	3.80
837.21	0.00	3.14
264.71	0.00	1.33
500.00	0.00	2.77
836.45	0.09	3.49
263.91	0.30	4.77
500.00	0.00	4.57
837.21	0.00	1.22
264.71	0.00	2.13
499.39	0.12	1.78
837.21	0.00	0.56
264.71	0.00	1.82
500.00	0.00	1.14
837.21	0.00	1.56
264.71	0.00	2.75
498.94	0.21	1.64
837.21	0.00	2.62
264.43	0.11	2.57
500.00	0.00	0.74
837.21	0.00	2.09
264.71	0.00	3.10
500.00	0.00	2.11
835.43	0.21	2.73
264.33	0.14	1.83
500.00	0.00	2.43
837.21	0.00	3.22
264.71	0.00	0.52
500.00	0.00	0.58
836.03	0.14	0.62
264.71	0.00	0.99
500.00	0.00	2.73
837.21	0.00	1.59
264.71	0.00	0.71
500.00	0.00	1.65
837.21	0.00	2.65
264.38	0.12	1.83
500.00	0.00	1.52
837.21	0.00	1.94
264.43	0.11	2.41
500.00	0.00	2.04
837.21	0.00	2.93
264.71	0.00	1.43
500.00	0.00	1.38
837.21	0.00	2.50
264.71	0.00	2.29
499.02	0.20	4.06
837.21	0.00	2.79
264.47	0.09	2.94
500.00	0.00	2.91
837.21	0.00	1.08
264.71	0.00	1.79
500.00	0.00	3.51
837.21	0.00	1.54
264.71	0.00	1.93
500.00	0.00	2.25
836.45	0.09	2.65
264.71	0.00	0.75
500.00	0.00	2.50
837.21	0.00	0.98
264.71	0.00	2.51
500.00	0.00	1.16
837.21	0.00	3.14
264.71	0.00	1.34
500.00	0.00	3.05
836.03	0.14	1.40
264.71	0.00	0.63
500.00	0.00	2.10
835.87	0.16	0.76
264.71	0.00	1.88
499.09	0.18	3.70
837.21	0.00	1.21
264.71	0.00	2.67
498.77	0.25	2.60
835.57	0.20	3.58
264.71	0.00	4.14
500.00	0.00	1.52
837.21	0.00	2.80
264.71	0.00	3.89
500.00	0.00	3.31
835.57	0.20	4.12
264.71	0.00	3.35
499.30	0.14	2.46
837.21	0.00	3.26
264.71	0.00	2.59
500.00	0.00	4.51
837.21	0.00	3.39
264.47	0.09	2.66
500.00	0.00	3.04
837.21	0.00	1.56
264.71	0.00	3.03
500.00	0.00	1.06
837.21	0.00	1.17
264.71	0.00	1.75
498.69	0.26	1.95
837.21	0.00	1.63
264.71	0.00	1.15
500.00	0.00	2.49
836.03	0.14	2.25
264.71	0.00	1.80
498.94	0.21	3.73
837.21	0.00	1.44
264.71	0.00	1.22
500.00	0.00	4.28
837.21	0.00	1.88
264.71	0.00	1.54
500.00	0.00	2.58
837.21	0.00	0.69
264.71	0.00	2.54
500.00	0.00	0.83
837.21	0.00	4.50
264.71	0.00	1.30
500.00	0.00	1.57
837.21	0.00	2.41
264.71	0.00	2.27
500.00	0.00	2.37
837.21	0.00	4.00
264.71	0.00	3.56
500.00	0.00	0.69
837.21	0.00	2.64
264.71	0.00	1.06
500.00	0.00	1.15
837.21	0.00	1.01
264.47	0.09	2.86
500.00	0.00	1.63
837.21	0.00	1.46
264.33	0.14	2.23
500.00	0.00	2.19
837.21	0.00	1.23
264.43	0.11	2.85
500.00	0.00	2.61
837.21	0.00	2.23
264.71	0.00	1.74
499.55	0.09	1.61
837.21	0.00	0.55
264.71	0.00	3.75
500.00	0.00	3.19
836.32	0.11	1.85
264.71	0.00	2.35
500.00	0.00	1.66
836.19	0.12	0.68
264.71	0.00	1.26
499.47	0.11	3.54
837.21	0.00	1.24
264.43	0.11	2.16
500.00	0.00	1.98
837.21	0.00	1.74
264.71	0.00	2.71
500.00	0.00	0.60
834.70	0.30	2.73
264.71	0.00	1.30
500.00	0.00	2.49
837.21	0.00	3.95
264.71	0.00	1.99
500.00	0.00	1.77
836.32	0.11	0.73
264.71	0.00	3.55
500.00	0.00	1.21
837.21	0.00	1.14
264.71	0.00	3.04
498.94	0.21	2.34
837.21	0.00	2.20
264.71	0.00	2.18
500.00	0.00	0.63
837.21	0.00	1.56
264.43	0.11	2.79
500.00	0.00	1.49
837.21	0.00	3.24
264.71	0.00	4.23
500.00	0.00	1.91
836.03	0.14	1.23
264.71	0.00	2.79
500.00	0.00	1.67
837.21	0.00	2.25
264.71	0.00	2.78
500.00	0.00	1.02
836.32	0.11	1.12
264.71	0.00	2.24
500.00	0.00	2.39
837.21	0.00	0.61
264.71	0.00	1.95
499.39	0.12	1.50
837.21	0.00	2.08
264.71	0.00	2.95
500.00	0.00	2.89
836.45	0.09	2.63
264.71	0.00	4.51
499.55	0.09	1.82
836.03	0.14	3.25
264.71	0.00	1.97
500.00	0.00	2.29
836.03	0.14	0.73
264.71	0.00	2.51
499.55	0.09	1.21
837.21	0.00	2.30
264.71	0.00	3.61
500.00	0.00	3.75
837.21	0.00	2.73
264.43	0.11	2.13
500.00	0.00	3.49
837.21	0.00	3.23
264.47	0.09	2.96
500.00	0.00	2.31
837.21	0.00	2.65
264.71	0.00	2.83
500.00	0.00	2.87
837.21	0.00	2.16
264.71	0.00	3.21
500.00	0.00	2.14
837.21	0.00	0.66
264.71	0.00	3.62
500.00	0.00	1.67
837.21	0.00	1.72
264.71	0.00	4.16
500.00	0.00	2.28
837.21	0.00	1.12
264.43	0.11	2.21
499.30	0.14	2.18
837.21	0.00	0.99
264.71	0.00	2.48
500.00	0.00	4.04
837.21	0.00	0.79
264.71	0.00	4.40
500.00	0.00	1.75
836.45	0.09	1.91
264.71	0.00	1.57
500.00	0.00	1.62
837.21	0.00	1.49
264.71	0.00	2.19
499.09	0.18	2.27
837.21	0.00	1.17
264.33	0.14	2.73
500.00	0.00	1.53
837.21	0.00	1.02
264.71	0.00	2.70
500.00	0.00	2.29
837.21	0.00	1.31
264.71	0.00	3.05
500.00	0.00	1.09
836.19	0.12	0.64
264.71	0.00	1.12
500.00	0.00	1.12
836.45	0.09	1.76
264.71	0.00	1.12
500.00	0.00	2.31
837.21	0.00	1.52
264.38	0.12	0.70
499.47	0.11	1.74
837.21	0.00	0.54
264.71	0.00	1.20
500.00	0.00	1.07
836.32	0.11	2.09
264.71	0.00	2.17
500.00	0.00	1.29
837.21	0.00	1.51
264.71	0.00	1.06
500.00	0.00	1.80
837.21	0.00	0.97
264.71	0.00	3.32
500.00	0.00	2.33
837.21	0.00	2.64
264.71	0.00	3.95
499.47	0.11	2.61
837.21	0.00	2.34
264.19	0.20	4.33
500.00	0.00	1.47
837.21	0.00	2.74
264.71	0.00	4.77
500.00	0.00	2.93
837.21	0.00	3.15
264.71	0.00	1.95
500.00	0.00	1.75
837.21	0.00	1.58
264.43	0.11	1.23
500.00	0.00	2.25
836.32	0.11	1.64
264.43	0.11	2.68
500.00	0.00	0.55
837.21	0.00	2.81
264.71	0.00	1.84
499.55	0.09	2.27
837.21	0.00	2.23
264.71	0.00	2.45
500.00	0.00	3.48
837.21	0.00	2.68
264.71	0.00	1.63
500.00	0.00	3.67
836.03	0.14	1.60
264.71	0.00	3.70
500.00	0.00	0.69
836.45	0.09	0.74
264.71	0.00	2.59
500.00	0.00	1.16
837.21	0.00	2.91
264.71	0.00	4.58
500.00	0.00	1.66
837.21	0.00	1.62
264.71	0.00	0.57
500.00	0.00	1.36
837.21	0.00	0.60
264.71	0.00	2.21
500.00	0.00	1.69
837.21	0.00	1.59
264.19	0.20	3.80
500.00	0.00	2.21
836.32	0.11	2.20
264.71	0.00	1.82
499.47	0.11	1.52
837.21	0.00	1.61
264.71	0.00	2.44
500.00	0.00	2.42
837.21	0.00	2.68
264.71	0.00	1.62
500.00	0.00	2.01
837.21	0.00	2.49
264.71	0.00	1.61
500.00	0.00	1.24
837.21	0.00	1.89
264.71	0.00	1.16
500.00	0.00	1.78
837.21	0.00	2.36
264.47	0.09	1.81
499.30	0.14	1.33
837.21	0.00	2.10
264.71	0.00	2.00
500.00	0.00	1.76
837.21	0.00	0.57
264.23	0.18	2.66
500.00	0.00	2.36
836.32	0.11	2.18
264.28	0.16	1.81
500.00	0.00	2.87
837.21	0.00	2.68
264.71	0.00	2.40
500.00	0.00	2.02
837.21	0.00	3.97
264.43	0.11	3.16
498.69	0.26	2.65
837.21	0.00	3.35
264.19	0.20	3.86
500.00	0.00	4.13
837.21	0.00	3.21
264.71	0.00	1.65
500.00	0.00	1.18
837.21	0.00	0.52
264.71	0.00	1.84
500.00	0.00	2.29
836.32	0.11	1.77
264.71	0.00	1.18
500.00	0.00	2.76
834.70	0.30	2.36
264.71	0.00	3.54
500.00	0.00	1.82
837.21	0.00	3.05
264.71	0.00	2.56
500.00	0.00	2.51
836.19	0.12	0.74
264.71	0.00	2.96
500.00	0.00	4.41
835.57	0.20	2.44
264.71	0.00	1.82
500.00	0.00	2.75
837.21	0.00	1.21
264.71	0.00	1.93
500.00	0.00	2.19
837.21	0.00	2.26
264.71	0.00	1.10
500.00	0.00	1.06
837.21	0.00	2.62
264.71	0.00	1.60
500.00	0.00	2.07
837.21	0.00	0.76
264.71	0.00	1.28
500.00	0.00	5.09
837.21	0.00	2.33
264.47	0.09	3.12
499.55	0.09	4.45
837.21	0.00	1.62
264.71	0.00	2.42
500.00	0.00	2.09
837.21	0.00	0.61
264.33	0.14	1.96
499.47	0.11	1.15
837.21	0.00	1.68
264.71	0.00	2.94
500.00	0.00	1.63
837.21	0.00	1.52
264.71	0.00	2.20
500.00	0.00	0.58
836.32	0.11	1.30
264.71	0.00	1.05
500.00	0.00	0.68
835.15	0.25	1.88
264.47	0.09	2.79
500.00	0.00	2.45
837.21	0.00	2.44
264.71	0.00	3.05
500.00	0.00	2.87
837.21	0.00	2.12
264.71	0.00	1.88
500.00	0.00	2.39
837.21	0.00	3.37
264.71	0.00	3.61
499.55	0.09	3.37
835.87	0.16	1.64
264.47	0.09	4.09
500.00	0.00	3.14
837.21	0.00	1.78
264.71	0.00	3.08
500.00	0.00	3.06
837.21	0.00	3.20
264.71	0.00	3.37
500.00	0.00	1.32
837.21	0.00	3.82
264.71	0.00	2.27
499.47	0.11	1.92
837.21	0.00	2.05
264.28	0.16	1.26
500.00	0.00	1.10
837.21	0.00	1.05
264.71	0.00	2.99
500.00	0.00	2.38
837.21	0.00	1.51
264.71	0.00	1.71
500.00	0.00	0.65
837.21	0.00	0.57
264.05	0.25	2.37
500.00	0.00	2.55
836.56	0.08	2.14
264.71	0.00	1.17
500.00	0.00	2.02
837.21	0.00	3.33
264.71	0.00	2.56
500.00	0.00	0.51
837.21	0.00	0.54
264.71	0.00	2.03
500.00	0.00	2.17
837.21	0.00	1.11
264.71	0.00	0.50
500.00	0.00	1.11
837.21	0.00	0.99
264.71	0.00	4.06
500.00	0.00	1.88
837.21	0.00	2.33
264.71	0.00	2.71
499.39	0.12	2.45
837.21	0.00	1.71
264.19	0.20	3.42
500.00	0.00	1.69
837.21	0.00	1.77
264.71	0.00	1.76
499.39	0.12	2.19
837.21	0.00	2.45
264.47	0.09	1.96
500.00	0.00	1.07
837.21	0.00	2.00
264.71	0.00	2.13
500.00	0.00	1.47
837.21	0.00	2.03
264.71	0.00	0.97
500.00	0.00	2.20
837.21	0.00	1.51
264.71	0.00	2.67
499.30	0.14	1.15
837.21	0.00	2.02
264.71	0.00	2.16
499.30	0.14	1.73
837.21	0.00	1.47
264.71	0.00	2.35
500.00	0.00	0.63
836.32	0.11	1.75
264.71	0.00	1.21
500.00	0.00	2.20
837.21	0.00	2.29
264.71	0.00	2.52
500.00	0.00	3.59
837.21	0.00	3.35
264.71	0.00	0.67
500.00	0.00	1.73
837.21	0.00	1.95
264.71	0.00	1.13
500.00	0.00	2.15
837.21	0.00	2.45
264.71	0.00	2.18
500.00	0.00	0.71
837.21	0.00	1.48
264.71	0.00	3.20
500.00	0.00	2.00
836.45	0.09	2.29
264.71	0.00	2.13
500.00	0.00	3.67
837.21	0.00	4.05
264.50	0.08	4.28
500.00	0.00	2.97
837.21	0.00	2.78
264.43	0.11	3.40
500.00	0.00	3.53
837.21	0.00	1.76
264.71	0.00	1.22
500.00	0.00	2.82
837.21	0.00	3.31
264.71	0.00	4.87
500.00	0.00	1.69
837.21	0.00	3.47
264.71	0.00	1.89
500.00	0.00	1.70
837.21	0.00	2.19
264.47	0.09	2.53
500.00	0.00	3.43
837.21	0.00	2.88
264.71	0.00	1.70
499.55	0.09	2.79
836.32	0.11	1.67
264.71	0.00	1.63
500.00	0.00	1.87
837.21	0.00	0.54
264.71	0.00	3.71
500.00	0.00	3.34
836.56	0.08	2.82
264.28	0.16	1.23
500.00	0.00	2.67
837.21	0.00	2.26
264.71	0.00	0.83
500.00	0.00	1.89
837.21	0.00	3.20
264.71	0.00	2.29
500.00	0.00	3.27
835.68	0.18	3.90
264.43	0.11	0.92
500.00	0.00	2.87
837.21	0.00	1.57
264.71	0.00	2.24
500.00	0.00	2.35
837.21	0.00	1.98
264.71	0.00	1.61
499.47	0.11	1.18
837.21	0.00	1.00
264.71	0.00	1.37
500.00	0.00	2.36
837.21	0.00	1.46
264.71	0.00	2.27
500.00	0.00	1.61
837.21	0.00	1.55
264.43	0.11	1.14
500.00	0.00	1.08
837.21	0.00	1.02
264.71	0.00	2.78
500.00	0.00	0.45
837.21	0.00	0.56
264.33	0.14	2.07
500.00	0.00	1.59
837.21	0.00	2.02
264.71	0.00	2.23
500.00	0.00	1.59
837.21	0.00	0.50
264.71	0.00	2.59
500.00	0.00	1.05
837.21	0.00	0.96
264.50	0.08	3.30
500.00	0.00	1.56
837.21	0.00	1.47
264.71	0.00	3.82
500.00	0.00	4.33
837.21	0.00	0.65
264.71	0.00	2.22
499.61	0.08	3.13
837.21	0.00	1.72
264.71	0.00	3.74
500.00	0.00	1.42
837.21	0.00	3.61
264.33	0.14	1.23
500.00	0.00	1.87
837.21	0.00	1.02
264.71	0.00	3.13
500.00	0.00	2.81
837.21	0.00	2.55
264.71	0.00	1.33
500.00	0.00	1.61
834.86	0.28	1.34
264.71	0.00	1.83
500.00	0.00	0.59
837.21	0.00	1.45
264.71	0.00	1.16
500.00	0.00	1.80
837.21	0.00	2.53
264.71	0.00	3.73
500.00	0.00	1.78
837.21	0.00	1.73
264.71	0.00	2.66
500.00	0.00	2.27
837.21	0.00	1.74
264.71	0.00	5.26
500.00	0.00	1.24
837.21	0.00	2.84
264.71	0.00	1.51
500.00	0.00	2.02
837.21	0.00	0.63
264.71	0.00	2.30
498.60	0.28	2.65
837.21	0.00	0.64
264.71	0.00	2.11
500.00	0.00	1.54
837.21	0.00	1.10
264.71	0.00	2.02
500.00	0.00	2.33
836.03	0.14	0.72
264.71	0.00	2.52
500.00	0.00	0.59
837.21	0.00	2.15
264.71	0.00	2.98
500.00	0.00	2.35
837.21	0.00	2.63
264.71	0.00	3.39
500.00	0.00	1.89
837.21	0.00	3.34
264.71	0.00	4.11
500.00	0.00	3.16
837.21	0.00	3.19
264.71	0.00	2.36
500.00	0.00	1.25
837.21	0.00	2.60
264.71	0.00	3.13
499.55	0.09	3.36
837.21	0.00	2.44
264.71	0.00	2.44
500.00	0.00	2.63
837.21	0.00	0.70
264.71	0.00	0.96
500.00	0.00	3.79
837.21	0.00	2.87
264.71	0.00	2.05
500.00	0.00	3.73
837.21	0.00	2.33
264.71	0.00	1.49
500.00	0.00	4.26
837.21	0.00	1.22
264.71	0.00	0.91
499.55	0.09	4.84
837.21	0.00	1.67
264.71	0.00	3.00
499.55	0.09	3.01
836.32	0.11	0.71
264.71	0.00	1.08
499.47	0.11	1.22
836.03	0.14	1.29
264.43	0.11	1.63
499.55	0.09	1.78
836.03	0.14	1.28
264.71	0.00	3.74
500.00	0.00	2.96
837.21	0.00	0.56
264.71	0.00	0.72
500.00	0.00	1.75
837.21	0.00	2.12
264.71	0.00	2.50
500.00	0.00	4.22
837.21	0.00	3.30
264.71	0.00	0.52
500.00	0.00	1.51
837.21	0.00	2.01
264.43	0.11	1.30
500.00	0.00	2.60
837.21	0.00	1.46
264.71	0.00	1.64
500.00	0.00	0.67
837.21	0.00	0.94
264.71	0.00	3.71
499.30	0.14	1.75
836.32	0.11	2.23
264.71	0.00	4.00
500.00	0.00	0.91
837.21	0.00	3.26
264.71	0.00	2.90
500.00	0.00	1.51
836.56	0.08	3.83
264.71	0.00	2.47
499.55	0.09	1.34
837.21	0.00	1.17
264.71	0.00	3.41
499.20	0.16	0.74
837.21	0.00	0.59
264.71	0.00	4.04
500.00	0.00	1.80
837.21	0.00	1.05
264.71	0.00	2.13
500.00	0.00	2.14
836.45	0.09	2.79
264.71	0.00	1.03
499.47	0.11	1.13
837.21	0.00	0.50
264.71	0.00	2.68
500.00	0.00	2.76
837.21	0.00	2.19
264.71	0.00	2.07
500.00	0.00	1.58
835.30	0.23	1.77
264.71	0.00	1.07
500.00	0.00	2.20
837.21	0.00	0.54
264.71	0.00	1.51
500.00	0.00	1.79
837.21	0.00	2.30
264.71	0.00	2.20
500.00	0.00	1.92
837.21	0.00	1.10
264.71	0.00	0.95
500.00	0.00	2.37
837.21	0.00	0.51
264.71	0.00	0.55
500.00	0.00	1.41
836.32	0.11	1.09
264.71	0.00	3.82
500.00	0.00	1.99
837.21	0.00	1.76
264.71	0.00	3.01
499.55	0.09	3.36
836.45	0.09	3.42
264.71	0.00	3.43
500.00	0.00	1.31
837.21	0.00	2.62
264.71	0.00	3.75
500.00	0.00	2.13
837.21	0.00	1.43
264.71	0.00	2.26
500.00	0.00	2.87
836.45	0.09	1.20
264.71	0.00	1.18
499.47	0.11	3.67
837.21	0.00	2.44
264.33	0.14	2.77
500.00	0.00	3.31
837.21	0.00	3.68
264.71	0.00	3.34
500.00	0.00	2.14
837.21	0.00	2.62
264.15	0.21	3.67
500.00	0.00	2.82
837.21	0.00	3.19
264.71	0.00	2.43
500.00	0.00	2.26
837.21	0.00	2.37
264.71	0.00	4.45
499.61	0.08	2.87
835.01	0.26	2.98
264.43	0.11	3.57
500.00	0.00	5.16
837.21	0.00	1.73
264.38	0.12	1.65
500.00	0.00	1.48
837.21	0.00	2.61
264.71	0.00	1.99
500.00	0.00	3.09
837.21	0.00	1.00
264.71	0.00	2.39
500.00	0.00	1.14
837.21	0.00	1.42
264.71	0.00	1.93
499.47	0.11	2.76
837.21	0.00	2.30
264.71	0.00	2.61
500.00	0.00	1.29
834.86	0.28	1.81
264.71	0.00	3.04
500.00	0.00	1.36
837.21	0.00	2.75
264.71	0.00	2.33
499.55	0.09	2.29
837.21	0.00	1.67
264.71	0.00	1.84
500.00	0.00	1.09
837.21	0.00	2.20
264.71	0.00	1.17
499.02	0.20	2.98
836.45	0.09	2.63
264.71	0.00	1.68
500.00	0.00	1.62
837.21	0.00	1.90
264.71	0.00	0.66
500.00	0.00	1.12
837.21	0.00	0.97
264.71	0.00	2.74
500.00	0.00	1.70
836.32	0.11	2.47
264.71	0.00	2.05
500.00	0.00	0.58
837.21	0.00	1.66
264.71	0.00	3.72
500.00	0.00	2.17
837.21	0.00	1.08
264.71	0.00	3.25
500.00	0.00	1.53
837.21	0.00	1.83
264.19	0.20	2.99
498.49	0.30	2.92
837.21	0.00	0.65
264.71	0.00	2.79
500.00	0.00	1.78
837.21	0.00	1.81
264.71	0.00	3.27
500.00	0.00	1.08
837.21	0.00	0.67
264.71	0.00	3.40
500.00	0.00	2.04
836.32	0.11	2.23
264.71	0.00	2.01
500.00	0.00	2.30
837.21	0.00	2.69
264.71	0.00	2.93
498.94	0.21	2.92
837.21	0.00	1.58
264.71	0.00	1.73
500.00	0.00	1.99
837.21	0.00	1.60
264.71	0.00	0.57
500.00	0.00	2.48
837.21	0.00	1.22
264.13	0.22	2.14
500.00	0.00	2.78
837.21	0.00	1.08
264.71	0.00	1.27
500.00	0.00	1.67
837.21	0.00	0.56
264.71	0.00	1.73
500.00	0.00	2.92
837.21	0.00	1.02
264.71	0.00	1.11
499.47	0.11	1.18
837.21	0.00	2.18
264.71	0.00	1.65
500.00	0.00	0.60
836.03	0.14	0.70
264.71	0.00	1.00
500.00	0.00	1.75
837.21	0.00	2.28
264.71	0.00	3.63
500.00	0.00	2.29
837.21	0.00	1.13
264.71	0.00	2.17
500.00	0.00	0.46
836.56	0.08	3.10
264.71	0.00	0.66
500.00	0.00	0.83
837.21	0.00	1.06
264.43	0.11	1.48
500.00	0.00	2.52
837.21	0.00	2.51
264.71	0.00	2.78
499.30	0.14	1.66
837.21	0.00	1.05
264.71	0.00	1.75
500.00	0.00	1.21
837.21	0.00	1.57
264.71	0.00	2.30
500.00	0.00	2.24
837.21	0.00	1.72
264.71	0.00	4.54
500.00	0.00	2.39
837.21	0.00	1.85
264.71	0.00	2.82
500.00	0.00	3.55
837.21	0.00	3.37
264.28	0.16	1.93
500.00	0.00	4.18
836.32	0.11	2.79
264.71	0.00	1.98
500.00	0.00	1.83
836.56	0.08	2.27
264.71	0.00	3.38
500.00	0.00	3.07
837.21	0.00	1.16
264.71	0.00	0.99
499.47	0.11	2.48
835.68	0.18	2.98
264.43	0.11	1.88
499.47	0.11	3.17
836.45	0.09	1.75
264.71	0.00	1.20
500.00	0.00	1.03
837.21	0.00	1.14
264.71	0.00	1.65
500.00	0.00	2.58
837.21	0.00	1.14
264.71	0.00	3.36
500.00	0.00	2.23
837.21	0.00	0.51
264.71	0.00	0.52
499.47	0.11	0.69
837.21	0.00	1.61
264.71	0.00	2.16
500.00	0.00	1.07
837.21	0.00	1.03
264.15	0.21	4.43
500.00	0.00	1.93
837.21	0.00	2.21
264.71	0.00	3.09
500.00	0.00	2.90
836.32	0.11	2.82
264.71	0.00	3.62
500.00	0.00	4.46
837.21	0.00	3.33
264.71	0.00	2.06
499.39	0.12	2.53
836.32	0.11	2.92
264.71	0.00	1.27
498.94	0.21	3.16
837.21	0.00	1.08
264.47	0.09	3.74
500.00	0.00	1.84
837.21	0.00	1.53
264.71	0.00	2.31
500.00	0.00	2.00
837.21	0.00	1.69
264.71	0.00	0.79
500.00	0.00	3.22
837.21	0.00	1.12
264.71	0.00	2.74
500.00	0.00	3.03
837.21	0.00	0.50
264.71	0.00	1.12
500.00	0.00	2.62
837.21	0.00	0.56
264.71	0.00	0.66
500.00	0.00	2.41
837.21	0.00	1.01
264.43	0.11	1.27
500.00	0.00	1.46
837.21	0.00	1.47
264.71	0.00	0.79
500.00	0.00	1.95
837.21	0.00	3.49
264.71	0.00	2.51
500.00	0.00	2.89
836.32	0.11	2.27
264.71	0.00	3.95
500.00	0.00	3.55
837.21	0.00	1.49
