870.52	0.02	68.39
870.52	0.02	69.49
503.05	0.00	52.93
948.06	0.00	56.55
948.06	0.00	61.79
503.05	0.00	49.03
483.70	0.00	47.20
483.70	0.00	75.38
947.73	0.04	66.96
857.24	0.05	112.10
1709.91	0.00	38.33
848.42	0.02	112.29
1707.79	0.02	29.85
414.25	0.00	55.90
231.76	0.00	112.87
229.93	0.00	102.68
1289.96	0.02	63.28
1249.82	0.02	83.71
2411.46	0.02	23.82
968.89	0.02	47.23
602.97	0.00	35.93
2067.33	0.00	11.45
559.80	0.02	52.77
538.18	0.04	61.61
1055.20	0.00	19.58
1485.11	0.05	39.14
2045.80	0.00	10.95
1432.60	0.02	61.01
2776.72	0.02	12.91
1415.80	0.05	60.77
2290.54	0.00	51.41
1433.62	0.00	35.95
485.90	0.00	85.75
1356.78	0.00	23.13
1417.08	0.02	35.86
2852.78	0.02	12.72
543.78	0.02	109.25
1048.91	0.00	29.97
485.60	0.00	114.29
1067.96	0.04	99.95
485.60	0.00	131.86
1592.78	0.00	42.05
1592.50	0.02	42.70
563.10	0.04	83.19
640.89	0.02	47.26
1624.01	0.00	70.87
2426.65	0.02	46.84
448.69	0.00	102.62
2427.08	0.00	29.17
891.67	0.00	35.90
2427.79	0.00	15.21
2426.65	0.02	29.73
446.39	0.04	166.64
1548.27	0.00	87.57
739.92	0.02	214.69
1641.34	0.04	43.16
901.82	0.00	163.57
1431.27	0.00	136.28
1641.71	0.02	22.28
699.56	0.02	195.29
250.49	0.04	320.24
250.53	0.02	189.54
450.95	0.02	195.85
3415.56	0.00	8.49
1707.78	0.00	9.32
1707.09	0.04	9.45
3415.56	0.00	2.83
3415.56	0.00	2.83
1707.78	0.00	5.21
1707.78	0.00	9.90
1707.48	0.02	6.17
1707.39	0.02	6.17
924.52	0.02	37.83
927.19	0.02	55.44
1932.28	0.00	12.89
1004.74	0.00	23.67
119.33	0.00	216.74
1930.93	0.04	25.75
1931.75	0.02	12.94
332.57	0.02	229.94
1571.36	5.73	134.40
108.95	0.02	159.17
1851.88	0.04	9.79
0.00	100.00	0.00
1634.58	11.76	157.80
0.00	100.00	0.00
1742.94	5.92	86.71
1852.20	0.02	9.73
108.91	0.05	84.79
1852.20	0.02	10.24
0.00	100.00	0.00
0.00	100.00	0.00
0.00	100.00	0.00
1448.26	5.92	194.59
1538.50	0.05	192.28
1448.77	5.88	96.36
90.55	0.00	90.07
1448.51	5.90	103.94
0.00	100.00	0.00
2301.77	0.02	76.67
788.32	0.00	102.85
2299.32	0.02	66.46
402.00	0.02	146.27
402.20	0.00	86.18
2701.92	0.00	14.81
2701.44	0.02	15.06
1187.04	0.00	30.64
1912.50	0.06	85.93
1545.52	0.00	51.51
498.38	0.04	125.65
976.12	0.00	136.76
1262.13	0.00	62.70
284.11	0.05	216.95
307.01	0.00	112.80
673.37	0.02	128.18
110.19	0.02	218.90
1258.63	0.00	68.68
0.00	100.00	0.00
1437.45	0.02	56.55
1437.45	0.02	9.89
1437.37	0.02	6.16
2875.40	0.00	52.02
2874.90	0.02	53.05
0.00	100.00	0.00
1437.70	0.00	9.37
0.00	100.00	0.00
188.16	0.04	49.92
0.00	100.00	0.00
0.00	100.00	0.00
3199.83	0.00	2.99
3199.83	0.00	46.58
3011.08	3.05	46.65
0.00	100.00	0.00
3199.83	0.00	47.06
3199.83	0.00	46.63
1154.97	0.02	557.30
1369.24	0.02	465.94
1256.36	0.04	551.10
116.52	0.02	572.19
116.55	0.00	941.50
1486.03	0.00	99.56
213.70	0.00	852.63
1485.51	0.04	123.34
1486.03	0.00	41.69
832.71	0.02	59.11
462.72	0.00	70.38
906.77	0.02	54.06
1832.37	0.00	12.50
1887.57	0.02	27.66
1795.04	0.02	36.33
1794.73	0.04	32.20
1832.37	0.00	12.24
980.79	0.02	48.22
2730.63	3.03	50.23
2730.16	0.02	56.07
1450.65	0.00	9.30
170.60	0.04	53.05
1450.40	0.02	21.01
1450.40	0.02	6.11
170.66	0.00	48.03
1450.65	0.00	6.05
1450.65	0.00	21.43
2349.42	0.00	46.50
495.07	0.04	77.31
2843.38	0.02	20.66
2846.25	0.00	10.88
2844.96	0.02	11.09
2845.46	0.00	10.88
2333.58	0.00	40.59
495.24	0.00	56.28
2333.58	0.00	40.49
2699.38	0.02	14.53
216.00	0.00	166.42
611.64	0.02	55.16
395.75	0.00	102.18
2525.62	0.00	92.34
2915.32	0.02	30.19
2483.82	0.00	15.37
2302.29	0.02	149.12
215.97	0.02	211.50
451.98	0.00	158.44
376.92	0.04	215.55
1876.19	0.00	89.95
377.01	0.02	137.51
2166.84	0.04	92.54
1850.83	0.04	114.27
376.99	0.02	129.05
2167.70	0.00	78.07
2544.70	0.00	16.79
1199.20	0.00	67.33
1189.27	0.04	84.50
1189.27	0.04	54.38
2407.50	0.02	17.46
2379.37	0.00	29.64
2397.98	0.02	18.23
1189.47	0.02	49.57
2388.88	0.00	16.38
2388.88	0.00	16.60
922.62	0.00	43.98
887.14	0.00	55.84
1738.79	0.00	36.37
1774.27	0.00	27.21
1845.24	0.00	14.83
1774.27	0.00	26.99
887.14	0.00	54.48
1809.76	0.00	15.34
886.98	0.02	39.15
0.00	100.00	0.00
711.98	0.02	11.92
125.67	0.00	65.20
0.00	100.00	0.00
0.00	100.00	0.00
2135.95	0.02	10.50
2136.32	0.00	73.73
0.00	100.00	0.00
0.00	100.00	0.00
2507.10	0.00	15.93
141.65	0.02	211.13
2507.80	0.00	31.62
1914.27	5.60	215.13
1242.66	0.00	30.13
450.73	60.14	396.49
141.63	0.02	382.64
1264.70	0.04	75.67
1229.97	49.41	232.25
2114.43	0.00	15.47
124.36	0.02	75.13
124.38	0.00	73.59
124.38	85.71	75.45
2113.95	0.02	4.38
2114.06	0.02	15.52
2113.95	0.02	4.36
2114.43	0.00	4.29
1740.99	12.52	73.91
1100.75	0.02	66.79
604.23	0.04	91.56
582.65	0.04	75.30
1446.08	0.02	45.47
604.44	0.00	61.25
2028.84	0.02	13.96
1424.75	0.00	48.68
2093.95	0.00	29.20
1402.67	0.04	56.67
527.74	0.04	168.64
1987.75	0.04	231.87
527.85	0.02	217.49
1055.35	0.04	194.84
527.95	0.00	125.62
720.97	0.06	511.26
1055.86	0.00	117.14
2639.67	0.00	29.27
2639.67	0.00	63.73
1764.99	0.00	60.64
441.88	0.02	219.24
883.05	0.02	97.64
1764.99	0.00	22.97
1307.73	0.04	130.04
1323.04	0.00	97.01
880.38	0.00	74.43
1764.68	0.02	23.49
1765.39	0.02	23.73
2092.63	11.82	69.56
2233.42	0.00	61.14
2373.01	0.00	10.27
2372.06	0.04	62.67
139.59	0.00	58.62
2373.01	0.00	3.87
0.00	100.00	0.00
0.00	100.00	0.00
139.59	0.00	59.07
2021.19	0.02	106.18
1871.34	0.02	251.86
1768.50	0.04	616.62
1893.19	0.00	459.85
2021.19	0.02	90.02
128.35	0.00	733.73
153.14	0.02	540.63
252.43	0.00	351.64
128.30	0.04	620.95
0.00	100.00	0.00
1729.50	0.00	14.02
1729.19	0.02	91.09
0.00	100.00	0.00
101.72	0.02	91.58
0.00	100.00	0.00
1729.19	0.02	5.21
0.00	100.00	0.00
1729.10	0.02	5.21
2646.13	0.04	54.90
0.00	100.00	0.00
2812.50	0.00	3.34
165.41	0.02	52.94
2812.50	0.00	56.72
2811.86	0.02	3.40
1405.93	0.02	6.29
1406.25	0.00	6.23
2812.01	0.02	3.40
778.72	0.02	101.70
778.72	0.02	104.45
1210.78	0.02	52.90
879.20	0.02	84.32
1663.23	0.00	10.70
447.06	0.04	120.67
778.85	0.00	90.00
748.57	0.02	100.92
125.62	0.00	201.46
130.64	0.02	943.71
129.64	0.65	821.99
2214.62	0.02	30.58
1954.82	11.46	380.87
1954.51	10.47	393.31
129.62	0.04	811.09
399.06	82.17	702.36
129.70	0.00	417.57
1815.24	18.96	687.70
523.82	0.04	146.59
897.16	0.02	51.78
520.32	0.02	124.78
1851.73	0.02	62.93
452.25	0.00	96.63
1855.64	0.00	18.89
897.11	0.02	34.96
950.82	0.04	123.53
448.58	0.02	153.73
233.05	0.06	371.55
1806.37	0.02	139.33
1806.41	0.02	142.99
930.09	0.02	90.68
1806.04	0.04	156.34
1806.60	0.00	175.58
233.19	0.00	252.71
233.13	0.00	242.49
1109.54	0.00	76.71
1825.40	0.00	58.56
939.68	0.04	213.03
1825.70	0.00	22.37
892.76	0.02	244.33
1589.84	0.02	114.96
235.48	0.04	276.80
1825.40	0.00	49.52
1590.12	0.00	114.86
235.59	0.00	163.20
1405.56	0.00	31.37
3348.53	0.00	7.39
537.42	0.00	53.89
537.42	0.00	40.84
1467.31	0.02	14.13
3451.88	0.00	7.63
1756.94	0.00	39.54
1777.61	0.00	21.83
1859.87	0.02	12.05
586.92	0.04	121.12
900.10	0.02	83.37
339.11	0.04	154.93
926.19	0.02	101.59
365.20	0.04	131.57
339.17	0.02	116.41
1213.40	0.00	75.90
2178.89	0.00	13.16
1200.14	0.02	79.16
1761.29	0.00	62.16
1497.61	0.02	22.48
2763.11	0.02	23.05
2768.06	0.00	20.33
1274.65	0.00	15.83
283.45	0.02	73.42
1495.64	0.00	13.67
1493.41	0.00	23.71
948.56	0.02	52.73
1365.10	0.00	17.39
1365.10	0.00	17.84
1284.80	5.88	110.27
80.30	0.00	101.57
1365.10	0.00	19.20
1365.10	0.00	107.94
80.30	0.00	101.57
0.00	100.00	0.00
0.00	100.00	0.00
1064.96	0.04	67.17
1434.52	0.02	80.15
387.69	0.00	69.48
1822.46	0.00	16.72
763.04	0.02	35.47
387.62	0.02	99.66
1418.76	0.05	75.22
754.02	0.00	34.95
1819.09	0.02	16.45
1401.50	0.00	77.51
1686.12	0.05	53.23
1686.41	0.04	45.50
824.83	0.00	47.47
1687.95	0.00	16.47
1696.46	0.00	31.85
295.43	0.00	89.63
862.65	0.00	47.87
1696.93	0.00	16.55
2246.53	0.00	10.79
132.15	0.00	72.51
2246.53	0.00	71.78
0.00	100.00	0.00
2114.38	0.00	64.32
132.13	0.02	65.57
132.15	93.75	68.27
132.10	0.04	68.41
1849.76	12.52	72.37
1417.91	0.00	12.39
250.13	75.01	62.43
0.00	100.00	0.00
2669.01	5.88	52.45
2585.15	3.14	52.81
166.75	0.04	61.71
1417.91	0.00	13.32
1417.91	0.00	14.39
1417.67	0.02	9.48
163.13	0.02	623.20
1917.13	0.00	253.52
1589.74	23.52	389.52
163.10	0.04	825.67
326.11	0.00	820.68
1916.13	0.00	274.91
1616.85	0.02	542.31
163.16	0.00	364.85
2079.29	0.00	61.43
1125.00	0.00	15.34
2117.65	5.88	65.86
132.35	0.00	123.60
2250.00	0.00	4.06
0.00	100.00	0.00
2250.00	0.00	65.86
0.00	100.00	0.00
2250.00	0.00	8.12
0.00	100.00	0.00
1522.92	0.00	13.56
179.17	0.00	44.36
0.00	100.00	0.00
1432.83	5.92	98.90
806.11	0.02	13.67
1433.08	5.90	104.45
806.11	0.02	14.77
179.07	0.05	51.99
1522.92	0.00	5.78
1970.76	0.02	67.71
1210.52	0.00	30.57
758.76	0.06	164.36
1970.76	0.02	43.35
964.43	0.00	175.37
254.48	0.00	141.06
758.68	0.06	152.45
964.26	0.02	186.13
1970.84	0.02	19.85
317.26	0.06	212.80
600.82	0.04	148.24
1411.06	0.00	95.32
1153.48	0.00	43.55
308.61	0.00	105.54
905.88	0.04	154.05
895.09	0.04	156.56
848.65	0.02	82.32
907.96	0.02	51.46
1877.93	0.00	54.88
1877.93	0.00	57.75
946.48	0.00	71.06
1877.93	0.00	33.78
1870.42	0.00	46.21
938.80	0.02	79.53
1877.61	0.02	34.24
1885.45	0.00	19.41
1877.61	0.02	37.23
406.67	0.00	118.13
1775.63	0.00	34.87
1523.68	0.04	95.54
2242.72	0.05	59.32
1851.66	0.04	60.72
2244.76	0.02	28.51
771.71	0.02	56.32
2245.39	0.02	14.98
393.40	0.02	78.46
1045.26	0.04	62.24
2053.54	0.02	41.37
1717.81	0.00	43.84
1082.97	0.00	27.27
2800.77	0.00	12.39
1680.17	0.02	51.63
2875.46	0.00	23.40
970.93	0.00	41.82
970.76	0.02	57.09
18000.00	0.00	0.45
0.00	100.00	0.00
0.00	100.00	0.00
0.00	100.00	0.00
0.00	100.00	0.00
0.00	100.00	0.00
0.00	100.00	0.00
0.00	100.00	0.00
0.00	100.00	0.00
1760.24	0.02	13.87
1657.08	0.00	83.30
1657.08	5.88	89.51
0.00	100.00	0.00
0.00	100.00	0.00
1760.34	0.02	5.12
1760.64	0.00	11.00
1760.34	0.02	5.12
103.57	0.00	158.16
1815.16	0.00	17.91
1814.84	0.02	164.16
106.77	0.00	159.66
0.00	100.00	0.00
1815.16	0.00	4.94
1708.09	0.02	150.40
0.00	100.00	0.00
854.04	5.90	88.59
854.04	5.90	98.47
2042.25	0.00	39.88
2042.25	0.00	30.65
993.97	0.02	29.53
2042.36	0.02	16.23
356.69	0.02	86.27
1684.07	0.02	75.33
1048.68	0.00	29.32
2043.39	0.00	16.16
2041.33	0.02	30.76
1595.76	0.00	17.75
997.18	0.02	64.62
172.87	0.00	91.36
990.18	0.05	75.10
2153.90	0.02	15.33
2160.93	0.00	7.93
1562.24	0.02	16.56
2154.28	0.00	15.23
2160.55	0.02	8.08
2098.97	5.88	66.47
131.19	0.00	124.92
2098.97	0.00	71.05
0.00	100.00	0.00
0.00	100.00	0.00
0.00	100.00	0.00
2098.60	5.90	66.52
0.00	100.00	0.00
2229.77	0.02	68.76
1592.09	0.06	94.53
1692.28	0.02	14.39
99.56	0.00	164.01
0.00	100.00	0.00
1592.73	5.90	172.27
0.00	100.00	0.00
99.56	0.00	82.01
1692.28	0.02	10.56
0.00	100.00	0.00
69.37	66.67	119.87
2219.95	5.90	123.32
138.75	88.24	66.24
2219.06	3.09	68.89
2359.11	0.00	3.89
138.77	0.00	62.81
1179.35	0.02	67.36
0.00	100.00	0.00
1179.35	0.02	12.36
795.16	0.00	60.43
1906.76	0.02	42.72
1437.65	0.05	56.66
1907.09	0.00	42.35
1913.56	0.00	13.63
1114.77	0.04	62.34
727.15	0.02	62.49
407.19	0.02	60.84
1050.52	0.00	45.66
0.00	100.00	0.00
111.80	0.00	72.85
0.00	100.00	0.00
1900.62	0.00	79.05
0.00	100.00	0.00
1900.62	0.00	83.32
894.41	5.88	88.39
1900.62	0.00	17.06
894.41	0.00	83.68
1919.25	0.00	36.11
1918.89	0.00	46.78
1467.28	0.00	85.75
226.67	0.02	111.37
1692.54	0.00	67.59
1031.45	0.05	100.55
886.90	0.00	100.81
226.71	0.00	104.70
226.71	0.00	109.78
2013.12	0.00	31.84
2021.05	0.00	32.69
1173.74	0.04	83.20
2019.07	0.00	25.85
251.89	0.00	95.97
1979.40	0.00	24.56
249.90	0.00	160.61
1568.57	0.02	59.95
842.49	0.05	99.73
238.14	0.00	234.21
238.17	0.02	269.56
238.44	0.00	223.32
238.10	0.02	217.80
4044.97	0.00	15.18
238.14	0.00	194.78
3614.08	9.55	187.44
3330.56	17.23	178.91
4044.27	0.02	15.58
2524.26	0.00	22.57
342.43	0.02	101.38
329.69	0.04	57.48
329.80	0.00	69.90
1090.69	0.02	59.10
329.74	0.02	63.23
2511.57	0.00	18.16
824.36	0.02	74.78
1661.41	0.02	45.70
765.31	0.00	16.65
0.00	100.00	0.00
1530.61	0.00	5.76
765.31	0.00	103.39
765.17	0.02	24.50
765.04	0.04	24.44
1530.61	0.00	13.12
1530.61	0.00	5.76
765.17	0.02	116.34
487.71	0.00	54.88
454.08	0.00	89.72
756.53	0.04	84.87
1143.40	0.02	22.37
420.44	0.00	92.72
840.59	0.04	53.59
1143.60	0.00	45.58
1547.23	0.00	48.86
1563.77	0.02	29.88
2109.72	0.02	9.77
2110.20	0.00	7.84
0.00	100.00	0.00
0.00	100.00	0.00
2109.46	0.04	69.17
1055.10	0.00	11.44
2109.72	0.02	9.38
2110.20	0.00	4.05
2109.83	0.02	7.90
1986.47	0.00	42.51
1979.78	0.00	33.47
1986.12	0.02	42.84
1554.52	0.04	59.51
1972.74	0.02	37.71
1993.16	0.00	13.82
1976.09	0.02	24.76
421.37	0.00	77.22
1979.78	0.00	13.12
2502.25	0.00	12.98
0.00	100.00	0.00
0.00	100.00	0.00
2501.81	0.02	3.76
2207.48	6.27	63.29
147.19	0.00	61.21
2355.06	0.00	56.24
147.19	0.00	55.62
147.17	94.12	120.18
102.01	0.00	162.98
1733.90	0.02	10.33
0.00	100.00	0.00
1734.20	0.00	5.13
0.00	100.00	0.00
1529.37	11.81	174.53
102.01	0.00	80.05
0.00	100.00	0.00
0.00	100.00	0.00
613.40	0.00	116.65
610.62	0.02	208.83
1839.88	0.02	33.73
943.84	0.04	35.04
130.15	0.02	249.03
699.76	0.02	142.73
611.40	0.04	122.38
913.54	0.04	174.91
112.34	0.00	262.43
148.34	33.33	166.97
148.27	94.12	66.79
0.00	100.00	0.00
0.00	100.00	0.00
2373.50	0.00	3.87
148.34	0.00	55.19
2076.45	17.66	171.19
1260.92	50.00	59.82
1260.92	0.00	6.89
1282.84	0.02	119.00
1060.81	0.00	131.20
523.17	0.02	196.65
630.26	0.02	170.69
1694.97	0.04	29.61
1533.65	0.00	85.57
139.41	0.04	256.04
273.35	0.00	189.97
139.46	0.00	170.36
745.12	0.04	148.18
375.68	0.00	111.63
1093.36	0.02	44.10
1043.89	0.06	54.86
1043.53	0.04	83.02
1402.83	0.00	94.08
1044.49	0.00	42.71
1103.52	0.02	77.15
1091.56	0.02	109.53
1207.76	0.00	35.80
2391.19	0.02	9.83
2025.39	0.00	49.46
1352.52	0.02	97.46
694.82	0.04	90.45
1176.37	0.00	59.24
189.83	0.00	110.79
1212.25	0.00	64.06
339.23	0.02	53.67
868.37	0.02	181.94
1750.89	0.00	24.89
878.90	0.00	46.45
432.38	0.04	225.15
1740.51	0.00	46.44
871.98	0.00	43.85
442.76	0.04	181.51
871.98	0.00	46.15
1737.05	0.00	67.34
1011.34	48.48	80.94
1903.36	5.90	73.73
1011.16	0.02	23.77
1011.34	0.00	84.85
2022.67	0.00	4.48
118.94	0.04	89.43
2021.96	0.04	78.37
0.00	100.00	0.00
0.00	100.00	0.00
0.00	100.00	0.00
184.98	0.02	47.68
184.98	0.02	54.68
2775.21	6.25	51.75
2959.70	0.02	34.71
3145.24	0.00	47.42
0.00	100.00	0.00
184.98	0.02	48.58
2960.22	0.00	3.19
0.00	100.00	0.00
0.00	100.00	0.00
1570.11	5.90	90.50
833.97	0.04	20.44
834.26	0.00	26.81
1668.53	0.00	5.32
834.26	0.00	26.89
834.12	0.02	15.30
98.15	0.00	83.27
2025.25	0.02	36.50
2847.59	0.00	8.67
1320.82	0.02	24.61
733.91	0.00	48.99
2759.04	0.02	15.69
2847.59	0.00	8.42
2730.16	0.00	8.66
2818.23	0.00	8.77
1350.40	0.00	15.55
1580.33	0.00	15.64
790.17	0.00	99.37
1580.33	0.00	5.59
1580.06	0.02	95.94
0.00	100.00	0.00
790.17	0.00	21.45
0.00	100.00	0.00
790.17	0.00	104.06
1580.06	0.02	95.49
512.67	0.02	166.89
1200.18	0.02	112.98
186.73	0.00	154.46
1053.67	0.00	95.25
543.88	0.00	110.85
186.69	0.02	130.39
843.09	0.02	123.39
1044.42	0.04	115.78
1573.57	0.02	16.56
607.16	0.00	217.88
586.41	0.02	189.10
1195.55	0.00	69.65
2360.66	0.02	57.01
2362.53	0.02	52.41
1186.90	0.02	105.57
2366.70	0.00	21.14
1168.34	0.00	139.46
2362.53	0.02	20.68
787.91	0.04	119.98
1824.68	0.00	31.70
1599.16	0.00	47.01
1307.34	0.02	91.54
512.46	0.02	106.28
1598.88	0.02	40.12
284.75	0.00	182.15
1309.85	0.00	84.23
284.70	0.02	198.64
2294.97	5.90	61.87
143.46	0.00	53.83
143.44	0.02	61.24
0.00	100.00	0.00
143.41	0.04	70.51
2294.97	0.02	59.72
2438.83	0.00	8.54
0.00	100.00	0.00
2295.37	5.88	61.80
119.92	0.00	288.04
570.37	0.00	97.84
119.91	0.00	278.73
1618.13	0.02	22.45
1378.44	0.02	218.23
1618.08	0.02	78.18
570.30	0.04	93.34
450.63	0.00	219.47
1167.73	0.00	184.54
1505.98	0.04	146.81
215.07	0.00	710.45
1291.44	0.00	321.61
1351.76	0.02	242.05
1506.25	0.02	65.55
741.11	0.04	174.10
741.37	0.00	96.39
154.51	0.00	302.39
1506.51	0.00	66.57
940.08	0.00	155.42
1827.79	0.00	70.72
2145.05	0.00	30.74
950.76	0.00	32.39
1194.08	0.02	50.51
317.71	0.02	172.91
582.05	0.02	112.13
2143.79	0.04	33.30
622.82	0.00	116.71
1850.38	0.00	46.88
1825.39	0.02	55.11
1835.16	0.02	18.03
1829.91	0.04	34.96
725.22	0.02	41.84
621.73	0.00	103.82
1830.64	0.00	34.68
1110.23	0.00	47.97
1228.65	0.00	68.89
412.60	0.02	409.33
1766.84	0.00	33.07
1769.00	0.00	83.00
1765.76	0.04	150.57
1767.18	0.00	33.62
1766.72	0.00	64.85
355.51	0.02	474.52
995.37	0.04	315.58
1766.84	0.00	33.25
2870.81	0.00	8.03
0.00	100.00	0.00
1435.41	0.00	5.60
2870.31	0.02	6.40
2870.81	0.00	6.33
2870.81	0.00	3.28
1435.08	0.02	6.17
1435.08	0.02	9.06
2870.81	0.00	53.92
1525.11	0.02	70.48
1796.76	0.00	57.64
290.10	0.00	92.84
2029.90	0.04	23.27
1365.81	0.04	73.52
926.29	0.02	33.91
233.95	0.00	82.56
233.91	0.02	145.22
926.46	0.00	22.86
744.85	0.02	218.49
703.06	0.00	132.08
251.79	0.02	178.60
735.30	0.00	134.80
1437.77	0.02	57.68
751.51	0.00	45.27
944.70	0.02	174.95
1689.56	0.02	41.56
944.87	0.00	52.91
0.00	100.00	0.00
1754.39	0.00	10.16
103.18	0.02	79.20
1754.39	0.00	10.16
1650.90	0.02	87.56
0.00	100.00	0.00
1754.08	0.02	5.14
1754.08	0.02	89.37
0.00	100.00	0.00
1104.64	0.00	45.17
1057.63	0.00	47.94
1174.94	0.02	19.44
1057.08	0.05	47.32
634.58	0.00	36.15
1527.69	0.00	34.23
1175.15	0.00	29.38
2161.90	0.02	10.74
1057.26	0.04	34.92
2558.86	0.00	53.36
159.93	0.00	54.77
159.90	0.02	62.14
159.93	0.00	51.22
0.00	100.00	0.00
2557.97	0.04	65.48
0.00	100.00	0.00
1279.43	0.00	6.80
2558.86	5.88	59.53
666.67	11.13	144.30
666.67	0.02	114.16
83.35	0.00	196.96
1416.68	0.02	24.79
1333.11	3.06	203.90
1416.68	0.02	18.61
708.46	0.00	11.91
1416.93	0.00	6.18
0.00	100.00	0.00
1752.37	5.90	79.46
109.54	0.00	79.36
109.52	0.02	149.70
876.03	0.04	236.03
985.88	45.45	154.72
1751.67	5.94	84.43
0.00	100.00	0.00
109.52	87.50	237.25
109.52	0.02	80.45
1958.84	0.04	55.20
1296.52	11.78	56.83
172.90	0.00	50.82
172.90	0.00	47.41
2939.29	0.00	3.21
1296.52	11.78	53.40
979.76	32.00	53.72
0.00	100.00	0.00
1959.19	0.02	8.29
1579.64	5.88	91.06
1678.07	0.02	14.50
1677.78	0.04	93.60
1678.07	0.02	88.20
0.00	100.00	0.00
98.69	0.04	87.99
0.00	100.00	0.00
0.00	100.00	0.00
0.00	100.00	0.00
951.67	0.00	166.00
2160.66	0.00	47.26
321.45	0.02	163.84
2109.30	0.00	35.60
577.58	0.04	205.35
1517.13	0.00	89.83
322.02	0.00	113.17
1261.95	0.04	144.14
838.17	0.00	43.26
2035.93	0.00	15.95
1017.61	0.04	16.98
119.76	0.00	70.85
1017.61	0.04	21.17
1796.41	3.23	76.11
2034.86	0.05	79.85
119.74	0.02	68.32
1017.96	0.00	8.43
0.00	100.00	0.00
683.20	0.00	23.32
120.57	0.00	72.19
1928.37	4.03	110.71
683.20	0.00	17.05
2049.61	0.00	4.41
0.00	100.00	0.00
682.96	66.68	78.00
1366.41	0.00	74.16
2049.61	0.00	4.41
825.73	0.04	17.29
0.00	100.00	0.00
0.00	100.00	0.00
2478.20	0.00	58.76
2478.20	0.00	3.73
2477.77	0.02	62.84
1652.13	0.00	9.12
2478.20	0.00	58.74
0.00	100.00	0.00
489.24	0.04	252.98
1759.98	0.00	22.02
1534.00	0.00	128.34
1759.67	0.02	22.46
227.39	0.02	147.55
1123.05	0.05	209.15
859.76	0.04	143.02
636.22	0.02	173.16
227.31	0.02	162.99
1651.76	0.04	154.01
1874.51	0.02	18.40
619.27	0.02	232.99
218.99	0.02	138.86
645.16	0.00	48.72
1874.51	0.02	18.52
111.77	0.02	318.27
599.51	58.87	281.23
526.31	14.53	236.60
1510.73	0.00	77.68
2046.78	0.00	87.52
284.99	0.00	126.39
2636.24	0.00	18.41
1379.12	0.00	16.52
158.41	0.02	234.72
841.65	0.02	102.81
967.75	0.04	128.23
284.99	0.00	77.39
0.00	100.00	0.00
0.00	100.00	0.00
0.00	100.00	0.00
2070.90	0.04	9.25
2070.54	0.05	80.49
1949.42	5.90	71.98
121.86	0.00	76.57
1949.42	0.02	73.03
2071.63	0.00	4.37
1796.41	0.00	12.09
1796.41	0.00	12.85
1796.41	0.00	4.75
897.73	0.05	20.91
1796.09	0.02	14.75
1796.41	0.00	11.28
898.05	0.02	9.10
1796.09	0.02	5.03
1795.78	0.04	18.57
1356.44	0.00	9.66
0.00	100.00	0.00
0.00	100.00	0.00
1356.21	0.02	10.29
0.00	100.00	0.00
1356.44	0.00	10.23
1356.13	0.02	6.50
1355.66	0.06	16.67
2712.89	0.00	56.13
2411.11	0.02	9.11
141.78	0.05	65.47
0.00	100.00	0.00
0.00	100.00	0.00
2127.08	16.70	68.43
2411.11	0.02	3.88
2268.89	0.04	62.01
2411.54	0.00	3.82
141.86	0.00	54.30
872.63	0.04	28.34
872.94	0.00	17.78
2618.36	0.02	9.30
2618.36	0.02	10.72
872.94	0.00	9.75
872.48	0.05	25.26
1309.11	0.02	6.72
1309.41	0.00	6.65
2618.82	0.00	7.48
2434.86	0.00	68.74
320.67	0.04	231.31
2143.26	0.00	211.71
145.78	0.02	298.81
145.75	0.04	519.87
2135.75	0.04	290.55
1967.86	0.00	38.43
2434.00	0.04	60.47
145.96	0.02	405.06
1518.53	0.04	8.86
2858.91	0.02	138.08
1518.80	0.02	12.67
1519.06	0.00	5.80
3038.13	0.00	3.12
178.62	93.94	57.76
178.71	0.00	46.14
3038.13	0.00	3.12
0.00	100.00	0.00
0.00	100.00	0.00
113.57	0.02	80.72
1930.75	0.02	4.72
1703.60	11.78	86.64
1931.09	0.00	9.31
1931.09	0.00	80.76
1930.41	0.04	10.76
1931.09	0.00	9.31
113.59	0.00	73.97
1579.31	0.00	45.64
287.71	0.02	126.64
1624.63	0.00	17.56
559.57	0.02	80.89
790.51	0.04	130.33
1325.07	0.04	104.03
285.50	0.00	94.53
792.91	0.02	100.19
1062.51	0.02	95.56
374.54	0.00	440.50
821.35	0.02	762.52
1497.90	0.02	188.34
746.67	0.00	609.15
1497.90	0.02	138.02
434.82	0.04	1181.17
374.41	0.04	290.87
374.54	0.00	266.68
374.48	0.02	308.88
2409.19	0.02	70.56
1204.78	0.00	59.34
301.95	0.00	199.56
301.94	0.00	181.36
1146.80	0.00	96.43
301.94	0.00	150.89
2641.83	0.00	19.26
2641.37	0.02	19.56
1496.03	0.04	238.26
1294.40	0.00	100.51
963.61	0.02	53.64
963.78	0.00	41.73
1980.11	0.02	15.42
1632.99	0.05	82.09
962.51	0.02	41.05
963.44	0.04	43.57
399.51	0.00	123.51
344.95	0.00	103.39
626.08	0.04	238.06
1714.14	0.04	141.63
1935.66	0.02	23.61
1052.91	0.02	60.56
1935.99	0.00	45.97
1935.66	0.02	23.77
1281.13	0.00	197.58
221.21	0.02	190.65
1936.00	0.00	23.42
810.91	0.02	101.98
1630.92	0.00	15.09
396.64	0.02	148.93
1630.92	0.00	15.16
237.98	0.02	139.75
819.73	0.02	41.06
1622.11	0.00	14.80
846.17	0.02	99.41
1621.74	0.02	15.09
844.41	0.00	105.00
1075.75	0.00	88.92
291.44	0.02	105.41
1316.35	0.00	65.54
1653.82	0.02	15.29
1654.11	0.00	15.20
844.11	0.04	91.26
289.06	0.04	136.76
1653.82	0.02	33.56
1611.13	0.02	52.47
551.82	0.04	201.61
1058.06	0.00	103.39
507.40	0.00	115.80
1065.55	0.06	116.37
824.63	0.00	37.48
830.96	0.05	161.97
1328.41	0.04	105.13
281.99	0.04	138.96
957.48	0.00	86.16
1801.68	5.92	80.12
112.60	93.94	79.27
112.60	0.04	87.62
1802.31	0.00	150.05
957.48	0.00	14.56
0.00	100.00	0.00
957.31	50.01	78.20
112.64	94.12	79.43
1456.34	0.04	123.25
708.07	0.00	45.76
749.02	0.00	44.91
256.44	0.02	287.63
757.21	0.04	184.33
256.57	0.00	130.71
955.69	0.02	160.16
1713.20	0.02	20.65
1713.11	0.02	39.71
1782.46	0.00	15.42
1782.15	0.02	15.52
1415.22	0.00	71.24
1757.65	0.05	49.80
1779.16	0.02	15.64
1770.52	0.00	42.40
1773.50	0.00	32.56
373.21	0.00	109.27
1773.19	0.02	28.78
1577.68	0.02	24.53
466.13	0.02	71.79
824.84	0.00	42.36
1595.33	0.04	46.73
2097.96	0.00	11.15
483.98	0.04	57.42
1613.54	0.02	45.16
519.89	0.02	62.19
806.91	0.00	59.51
789.59	0.02	469.51
159.23	0.00	505.20
323.35	66.67	789.64
769.06	0.02	123.96
1113.10	0.00	98.50
2348.69	0.00	68.40
2188.65	0.04	355.94
769.20	0.00	90.68
1235.08	47.86	529.06
448.39	0.04	78.17
1376.64	0.00	39.86
1994.66	0.04	30.78
386.56	0.04	58.82
695.93	0.02	33.67
1345.71	0.00	34.30
386.70	0.00	64.34
696.06	0.00	37.13
1314.77	0.00	35.90
651.47	0.04	150.55
1324.86	0.00	49.71
1302.88	0.02	143.01
1302.81	0.04	116.44
1411.71	0.00	112.43
1281.13	0.04	163.34
651.66	0.00	99.44
1303.15	0.00	49.16
2605.97	0.02	27.44
649.35	0.04	143.82
1969.53	0.00	20.66
1298.71	0.04	66.91
1304.13	0.02	45.76
1299.16	0.00	85.50
2608.26	0.02	15.85
649.35	0.04	86.97
1293.74	0.02	63.89
654.55	0.04	102.71
1805.71	0.02	70.42
705.20	0.04	124.97
711.75	0.00	132.91
1426.64	0.00	67.97
394.93	0.04	126.94
1815.02	0.02	18.38
1093.70	0.05	109.50
395.07	0.00	118.47
1812.30	0.00	17.42
1942.24	0.00	16.72
1827.99	5.88	78.47
971.12	0.00	13.50
114.23	0.02	71.59
0.00	100.00	0.00
970.95	0.02	8.87
1941.90	0.02	4.69
1941.90	0.02	9.32
1941.90	0.02	9.32
99.81	0.02	636.99
1582.13	0.00	55.06
1681.02	0.02	85.98
1681.02	0.02	83.00
1681.65	0.02	80.44
1385.37	14.77	366.74
195.62	0.02	548.26
1582.12	0.00	28.25
1565.52	0.00	230.78
1203.62	0.02	53.15
1541.45	0.04	38.73
608.71	0.00	63.88
351.70	0.00	38.08
946.88	0.00	51.62
932.87	0.05	63.42
338.10	0.02	40.24
338.17	0.00	72.24
1893.44	0.02	11.44
1595.39	0.02	17.44
425.06	0.00	95.95
1588.36	0.04	34.68
421.69	0.00	70.50
1167.23	0.00	69.89
758.91	0.02	86.88
1584.99	0.04	49.24
758.64	0.05	90.00
421.69	0.00	54.46
0.00	100.00	0.00
0.00	100.00	0.00
1878.80	0.00	78.72
1767.97	5.90	88.41
1767.26	5.94	154.30
1768.28	0.00	74.65
0.00	100.00	0.00
110.48	0.04	84.99
0.00	100.00	0.00
1167.13	0.04	105.25
1582.83	0.04	79.99
409.44	0.00	120.99
802.89	0.00	39.44
399.70	0.04	150.97
1499.95	0.02	88.76
786.89	0.00	64.22
872.95	0.04	132.45
1586.58	0.00	38.42
107.55	0.02	246.53
884.41	0.04	213.89
422.16	57.25	373.73
1793.11	0.02	34.91
1793.28	0.02	17.84
1792.94	0.02	35.00
447.60	78.07	316.19
185.79	0.04	470.09
107.40	0.00	271.67
1515.83	0.02	49.64
1946.13	0.02	35.41
254.31	0.00	72.79
244.49	0.02	63.23
1525.88	0.00	43.31
244.53	0.00	76.66
1985.60	0.00	9.93
440.16	0.00	53.63
1222.66	0.00	56.55
0.00	100.00	0.00
1781.36	0.06	109.91
1677.25	5.90	166.76
104.83	0.02	88.70
0.00	100.00	0.00
1467.85	0.00	10.97
0.00	100.00	0.00
0.00	100.00	0.00
0.00	100.00	0.00
593.71	0.02	103.00
1083.76	0.02	74.30
1173.49	0.00	59.82
589.10	0.00	135.97
1644.48	0.02	82.45
1080.18	0.00	33.05
1290.37	0.00	90.59
1079.23	0.00	59.56
1079.23	0.00	47.34
1011.24	0.00	12.72
1011.06	0.02	16.96
1011.24	0.00	12.72
2022.47	0.00	10.12
1011.24	0.00	8.48
2021.66	0.04	9.06
1011.24	0.00	16.45
1011.06	0.02	16.00
2022.47	0.00	4.47
1296.25	0.02	15.97
162.03	0.02	48.64
1296.48	0.00	11.91
2754.54	0.02	3.46
2592.96	0.00	3.58
2592.51	0.02	57.41
0.00	100.00	0.00
0.00	100.00	0.00
2592.51	0.02	50.99
1247.60	0.04	109.59
1696.96	0.00	21.24
446.64	0.02	171.27
448.07	0.02	78.38
1695.53	0.00	20.55
1601.77	0.02	83.90
1174.39	0.02	29.73
1694.52	0.02	43.43
1694.52	0.02	40.61
1661.18	0.05	25.17
276.91	0.04	45.68
553.82	0.04	20.83
553.92	0.02	34.24
0.00	100.00	0.00
1661.76	0.02	5.40
1661.76	0.02	5.40
1107.65	0.04	137.29
553.92	0.02	105.44
1023.55	54.04	362.51
1038.68	0.04	164.39
1124.06	0.00	65.81
2010.00	0.02	212.82
2162.92	0.02	21.89
1039.23	0.00	42.15
152.94	0.00	263.29
127.45	0.02	369.59
930.35	2.15	360.05
0.00	100.00	0.00
0.00	100.00	0.00
2478.33	0.00	60.89
145.78	0.00	59.82
145.76	0.02	60.00
2331.32	5.93	68.52
2186.77	11.76	62.25
145.78	0.00	56.15
2332.55	5.88	62.34
118.66	0.04	303.65
1889.28	0.02	36.23
964.15	0.05	78.31
1607.37	7.68	286.32
159.14	91.56	667.53
1043.11	0.05	96.43
1043.51	0.02	49.89
221.31	0.00	167.14
118.67	0.00	310.42
1026.00	0.02	52.29
1786.32	0.00	50.78
1102.20	0.00	25.02
1026.18	0.00	30.85
988.00	0.02	37.27
1747.70	0.04	26.22
2736.49	0.00	23.98
2773.86	0.02	11.74
949.84	0.04	55.97
927.48	0.00	31.15
960.26	0.04	78.70
1589.96	0.00	38.81
2550.56	0.00	25.31
827.96	0.02	79.33
2583.68	0.00	13.66
894.20	0.02	64.88
960.60	0.00	53.20
2550.11	0.02	13.46
689.02	0.04	95.03
1675.14	0.02	33.26
1675.14	0.02	33.46
1675.43	0.00	25.27
286.31	0.00	72.50
710.34	0.02	70.65
1653.65	0.04	35.66
1664.54	0.02	24.19
1675.43	0.00	12.71
2173.99	0.02	26.38
1169.08	0.00	101.40
391.79	0.04	67.16
864.10	0.00	109.14
1033.53	0.00	19.83
1801.30	0.02	57.23
2175.50	0.00	10.31
892.18	0.02	54.51
142.32	0.00	160.19
1386.99	0.02	198.17
1060.61	0.02	220.06
1331.17	0.04	103.78
1331.33	0.02	53.45
829.75	0.00	137.65
279.82	0.02	229.98
2168.24	0.00	124.01
2448.40	0.00	20.63
2448.40	0.00	20.68
0.00	100.00	0.00
0.00	100.00	0.00
1898.19	0.04	157.76
111.68	0.02	82.71
0.00	100.00	0.00
1898.52	0.02	4.79
1898.52	0.02	77.95
1787.15	0.00	4.99
1898.85	0.00	4.73
281.67	0.00	42.24
271.24	0.00	74.38
886.59	0.02	56.65
1627.44	0.00	17.99
3014.94	0.00	12.62
1627.44	0.00	11.18
3014.41	0.02	12.93
1762.75	0.02	48.26
1616.64	0.02	11.47
155.87	0.00	345.96
1649.02	8.34	292.03
281.61	0.00	171.84
1480.04	0.04	110.44
1257.29	0.00	47.87
155.71	0.04	530.53
503.02	79.86	414.63
2113.47	0.00	126.31
281.80	0.00	259.97
0.00	100.00	0.00
102.30	0.02	86.90
1636.36	0.04	84.00
1636.44	5.92	95.25
1739.33	0.00	14.01
102.31	0.00	159.06
0.00	100.00	0.00
1637.01	0.00	5.41
1739.33	0.00	10.24
1074.13	0.02	102.10
2173.38	0.04	58.53
1067.30	0.02	162.36
2182.80	0.00	30.72
1105.06	0.00	55.82
1109.99	0.02	147.71
1072.61	0.00	55.15
1103.35	0.00	80.09
1103.16	0.02	141.95
0.00	100.00	0.00
0.00	100.00	0.00
2191.51	0.00	4.16
2191.51	0.00	4.16
1804.45	0.02	66.27
128.91	0.00	59.65
2191.51	0.00	4.16
2190.74	0.04	76.48
128.89	0.02	63.51
128.79	0.00	199.97
1867.98	0.00	13.02
1949.85	0.00	12.47
1015.18	0.02	23.00
583.85	0.04	157.82
1864.66	0.02	25.25
1154.14	0.00	118.77
1249.98	0.00	127.36
611.01	0.00	145.49
838.16	0.05	120.34
303.79	0.02	110.73
1431.44	0.02	90.47
1091.15	0.02	87.70
886.90	0.04	60.44
1734.08	0.00	30.58
1734.08	0.00	31.14
838.30	0.04	55.59
304.33	0.00	74.24
1418.10	0.00	57.88
793.11	0.05	224.21
1402.25	0.04	95.31
639.71	0.04	180.03
788.40	0.00	174.38
1412.99	0.00	35.46
1407.62	0.02	73.27
2226.99	0.00	23.65
921.51	0.00	77.72
1865.96	0.00	53.18
138.20	0.04	263.20
1450.62	0.04	57.67
1705.27	0.02	141.51
1451.66	0.04	231.83
304.08	0.00	181.34
160.33	0.02	198.64
138.22	0.02	249.98
1865.30	0.04	59.04
343.56	0.02	190.00
343.30	0.04	449.11
1716.24	0.02	65.10
1371.85	0.05	209.95
1716.54	0.00	61.93
343.25	0.02	358.39
972.69	0.00	259.69
1716.24	0.02	98.27
1372.88	0.02	156.25
1933.16	0.00	4.65
1932.82	0.02	68.18
1932.82	0.02	4.71
113.72	0.00	77.84
1819.13	5.90	88.23
0.00	100.00	0.00
1933.16	0.00	4.65
113.72	0.00	71.86
1819.45	0.00	75.61
2689.58	5.88	100.36
168.10	0.00	49.21
168.07	0.02	52.04
168.10	0.00	51.97
0.00	100.00	0.00
168.10	0.00	51.97
2521.04	11.78	61.13
2521.48	11.76	55.36
168.10	0.00	48.75
658.45	0.04	153.33
663.95	0.00	135.09
1322.64	0.00	54.48
658.68	0.00	119.97
1322.17	0.04	55.90
1327.91	0.00	30.28
663.95	0.00	120.46
1322.17	0.04	47.96
1322.64	0.00	27.84
767.32	0.04	16.86
767.32	0.04	17.63
1534.83	0.02	15.50
1535.18	0.00	8.87
3070.36	0.00	3.10
3069.82	0.02	3.15
2301.97	0.04	13.74
1151.18	0.02	11.15
3070.36	0.00	3.10
2282.72	0.04	50.65
1141.76	0.00	43.82
568.61	0.00	90.03
586.80	0.00	58.51
1137.21	0.00	27.98
1719.16	0.02	71.02
1724.01	0.00	20.30
568.61	0.00	52.81
568.61	0.00	73.99
485.16	0.00	73.91
2383.63	0.00	38.75
1353.15	0.00	26.14
484.53	0.04	115.46
2227.10	0.02	67.77
3270.85	0.00	55.50
1352.52	0.04	52.84
1352.99	0.00	38.15
1352.37	0.04	62.53
1446.26	0.00	16.85
1360.47	5.93	198.25
0.00	100.00	0.00
0.00	100.00	0.00
85.07	0.00	200.32
1361.19	0.00	102.37
1360.95	5.90	111.49
0.00	100.00	0.00
0.00	100.00	0.00
422.40	0.00	185.63
415.85	0.00	89.41
1555.36	0.00	73.82
412.58	0.00	149.07
1080.57	0.00	103.71
1961.39	0.00	17.32
893.77	0.02	86.72
1064.01	0.02	102.86
1961.05	0.02	17.55
132.43	0.00	66.06
2118.89	5.88	65.80
2118.52	5.90	68.01
0.00	100.00	0.00
2251.32	0.00	4.06
992.66	11.82	73.66
132.41	0.02	131.53
132.43	0.00	65.81
992.88	11.80	69.36
124.74	94.12	137.82
1996.12	0.00	4.52
124.71	0.04	74.60
124.74	0.02	69.90
0.00	100.00	0.00
1995.42	0.04	76.87
2120.50	0.02	4.34
1996.12	0.00	70.05
124.71	0.04	76.58
1632.47	0.00	15.41
1623.60	0.04	49.75
1273.66	0.00	59.21
1632.19	0.02	15.81
1623.69	0.04	49.46
345.06	0.02	70.18
1613.30	0.00	39.59
1624.25	0.00	28.47
1629.73	0.00	15.75
2292.27	0.02	36.31
1255.99	0.00	50.01
2282.31	0.02	26.66
2292.15	0.02	33.37
2292.68	0.00	15.20
2282.71	0.00	26.22
2292.68	0.00	15.20
1246.02	0.00	52.58
2292.27	0.02	15.92
274.43	0.02	231.19
1662.70	0.00	46.29
331.81	0.00	247.17
153.71	0.00	202.59
153.71	0.00	157.60
1794.45	0.00	14.38
152.46	0.02	183.46
1662.70	0.00	61.13
1185.73	0.00	127.56
2399.93	0.00	28.60
667.87	0.02	75.51
667.91	0.02	56.10
2399.51	0.02	22.98
1162.85	0.00	31.96
643.17	0.02	50.83
1237.08	0.00	34.87
1113.37	0.00	58.82
618.43	0.02	57.94
1337.64	0.00	56.81
2507.42	0.00	62.31
1888.43	0.00	62.11
1337.40	0.02	28.84
655.59	0.02	117.92
1992.99	0.02	49.51
660.95	0.00	56.05
2648.58	0.02	14.90
2643.80	0.00	28.43
1705.09	0.00	34.04
1698.72	0.04	56.99
1716.63	0.00	15.15
1716.63	0.00	15.15
1716.63	0.00	15.25
1352.87	0.02	51.59
363.52	0.00	68.99
1713.44	0.02	29.25
1716.63	0.00	15.56
752.63	0.00	722.00
94.55	0.02	1124.78
768.12	0.04	339.93
1536.24	0.04	112.06
1536.51	0.02	129.89
673.70	0.02	250.31
862.96	0.00	152.88
768.12	0.04	320.08
676.85	0.02	776.85
133.68	0.02	170.50
926.49	0.00	101.62
673.48	0.04	135.36
1729.73	0.00	34.70
1730.47	0.02	24.64
340.52	0.00	75.10
236.02	0.02	66.59
698.79	0.00	124.84
929.63	0.00	90.53
0.00	100.00	0.00
1108.05	0.00	11.89
2085.02	5.92	79.65
2216.11	0.00	4.12
2085.38	5.90	73.19
2215.72	0.02	134.76
130.36	0.00	63.05
1108.05	0.00	73.12
0.00	100.00	0.00
2988.57	0.00	8.15
2812.77	5.88	49.81
2988.05	0.02	8.15
175.77	0.02	49.86
2988.05	0.02	49.88
2812.77	3.03	48.54
0.00	100.00	0.00
0.00	100.00	0.00
175.80	0.00	49.80
1330.18	0.02	45.40
1392.78	0.02	48.36
2175.23	0.02	18.39
2191.27	0.00	9.56
2190.88	0.02	9.54
1721.41	0.02	33.52
406.95	0.00	45.82
422.60	0.00	36.23
391.30	0.00	66.74
577.92	0.00	103.58
644.49	0.02	103.38
1222.52	0.00	43.32
577.92	0.00	60.23
555.40	0.05	91.88
644.49	0.02	99.00
644.49	0.02	98.51
555.60	0.02	107.90
1222.52	0.00	45.40
237.10	0.00	164.34
2393.82	0.04	68.34
2195.42	0.02	96.18
2669.55	0.00	24.40
236.87	0.00	217.69
2242.79	0.02	14.71
2669.16	0.02	12.64
2669.23	0.02	12.73
2706.42	0.04	24.51
0.00	100.00	0.00
0.00	100.00	0.00
111.68	0.02	73.22
632.96	0.00	25.20
1265.71	0.02	11.64
1786.25	2.09	90.85
632.96	0.00	18.02
1898.89	0.00	82.96
632.96	0.00	21.30
1745.27	0.00	40.32
457.90	0.00	130.19
1949.77	0.00	47.61
1949.75	0.02	31.17
205.48	0.00	146.59
205.12	0.02	237.72
1744.31	0.02	83.77
1368.21	0.02	133.59
1491.93	0.02	19.44
2094.99	0.00	99.94
1178.84	0.00	49.50
310.65	0.00	103.91
1438.03	0.04	151.17
1179.04	0.00	48.16
2405.02	0.02	36.22
918.64	0.00	109.20
1178.84	0.00	31.46
310.40	0.02	147.01
1557.57	0.02	114.42
1243.61	0.00	295.11
314.35	0.02	210.30
159.72	0.04	558.30
1557.22	0.04	63.77
1557.57	0.02	63.00
1264.06	0.00	321.24
1243.44	0.00	38.23
293.78	0.00	153.86
1177.64	0.00	55.09
1996.17	0.04	34.80
443.75	0.00	69.69
2065.14	0.00	10.66
767.76	0.04	54.52
529.09	0.00	49.99
2337.81	0.02	18.99
1109.37	0.00	45.80
443.75	0.00	39.84
0.00	100.00	0.00
2478.47	0.04	59.99
2479.34	0.00	3.73
145.84	0.00	56.13
0.00	100.00	0.00
2479.34	0.00	3.73
2479.34	0.00	11.63
2478.90	0.02	3.79
2479.34	0.00	3.73
1732.97	5.92	93.44
920.80	0.02	9.33
1841.93	0.00	9.72
0.00	100.00	0.00
1733.58	5.88	84.01
920.80	0.02	13.99
108.35	0.00	75.65
1841.93	0.00	90.26
108.33	0.02	80.69
548.80	0.04	159.61
1847.53	0.00	13.14
323.51	0.00	67.77
117.33	0.00	190.68
1846.83	0.02	25.71
969.03	0.00	23.85
1177.81	0.02	134.04
1200.30	0.02	101.45
323.27	0.02	76.89
126.31	0.00	475.09
1110.06	0.02	98.96
1004.99	0.00	103.43
1886.39	10.57	351.11
126.31	0.00	542.23
1004.99	0.00	78.40
228.17	0.00	294.53
1029.41	0.00	52.56
1910.49	0.05	303.71
1909.67	0.02	105.51
1652.82	0.00	85.12
332.19	0.02	107.31
2240.12	0.00	52.40
332.19	0.02	129.41
993.54	0.00	52.63
1982.94	0.00	43.93
2239.72	0.02	16.84
991.24	0.02	51.57
2055.21	0.00	79.05
120.87	0.02	72.10
0.00	100.00	0.00
0.00	100.00	0.00
120.89	0.00	67.64
966.82	5.92	88.91
1027.60	0.00	8.36
1934.31	5.88	77.14
966.99	52.95	144.89
678.45	0.00	70.90
1567.18	0.02	40.16
2269.30	0.00	11.46
725.24	0.00	67.41
1052.40	0.04	48.59
2713.80	0.00	9.78
2221.73	0.04	20.56
1637.64	0.00	34.13
584.67	0.04	65.18
1290.02	0.02	73.13
191.09	0.04	220.07
1068.14	0.02	31.32
2580.31	0.00	28.85
2580.31	0.00	14.55
1510.19	0.02	190.27
1068.19	0.04	92.32
2579.86	0.02	14.82
191.12	0.02	176.61
634.76	0.02	47.59
2115.87	0.02	29.82
587.74	0.02	39.59
1622.45	0.00	29.03
2186.78	0.00	10.82
1528.13	0.02	39.49
1058.12	0.00	31.34
611.36	0.00	36.11
1551.36	0.04	30.40
197.17	0.00	44.46
1774.56	0.00	7.85
1774.56	0.00	10.83
3153.12	0.05	48.75
197.17	0.00	41.63
0.00	100.00	0.00
2760.43	17.65	47.44
197.14	0.02	44.52
3351.96	0.00	2.87
621.55	0.00	95.26
332.66	0.00	76.94
1798.98	0.00	23.45
1800.12	0.02	12.25
1115.96	0.02	90.20
182.35	0.02	138.26
1797.52	0.00	22.86
827.12	0.02	23.89
1468.98	0.02	52.78
1030.66	0.04	118.16
2819.43	4.81	412.89
1942.96	0.02	47.48
176.83	0.00	589.82
2974.43	0.00	32.31
2997.25	0.00	63.86
2997.25	0.00	32.10
1053.84	0.00	110.41
1030.66	0.04	148.85
2059.30	0.00	23.33
1823.91	0.00	185.16
696.43	0.04	111.88
2059.30	0.00	46.16
235.39	0.00	223.91
696.01	0.05	122.51
696.68	0.00	64.42
2058.76	0.04	51.87
2059.60	0.00	23.62
1259.36	0.02	36.39
2221.65	0.00	73.30
256.48	0.00	161.85
1423.40	0.04	33.21
2682.68	0.02	30.19
2177.88	0.04	91.67
256.48	0.00	114.34
2683.15	0.00	11.99
461.75	0.00	77.67
394.29	0.02	101.98
1850.37	0.02	31.51
1850.05	0.04	32.45
397.47	0.00	72.77
1850.70	0.00	34.70
1458.93	0.04	60.04
1443.41	0.04	71.29
1850.70	0.00	32.46
1850.70	0.00	15.86
420.91	0.04	36.20
841.96	0.02	16.15
1683.62	0.04	18.37
841.81	0.04	19.09
842.11	0.00	24.88
841.62	0.06	34.40
1684.21	0.00	5.27
1684.21	0.00	5.27
420.91	0.04	32.86
2416.49	0.00	10.08
2273.55	0.04	62.42
2273.55	5.92	65.32
142.10	0.04	61.44
2416.07	0.02	8.72
142.15	0.00	63.73
142.12	0.02	65.78
0.00	100.00	0.00
2274.34	0.00	62.02
2381.27	0.06	35.95
2532.87	0.00	12.92
177.82	0.00	258.58
177.82	0.00	176.04
177.82	0.00	196.54
2739.43	0.00	12.28
2206.22	0.04	122.77
206.33	0.00	164.54
2354.40	0.04	95.40
1548.12	0.02	181.26
96.76	0.02	102.93
0.00	100.00	0.00
0.00	100.00	0.00
96.76	94.12	91.98
1548.39	5.88	96.03
1548.12	5.90	103.27
1645.16	0.00	5.39
96.77	0.00	89.77
830.12	0.02	70.87
828.62	0.04	77.18
1573.65	0.02	67.85
1997.17	0.02	40.14
1167.92	0.00	80.21
1998.19	0.00	16.22
829.45	0.02	104.83
1575.28	0.00	19.21
422.77	0.04	118.62
165.54	0.02	301.53
2059.66	0.04	55.48
1703.91	0.02	135.68
1563.78	0.04	174.09
2061.50	0.00	16.35
324.35	0.00	127.11
2060.98	0.02	46.64
191.90	0.02	282.80
496.12	0.00	58.50
1352.30	0.00	118.18
84.52	0.00	102.62
0.00	100.00	0.00
1436.82	0.00	6.10
1351.83	0.04	107.76
84.50	0.02	96.60
0.00	100.00	0.00
1436.32	0.04	115.01
1352.07	5.90	117.85
1086.49	0.00	90.14
2164.42	0.00	52.42
2155.86	0.00	39.79
2164.04	0.02	21.25
2164.42	0.00	21.18
1069.00	0.04	98.25
1077.93	0.00	53.54
1077.69	0.02	37.35
2146.93	0.02	55.32
1032.96	0.00	118.53
272.43	0.00	188.23
2110.15	0.04	76.03
1077.82	0.02	210.28
2110.90	0.00	20.18
1023.53	0.04	206.07
1076.55	0.00	37.90
2110.43	0.02	20.60
1077.71	0.02	38.02
2271.09	0.02	35.12
2270.45	0.02	33.53
1166.08	0.00	35.97
2271.48	0.00	13.44
2270.85	0.00	26.01
2270.85	0.00	26.87
1166.08	0.00	24.49
1876.14	0.02	58.32
395.01	0.00	89.07
773.80	0.00	248.37
1579.09	0.00	64.04
805.02	0.02	222.41
1334.82	0.05	185.81
773.80	0.00	230.31
805.10	0.00	237.44
1579.03	0.00	24.01
203.80	0.00	174.33
237.77	0.00	128.96
1916.93	0.00	12.20
958.47	0.00	8.41
1916.93	0.00	4.43
1916.93	0.00	74.09
1916.60	0.02	4.75
0.00	100.00	0.00
1916.60	0.02	78.65
958.30	0.02	15.08
958.30	0.02	17.40
129.07	0.02	61.55
129.07	0.02	63.43
1097.32	0.00	7.85
1097.32	0.00	7.85
0.00	100.00	0.00
2065.19	5.90	199.42
0.00	100.00	0.00
2194.65	0.00	12.96
129.07	0.02	63.42
0.00	100.00	0.00
1505.30	5.90	101.54
1505.57	5.88	184.54
1599.67	0.00	12.92
94.10	0.00	173.48
0.00	100.00	0.00
1505.04	5.92	184.15
0.00	100.00	0.00
1599.39	0.02	92.34
463.95	0.02	57.92
1683.97	0.02	42.56
2492.03	0.00	21.16
446.85	0.00	61.66
1288.98	0.00	27.14
1529.59	0.00	31.00
1116.72	0.04	58.17
790.44	0.02	33.51
790.57	0.00	27.76
140.86	0.02	67.14
0.00	100.00	0.00
2395.12	0.00	3.84
2112.97	6.27	64.03
2395.12	0.00	3.84
2395.12	0.00	3.84
2394.70	0.02	3.90
140.86	91.67	130.49
140.86	0.02	58.15
713.83	0.04	78.25
226.83	0.00	96.61
226.77	0.02	78.90
1285.12	0.02	48.25
898.90	0.00	65.31
394.85	0.00	36.00
1981.93	0.04	26.33
882.10	0.00	71.31
713.83	0.04	79.80
0.00	100.00	0.00
1670.99	0.00	96.16
835.49	0.00	20.37
1670.70	0.02	5.37
98.27	0.02	83.14
1474.40	3.23	93.24
98.28	0.02	91.63
1670.70	0.02	93.41
0.00	100.00	0.00
1442.05	0.00	47.96
1511.09	0.02	41.42
1440.98	0.02	37.31
2451.72	0.02	42.03
516.93	0.02	58.17
1510.61	0.00	29.06
1507.30	0.00	45.32
1510.61	0.00	28.00
1445.36	0.00	20.34
909.34	0.02	14.58
909.39	0.02	14.13
909.39	0.02	23.96
909.39	0.02	95.56
909.23	0.04	89.48
1818.78	0.02	9.89
909.55	0.00	14.13
1819.10	0.00	9.83
909.39	0.02	14.13
971.92	0.04	93.48
561.13	0.00	166.80
2103.63	0.02	44.06
312.90	0.02	110.23
1781.26	0.02	95.47
1171.40	0.02	44.40
1171.60	0.00	121.93
560.54	0.02	158.73
2104.00	0.00	17.31
1434.48	0.02	112.76
1350.34	5.88	104.70
1434.73	0.00	6.11
84.38	0.02	96.74
1433.90	0.06	28.82
0.00	100.00	0.00
84.38	0.02	96.75
0.00	100.00	0.00
1434.48	0.02	12.29
422.09	0.04	249.77
1502.31	0.04	113.39
104.83	0.02	251.26
1707.89	0.02	13.66
205.02	0.00	103.73
1708.02	0.00	28.19
1419.31	0.02	28.76
1027.92	0.00	150.80
208.36	0.00	153.00
163.69	0.00	65.08
0.00	100.00	0.00
927.58	0.00	15.72
927.42	0.02	24.02
763.89	0.00	11.08
163.66	0.02	52.31
2782.75	0.00	3.37
927.26	0.04	21.54
2618.60	5.90	108.33
132.88	0.02	301.59
608.25	0.04	346.77
1391.24	0.06	196.35
661.37	0.04	306.96
132.82	0.00	222.95
1417.97	0.04	148.79
1657.65	0.00	21.16
132.69	0.04	389.30
243.21	0.02	157.18
1194.96	0.00	46.25
1444.11	0.02	43.50
248.29	0.04	357.95
598.06	0.02	185.91
1229.34	0.02	116.25
1444.20	0.04	81.59
214.42	0.02	144.18
221.31	0.00	173.47
597.72	0.02	172.30
1604.39	0.02	92.66
1604.43	0.02	26.75
445.49	0.04	306.57
1362.82	0.02	212.89
1025.17	0.00	195.08
1604.66	0.02	27.10
247.10	0.04	210.88
207.11	0.00	195.72
818.35	0.00	72.69
2393.07	0.02	3.88
2393.62	0.00	3.84
2393.62	0.00	3.81
2393.62	0.00	8.11
2393.62	0.00	11.47
0.00	100.00	0.00
2392.78	0.04	62.26
2393.20	0.02	3.87
1196.60	0.02	7.24
918.04	0.00	175.13
1812.19	0.00	85.46
2544.69	0.02	240.58
2544.16	0.04	480.27
918.04	0.00	211.27
185.07	0.02	556.04
917.88	0.02	71.57
185.15	92.15	952.23
918.04	0.00	71.42
1094.38	23.63	332.59
2059.43	0.00	65.46
2059.07	0.02	50.17
211.18	0.02	230.42
1013.47	0.00	47.96
800.81	0.02	266.08
1045.78	0.02	74.11
1018.56	0.04	87.87
1847.23	0.05	205.84
2064.60	5.90	67.59
2064.96	5.88	69.83
129.06	0.00	59.70
129.06	0.00	67.94
0.00	100.00	0.00
1935.56	11.78	74.05
2064.96	0.00	65.89
129.06	0.00	128.09
2194.02	0.00	8.30
2459.21	0.00	9.93
2169.89	11.76	115.17
144.63	0.02	60.83
144.66	0.00	56.58
144.60	0.04	114.17
2459.21	0.00	7.53
144.66	0.00	57.03
2313.34	5.93	68.56
0.00	100.00	0.00
607.72	0.02	153.46
608.80	0.00	158.91
1816.37	0.02	50.61
1797.27	0.00	73.47
1111.57	0.02	63.78
705.90	0.00	53.49
1817.34	0.02	23.52
1189.03	0.04	104.68
1092.35	0.00	107.29
2061.55	0.00	79.95
1055.11	0.02	133.56
1097.93	0.00	114.46
1051.03	0.00	125.31
2374.94	0.00	13.28
313.34	0.02	83.60
2061.55	0.00	70.12
266.49	0.00	208.39
1095.61	0.02	121.09
1864.18	0.00	100.58
1508.41	0.02	174.89
325.38	0.00	155.40
208.01	0.00	120.17
177.58	0.02	226.38
177.58	0.02	256.61
1168.70	0.06	55.21
1982.11	0.00	82.97
1055.52	0.02	59.34
1873.49	0.00	37.00
1127.26	0.00	35.41
197.63	0.00	214.57
734.91	0.04	138.46
735.04	0.02	123.77
355.73	0.00	95.09
924.73	0.02	114.00
1868.75	0.00	13.88
230.79	0.02	121.23
657.45	0.04	77.12
2656.02	0.00	12.58
2604.84	0.02	12.60
2579.69	0.02	25.77
1315.36	0.00	21.85
632.17	0.04	91.74
1264.11	0.05	62.81
2605.43	0.00	12.50
2605.43	0.00	12.61
2045.59	0.00	14.58
1890.87	0.02	45.56
1003.50	0.00	41.11
1968.39	0.00	13.82
1968.39	0.00	14.05
1968.39	0.00	14.05
1003.50	0.00	26.68
964.90	0.00	55.11
964.90	0.00	23.18
0.00	100.00	0.00
126.52	0.02	84.95
1012.30	0.00	136.79
126.54	0.00	69.25
1012.30	52.94	134.62
1011.95	0.04	80.73
1012.12	0.02	20.19
2151.14	0.00	8.46
2150.77	0.02	73.17
180.52	0.02	319.49
1025.44	0.04	71.58
1061.26	0.02	49.76
2242.53	0.00	16.59
2241.62	0.04	33.24
1180.69	0.02	46.16
1030.25	0.02	51.25
1883.43	0.02	141.56
179.34	0.04	240.83
1191.35	0.00	28.67
883.49	0.02	96.70
1812.89	0.02	11.53
294.51	0.02	150.15
752.64	0.02	90.82
1930.70	0.02	10.94
745.97	0.04	95.82
170.16	0.02	127.19
1800.12	0.00	22.28
2185.88	0.00	67.64
2566.62	0.00	13.33
2565.40	0.00	13.25
1805.44	0.02	81.48
1049.15	0.00	75.57
1137.34	0.00	40.63
1134.91	0.00	26.31
380.74	0.00	81.30
1428.42	0.02	32.97
2080.56	0.02	10.69
1040.46	0.00	8.65
1040.46	0.00	8.26
2079.83	0.05	18.22
2080.56	0.02	8.77
2080.92	0.00	4.35
2080.56	0.02	8.77
2080.92	0.00	4.35
2079.83	0.05	14.17
1015.65	0.02	68.74
1062.71	0.00	39.43
1078.34	0.00	30.55
1046.85	0.02	54.79
2422.36	0.00	9.64
2453.61	0.00	21.11
1062.71	0.00	19.61
406.33	0.00	53.51
1359.65	0.00	23.89
1746.78	20.01	142.97
124.79	0.00	75.17
0.00	100.00	0.00
0.00	100.00	0.00
249.50	86.21	76.20
1996.67	0.00	4.52
124.79	0.00	69.61
0.00	100.00	0.00
0.00	100.00	0.00
0.00	100.00	0.00
1922.69	5.88	74.39
2042.86	0.00	4.43
120.17	0.00	72.42
961.18	0.02	146.87
2042.86	0.00	13.30
120.17	0.00	72.37
1021.43	0.00	12.60
961.18	5.90	153.89
1098.23	0.00	11.96
129.20	0.00	61.43
1098.23	0.00	7.84
1098.04	0.02	7.90
1098.23	0.00	12.02
1938.05	3.23	67.83
1098.23	0.00	7.84
129.20	0.00	68.38
2196.08	0.02	23.15
978.91	0.00	19.17
458.87	0.00	64.38
662.69	0.02	60.83
703.47	0.02	70.00
2110.30	0.02	10.18
1610.28	0.05	46.57
703.43	0.02	77.73
254.88	0.02	119.41
1376.36	0.02	41.24
1422.68	0.02	28.81
0.00	100.00	0.00
0.00	100.00	0.00
0.00	100.00	0.00
1422.68	0.02	18.48
1422.92	0.00	6.16
1422.68	0.02	12.38
0.00	100.00	0.00
1422.18	0.05	202.40
0.00	100.00	0.00
0.00	100.00	0.00
1692.34	0.00	10.50
1692.34	0.00	89.29
846.02	0.02	102.24
0.00	100.00	0.00
1592.79	5.88	94.97
846.17	0.00	97.20
1692.34	0.00	10.50
116.72	0.00	148.72
0.00	100.00	0.00
116.72	0.00	70.02
1867.26	5.90	85.52
0.00	100.00	0.00
1750.86	11.76	213.82
0.00	100.00	0.00
1984.31	0.00	79.10
116.72	0.00	70.02
2244.65	0.02	10.85
1122.33	0.02	18.40
132.02	0.04	71.06
0.00	100.00	0.00
990.29	11.78	77.51
2244.26	0.04	66.09
990.46	55.88	68.40
132.06	0.00	61.91
2112.62	0.02	66.52
2067.40	0.00	14.00
1003.59	0.00	41.98
1445.17	0.00	51.37
501.71	0.02	88.59
1023.30	0.04	70.98
501.80	0.00	89.49
943.38	0.00	49.49
581.98	0.02	69.50
1063.81	0.00	66.40
1465.72	0.00	194.53
1465.47	0.02	164.83
98.33	0.00	464.28
752.35	9.49	288.87
1550.27	0.00	22.36
812.88	49.68	326.22
1582.92	0.00	22.05
790.97	0.04	83.85
129.74	0.02	494.46
2408.88	0.00	49.79
1768.36	0.02	93.73
2407.87	0.00	40.03
633.00	0.02	202.10
1268.26	0.00	98.87
635.03	0.02	152.05
2408.88	0.00	19.78
1773.74	0.00	25.92
635.03	0.02	112.45
1464.16	0.00	78.22
984.40	0.00	45.11
501.25	0.04	115.76
2383.16	0.02	13.47
2383.58	0.00	13.37
1864.98	0.02	54.82
2383.16	0.02	26.55
903.21	0.02	43.62
1383.93	0.00	30.43
2003.82	12.50	65.09
143.13	0.00	57.01
2432.78	0.02	3.85
2432.78	0.02	61.04
2433.21	0.00	3.79
0.00	100.00	0.00
143.05	94.12	68.96
0.00	100.00	0.00
143.10	0.02	65.49
2438.25	0.00	3.78
143.43	0.00	58.65
0.00	100.00	0.00
0.00	100.00	0.00
2437.82	0.02	3.84
2437.39	0.04	13.33
2294.82	5.88	62.28
2294.42	5.90	66.94
143.43	0.00	60.85
1633.11	0.02	99.65
1633.11	0.02	10.93
816.70	0.00	20.85
1633.39	0.00	14.94
816.70	0.00	10.39
816.41	0.04	20.97
0.00	100.00	0.00
0.00	100.00	0.00
816.41	0.04	178.02
0.00	100.00	0.00
2874.90	0.02	8.47
2706.26	5.88	51.73
169.14	0.00	48.46
2705.78	51.52	51.88
169.14	0.00	52.24
0.00	100.00	0.00
169.11	0.02	48.52
2875.40	0.00	3.27
489.81	0.00	115.19
539.57	0.02	85.26
972.95	0.02	95.77
1289.33	0.02	47.99
539.57	0.02	65.57
275.25	0.00	96.44
270.91	0.00	191.66
487.65	0.00	123.69
1244.04	0.00	56.01
1001.79	0.00	75.06
1042.12	0.02	40.56
2044.09	0.00	21.32
1041.94	0.04	82.29
2043.73	0.02	42.38
263.77	0.00	311.31
1780.02	0.02	134.51
1042.30	0.00	58.61
1779.67	0.02	157.95
513.75	0.05	58.28
3371.98	0.00	7.71
3309.14	0.04	24.18
2343.94	0.00	36.82
555.14	0.00	33.44
925.08	0.02	48.52
534.49	0.02	52.02
924.91	0.04	55.41
925.24	0.00	44.91
1754.08	0.02	18.29
1754.39	0.00	10.16
877.19	0.00	19.87
1754.08	0.02	15.07
877.19	0.00	15.30
1754.39	0.00	10.16
1754.39	0.00	5.08
877.19	0.00	16.65
877.04	0.02	14.85
1089.40	0.02	16.83
2179.18	0.00	12.76
1089.40	0.02	12.08
2178.79	0.02	9.38
2178.79	0.02	11.41
2179.18	0.00	4.18
1089.59	0.00	18.18
1089.40	0.02	17.67
1089.59	0.00	12.98
780.83	0.00	55.15
278.06	0.02	72.01
695.14	0.02	48.35
1400.73	0.04	26.11
1379.59	0.02	54.84
1219.38	0.00	13.64
267.36	0.02	49.63
2106.07	0.05	36.11
1850.47	0.00	39.99
481.70	0.02	143.19
2254.59	0.00	15.76
2249.92	0.04	39.51
944.75	0.00	64.26
1298.55	0.00	75.43
478.02	0.00	117.80
2254.20	0.02	16.10
1298.10	0.04	93.38
474.25	0.00	79.45
312.45	0.04	305.31
2107.16	0.02	52.40
1174.36	0.04	53.60
1184.17	0.06	139.93
2097.55	0.00	19.87
1794.64	0.02	115.35
932.62	0.02	41.92
872.50	0.02	213.19
932.75	0.00	85.71
2675.58	9.11	49.26
1516.16	0.02	11.68
178.37	0.02	52.45
0.00	100.00	0.00
3032.86	0.00	3.13
1516.43	0.00	5.81
178.40	0.00	45.96
3032.32	0.02	3.19
3032.86	0.00	3.13
2522.67	0.00	7.35
2522.10	0.02	63.52
0.00	100.00	0.00
2522.67	0.00	3.67
2225.11	6.28	121.30
148.37	0.02	115.55
148.37	0.02	55.49
0.00	100.00	0.00
2522.10	0.02	3.73
802.35	0.00	101.40
692.32	0.02	96.91
2753.27	0.00	14.37
686.94	0.00	104.73
1373.89	0.00	77.83
1945.42	0.00	58.61
2753.27	0.00	14.48
2753.27	0.00	14.59
1373.89	0.00	39.06
2125.94	0.04	118.41
315.15	0.00	125.81
2441.52	0.00	17.33
2441.50	0.00	34.25
2075.61	0.00	34.72
2441.46	0.02	35.09
2441.90	0.00	17.63
2124.36	0.00	116.45
325.11	0.02	216.12
1246.85	0.00	37.23
663.22	0.00	54.15
1220.32	0.00	18.27
1246.85	0.00	18.36
716.15	0.02	35.16
2440.64	0.00	22.01
1246.85	0.00	27.09
1220.32	0.00	37.00
1750.90	0.00	38.71
1584.47	6.34	137.69
2132.69	0.02	39.05
2128.11	0.04	45.93
133.54	0.04	277.14
1999.61	0.00	14.00
411.37	0.02	178.18
2133.15	0.00	13.47
2132.78	0.02	13.63
997.99	0.00	26.47
1833.44	0.02	84.34
107.85	0.02	159.68
107.87	0.00	81.04
0.00	100.00	0.00
0.00	100.00	0.00
0.00	100.00	0.00
1725.29	0.04	23.35
1724.99	5.93	160.38
107.87	0.00	86.41
1773.88	0.00	42.77
963.52	0.04	178.53
1773.88	0.00	39.79
169.19	0.04	167.69
494.77	0.00	94.09
1435.65	0.00	118.78
169.25	0.00	163.67
673.10	0.02	180.57
472.06	0.00	57.83
273.68	0.02	251.90
235.93	0.02	129.59
508.10	0.02	175.70
235.97	0.00	110.93
2423.14	0.00	11.75
2422.33	0.02	23.63
1451.81	0.02	109.58
1308.68	0.02	20.90
1308.60	0.00	30.93
1934.79	6.25	125.78
0.00	100.00	0.00
2063.05	5.92	77.28
128.96	0.02	60.20
128.99	0.00	63.40
128.99	0.00	63.46
128.96	0.02	73.30
2192.76	0.00	68.98
2192.38	0.02	12.53
0.00	100.00	0.00
0.00	100.00	0.00
1811.69	5.90	148.59
113.23	0.02	146.25
1698.46	6.27	76.67
113.21	0.04	79.63
1812.00	5.88	149.74
1925.25	0.00	13.98
0.00	100.00	0.00
1577.47	0.00	112.29
981.96	0.04	172.72
166.60	0.00	210.17
1744.07	0.00	18.62
1744.34	0.00	18.71
1743.54	0.00	54.83
782.22	0.04	230.40
1744.07	0.00	18.71
166.26	0.04	287.92
130.26	0.02	67.08
0.00	100.00	0.00
1107.22	0.02	11.39
2083.81	5.92	80.28
2214.82	0.00	8.23
2084.17	3.05	129.74
1107.41	0.00	18.84
2084.54	0.00	4.35
130.28	0.00	68.76
1308.47	0.02	81.13
541.36	0.02	163.79
397.38	0.02	153.13
1590.95	0.00	29.44
397.31	0.04	187.34
259.16	0.02	200.20
1048.16	0.02	111.15
146.31	0.00	149.96
651.93	0.02	80.73
1078.30	0.02	8.04
0.00	100.00	0.00
2155.85	0.05	15.07
2156.60	0.02	68.79
2156.22	0.04	13.47
1078.30	0.02	12.45
2156.98	0.00	4.22
2156.60	0.02	4.27
1078.49	0.00	12.45
284.60	0.02	258.70
1575.94	0.02	102.39
1313.22	0.00	112.69
1040.84	0.00	154.32
274.11	0.04	160.22
1858.97	0.02	43.82
537.21	0.02	177.62
819.68	0.02	42.63
1030.43	0.02	35.05
2874.90	0.02	8.47
0.00	100.00	0.00
169.14	0.00	51.73
2874.90	0.02	3.33
2875.40	0.00	3.27
2875.40	0.00	55.91
2875.40	0.00	3.27
2875.40	0.00	3.27
2706.26	0.00	52.18
566.69	0.02	163.51
1130.86	0.00	126.49
2263.53	0.00	20.50
1021.85	0.04	115.71
1235.45	0.04	133.29
697.04	0.02	97.29
1130.86	0.00	52.65
1131.76	0.00	38.01
565.78	0.02	162.31
115.33	0.00	75.43
1960.53	0.00	82.83
0.00	100.00	0.00
0.00	100.00	0.00
980.09	0.02	79.67
980.09	50.01	153.33
0.00	100.00	0.00
1960.19	0.02	10.99
0.00	100.00	0.00
1643.29	0.00	181.66
1643.29	0.00	175.67
1830.13	0.05	77.94
187.80	0.00	232.87
187.81	0.00	242.81
1831.09	0.00	52.39
1831.09	0.00	26.74
901.10	0.00	50.82
900.94	0.02	75.13
2213.39	5.92	118.47
138.39	0.00	114.04
1176.33	0.00	14.67
2352.67	0.00	10.34
2352.67	0.00	3.90
1176.33	0.00	14.71
0.00	100.00	0.00
138.37	88.24	69.92
2352.67	0.00	7.80
1850.04	0.00	362.80
1772.79	0.00	399.65
927.06	51.01	517.52
1023.52	0.00	94.95
115.85	0.02	527.57
1849.71	0.02	402.12
119.77	0.00	485.23
119.74	0.02	974.79
926.70	9.45	472.96
2281.37	0.00	10.42
1140.28	0.04	9.95
1140.48	0.02	8.54
2280.97	0.02	4.52
2281.37	0.00	10.59
2280.97	0.02	11.67
2280.85	0.02	9.50
1140.68	0.00	11.36
1140.48	0.02	11.36
1919.36	3.03	71.00
2039.32	0.00	77.33
119.94	0.02	72.61
0.00	100.00	0.00
2038.96	0.02	9.83
1019.48	0.02	12.68
2038.96	0.02	13.36
1019.48	0.02	8.47
2039.32	0.00	4.43
0.00	100.00	0.00
1515.15	0.02	5.87
1426.02	0.02	192.43
1515.41	0.00	5.81
757.71	0.00	11.17
757.71	0.00	22.88
89.11	0.04	97.91
0.00	100.00	0.00
1514.88	0.04	17.55
1191.68	0.02	196.91
1191.74	0.00	194.23
1768.69	0.02	88.90
1176.24	0.02	64.17
596.14	0.04	136.48
1176.51	0.00	42.84
596.35	0.00	127.26
2384.01	0.02	58.93
600.16	0.00	80.29
3124.28	5.90	45.93
2929.53	0.00	6.28
0.00	100.00	0.00
2929.53	9.09	45.43
195.30	0.00	48.29
1659.78	0.02	8.36
3319.38	0.02	7.39
1660.07	0.00	5.37
195.27	0.02	42.35
854.04	0.02	108.67
372.56	0.00	120.40
1176.86	0.02	86.71
1685.40	0.02	30.95
1096.08	0.00	76.40
134.96	0.02	248.41
265.56	0.04	87.20
696.40	0.02	132.60
588.53	0.00	76.94
312.00	0.00	222.57
1478.05	0.02	80.99
1151.04	0.04	127.10
311.95	0.02	116.37
1527.83	0.00	20.29
1527.56	0.02	21.38
311.95	0.02	165.36
1787.52	0.02	34.56
963.08	0.02	112.81
429.70	0.02	99.21
423.12	0.00	126.68
1099.44	0.00	85.61
2621.99	0.00	13.46
1488.45	0.05	90.91
749.48	0.02	131.66
2618.66	0.00	13.55
426.37	0.02	140.49
1585.85	0.00	91.98
0.00	100.00	0.00
2943.33	11.78	45.45
3335.78	0.02	9.78
1111.93	0.02	10.72
1112.12	0.00	7.78
196.22	0.02	42.64
196.18	0.04	48.89
2223.46	0.04	9.54
1112.12	0.00	10.67
2524.10	0.02	12.87
0.00	100.00	0.00
148.50	0.00	108.65
148.50	0.00	55.13
2524.54	0.00	7.33
2524.54	0.00	3.67
2227.54	14.29	114.44
0.00	100.00	0.00
1262.27	0.00	6.88
942.46	0.00	96.71
1971.61	0.02	26.45
134.79	0.00	135.43
920.18	0.00	92.17
1029.49	0.00	93.16
917.89	0.02	109.20
1970.89	0.00	19.33
1970.89	0.00	19.52
1970.89	0.00	19.25
979.44	0.00	53.01
2221.46	0.00	16.34
1901.27	0.00	88.32
331.15	0.02	131.51
987.92	0.00	51.16
1889.48	0.04	96.42
2231.95	0.00	16.55
1241.70	0.02	66.47
331.00	0.00	128.08
2300.32	0.00	9.32
0.00	100.00	0.00
2165.01	3.03	66.77
135.31	0.00	60.46
0.00	100.00	0.00
1149.96	0.02	11.75
2299.51	0.04	73.00
1149.96	0.02	15.14
2300.32	0.00	64.95
1560.27	0.00	84.22
967.45	0.02	88.59
1552.33	0.00	70.19
1881.23	0.00	35.88
331.02	0.00	145.98
330.90	0.04	103.97
913.12	0.05	106.31
1549.41	0.02	65.68
1880.70	0.00	32.75
960.86	0.02	55.72
961.03	0.00	32.46
961.03	0.00	42.16
1921.71	0.02	24.50
1883.61	0.00	29.87
1960.49	0.00	13.61
1960.49	0.00	14.08
960.86	0.02	49.01
1960.15	0.02	14.28
2068.71	0.04	43.02
533.36	0.00	66.68
533.27	0.02	74.48
1066.72	0.00	22.67
1045.38	0.00	53.99
959.88	0.02	56.37
661.36	0.00	36.93
1066.72	0.00	22.67
1471.55	0.04	42.79
3030.30	0.02	26.00
910.61	0.00	57.62
380.55	0.00	58.96
2350.86	0.02	34.58
3044.42	0.00	7.98
883.27	0.02	65.56
625.08	0.02	68.44
964.97	0.00	29.75
353.37	0.00	61.87
783.73	0.00	78.09
1567.19	0.02	53.08
783.73	0.00	100.29
783.73	0.00	72.50
790.00	0.00	45.10
1560.65	0.04	56.96
783.73	0.00	39.81
1567.46	0.00	48.14
783.59	0.02	68.72
501.07	0.02	150.09
942.85	0.05	115.07
501.07	0.02	63.73
255.49	0.00	203.17
687.74	0.02	130.37
461.77	0.02	46.24
1896.53	0.00	14.30
1424.60	0.02	65.42
245.58	0.04	199.32
736.77	0.02	68.70
1052.71	0.00	67.30
1052.71	0.00	62.62
1052.71	0.00	52.26
1653.97	0.02	42.83
391.01	0.00	66.09
1067.56	0.02	30.88
375.90	0.02	81.33
2105.42	0.00	20.04
1411.81	55.89	47.12
3200.67	0.00	50.74
1600.05	0.02	8.29
188.27	0.00	43.58
0.00	100.00	0.00
1412.06	11.76	54.78
3200.67	0.00	2.99
3200.67	0.00	2.99
3200.67	0.00	2.99
236.39	0.04	210.68
1357.06	0.00	117.49
463.19	0.00	227.66
1356.51	0.04	117.97
888.12	0.02	36.43
888.20	0.00	56.00
886.22	0.05	159.47
704.94	0.04	102.64
933.65	0.00	133.40
2737.23	0.00	11.57
1751.18	0.02	112.44
938.65	0.00	108.56
2735.58	0.00	11.44
1015.69	0.04	184.32
943.92	0.00	113.31
852.39	0.04	163.84
377.11	0.00	142.76
206.17	0.00	135.99
1572.36	0.00	104.25
926.02	0.00	51.29
235.82	0.00	172.07
234.23	0.04	232.15
925.32	0.04	50.41
1814.17	0.00	34.84
1578.83	0.02	20.22
1345.54	0.00	120.10
1814.17	0.00	35.06
1469.02	0.04	111.21
1469.35	0.02	89.99
195.78	0.04	187.56
1864.11	0.02	15.20
1662.32	0.00	82.53
195.74	0.05	223.70
228.71	0.02	118.68
1862.87	0.00	31.30
1864.43	0.00	29.69
1544.79	0.02	13.28
1545.06	0.00	11.75
1545.06	0.00	5.20
1545.06	0.00	9.43
1545.06	0.00	5.20
1544.79	0.02	12.89
1545.06	0.00	9.43
1544.79	0.02	5.26
1544.52	0.04	13.22
2907.11	5.90	90.59
181.73	0.00	45.13
0.00	100.00	0.00
1544.67	0.00	8.56
3088.81	0.02	3.14
3089.35	0.00	6.22
1544.67	0.00	5.71
3088.81	0.02	3.14
3088.81	0.02	6.72
698.49	0.05	179.96
698.45	0.06	146.87
1889.85	0.02	45.19
679.97	0.02	118.29
1177.06	0.02	63.39
1894.54	0.02	23.67
586.08	0.04	175.73
717.61	0.00	89.01
1894.88	0.00	23.54
446.27	0.00	107.42
2074.48	0.00	40.66
867.84	0.04	90.27
787.95	0.00	46.27
2088.42	0.00	14.79
435.66	0.04	91.35
784.33	0.02	45.10
2081.45	0.00	14.56
1202.85	0.00	75.03
530.19	0.00	20.00
2120.02	0.04	15.42
1060.38	0.00	12.21
530.10	0.02	20.12
2120.77	0.00	4.28
2120.77	0.00	8.62
2120.39	0.02	4.34
1060.38	0.00	16.98
1060.20	0.02	20.57
66.20	66.67	126.44
1059.17	50.00	130.89
1985.60	11.78	73.14
1125.37	0.00	13.92
0.00	100.00	0.00
132.40	0.00	66.79
1125.37	0.00	11.90
1125.18	0.02	22.27
1124.72	0.06	73.22
627.92	0.00	44.61
2221.09	0.04	22.24
1110.93	0.00	28.81
1641.96	0.02	15.25
1714.70	0.00	40.53
603.56	0.04	65.67
2221.48	0.02	26.03
2680.26	0.02	19.63
1207.54	0.00	47.95
1716.92	0.00	98.99
2434.19	0.00	24.20
256.53	0.02	128.33
2432.96	0.00	26.60
256.12	0.02	84.68
1921.52	0.02	78.50
2433.76	0.02	24.32
714.96	0.04	105.36
2176.38	0.00	23.68
180.08	0.02	150.26
1442.03	0.02	82.25
2607.27	0.00	24.41
807.62	0.00	87.31
1305.98	0.02	27.08
2606.52	0.02	19.21
1300.49	0.00	37.39
1300.77	0.00	17.26
178.65	0.02	116.27
110.42	0.02	79.80
1767.09	5.88	151.32
1877.20	0.02	21.23
938.77	0.00	9.10
110.42	0.02	74.08
938.77	0.00	13.65
938.77	0.00	18.66
0.00	100.00	0.00
1767.09	0.00	9.82
530.83	0.04	170.41
404.73	0.00	183.92
191.68	0.02	156.82
1617.38	0.00	16.44
524.83	0.02	160.09
190.12	0.04	216.87
1417.81	0.02	81.63
1424.15	0.00	59.96
1232.22	0.02	98.05
1161.16	0.00	11.60
2321.91	0.02	10.49
2185.71	0.00	4.17
1092.66	5.90	71.21
2322.32	0.00	11.84
136.58	0.02	64.58
0.00	100.00	0.00
1092.47	5.92	71.27
1160.95	0.02	11.77
123.75	93.75	132.13
2103.45	0.02	11.58
2103.08	0.04	15.44
123.75	0.00	70.87
1855.98	6.27	73.10
2103.45	0.02	70.47
0.00	100.00	0.00
123.75	0.00	70.36
2103.45	0.02	4.37
1245.77	7.07	117.97
955.54	0.04	147.96
982.41	0.00	106.95
1937.50	0.04	22.29
119.35	0.02	207.41
557.80	0.04	155.18
1937.95	0.02	11.21
1700.85	0.04	22.33
233.01	0.02	95.91
1018.31	0.00	204.57
760.83	0.04	260.37
1739.52	0.02	46.49
257.79	0.00	207.57
1739.91	0.00	23.41
257.70	0.04	283.34
719.41	0.02	268.40
257.75	0.02	183.69
1481.77	0.02	122.52
623.92	0.02	452.86
1143.60	0.02	106.44
727.70	0.02	231.33
1247.71	0.00	263.36
1143.50	0.02	146.11
623.61	0.04	521.03
727.45	0.05	234.92
727.44	0.05	246.38
1127.08	0.00	194.40
1392.51	0.02	123.05
1720.88	0.02	16.38
196.11	0.00	152.95
915.20	0.00	43.89
164.08	0.00	159.82
164.06	0.02	158.94
1530.05	0.02	84.34
805.58	0.02	48.09
1720.36	0.02	31.36
466.80	0.00	120.61
473.99	0.04	132.17
459.29	0.04	146.40
907.72	0.02	97.35
1653.45	0.04	57.19
1282.57	0.02	76.05
900.37	0.02	99.10
1271.54	0.02	66.80
459.37	0.02	101.81
2092.03	0.06	34.99
1297.00	7.60	117.95
853.82	0.00	127.62
132.37	0.04	151.30
132.42	0.00	146.89
831.43	0.02	128.44
2093.24	0.00	20.71
428.95	0.02	139.88
2094.30	0.00	10.08
671.14	0.00	16.90
1341.58	0.05	25.51
1341.81	0.04	10.75
0.00	100.00	0.00
1342.05	0.02	10.69
0.00	100.00	0.00
2684.56	0.00	3.72
2684.56	0.00	3.72
2684.56	0.00	60.30
2152.68	0.00	14.75
717.56	0.00	15.69
2152.30	0.02	76.49
358.78	0.00	23.08
717.43	0.02	30.71
1076.15	0.02	31.40
1076.34	0.00	12.13
717.56	0.00	11.51
0.00	100.00	0.00
2281.37	0.00	10.42
1140.48	0.02	14.75
1140.68	0.00	11.81
2280.97	0.02	8.05
2280.97	0.02	8.02
2281.37	0.00	4.01
1140.68	0.00	11.35
1140.09	0.05	22.39
1140.48	0.02	14.69
940.92	0.00	39.68
1920.07	0.02	41.55
1919.68	0.04	96.17
1920.10	0.02	21.50
979.27	0.00	39.08
1920.42	0.00	21.22
1631.08	0.00	139.85
247.82	0.00	153.19
295.67	0.02	155.03
1930.29	0.00	16.83
965.15	0.00	14.06
964.81	0.04	13.10
965.15	0.00	13.55
1929.96	0.02	15.22
965.15	0.00	21.51
1929.96	0.02	4.72
964.81	0.04	24.80
964.98	0.02	24.34
2148.11	0.02	81.23
2221.28	0.00	53.38
2588.32	0.00	66.56
1708.48	0.00	47.93
1344.02	0.02	50.61
819.40	0.00	59.19
891.80	0.04	119.41
1696.27	0.00	23.56
454.92	0.05	131.43
0.00	100.00	0.00
2268.68	5.92	66.89
2411.44	0.00	3.82
1205.72	0.00	7.18
2269.20	0.02	116.16
141.82	0.02	114.45
141.80	0.04	66.34
1205.72	0.00	7.19
1205.51	0.02	7.25
125.31	0.02	74.42
0.00	100.00	0.00
2130.25	0.02	4.32
125.31	0.02	65.31
125.33	0.00	65.24
2004.13	5.94	140.99
1879.63	11.78	108.51
250.66	0.00	30.95
2130.25	0.02	4.32
1140.68	0.00	7.57
1140.68	0.00	11.92
2281.37	0.00	4.01
1140.09	0.05	20.52
2280.97	0.02	8.08
1140.48	0.02	11.36
2280.97	0.02	4.07
1140.48	0.02	16.67
2280.97	0.02	4.07
94.55	0.00	99.31
94.54	0.02	92.44
0.00	100.00	0.00
1607.11	0.02	11.07
1512.31	5.92	262.41
1512.84	0.00	16.81
94.54	0.02	97.58
1512.58	0.02	5.88
1512.58	0.02	11.40
1831.84	0.05	68.97
1626.76	0.00	86.11
247.15	0.04	103.78
247.17	0.04	116.32
245.25	0.02	93.00
1116.36	0.02	91.47
253.14	0.00	90.94
684.85	0.00	100.21
2087.91	0.00	12.54
1107.25	0.04	105.93
858.99	0.02	117.36
518.16	0.00	153.90
854.54	0.02	92.71
140.36	0.04	179.80
629.59	0.00	131.06
1628.03	0.00	13.16
1626.63	0.02	25.76
274.12	0.00	71.22
1794.55	0.02	67.41
2173.82	0.00	13.95
2174.42	0.00	13.94
2173.21	0.00	26.92
378.28	0.02	90.29
390.38	0.02	82.13
2172.23	0.02	25.96
2173.21	0.00	13.63
1794.87	0.00	58.07
1122.49	0.00	49.14
2244.99	0.00	15.10
1002.23	0.00	50.52
1242.76	0.00	51.66
1002.23	0.00	65.41
2325.17	0.00	15.36
1202.67	0.00	28.19
2244.99	0.00	16.11
2204.90	0.00	28.50
0.00	100.00	0.00
1564.39	5.90	94.25
415.61	0.00	68.34
0.00	100.00	0.00
830.94	0.04	64.37
97.77	0.02	93.70
1662.17	0.02	95.40
415.47	0.04	58.15
1662.46	0.00	5.34
1816.72	5.90	82.75
113.56	0.00	77.93
113.56	0.00	162.63
0.00	100.00	0.00
1817.03	0.00	82.45
1929.92	0.04	93.54
0.00	100.00	0.00
1703.47	6.25	84.37
113.56	0.00	85.33
1152.16	0.02	56.42
883.17	0.04	74.08
320.10	0.00	39.89
320.10	0.00	85.30
934.69	0.00	66.11
934.69	0.00	35.17
1152.36	0.00	17.37
2099.49	0.02	10.43
1203.37	0.02	41.50
1091.48	0.02	61.33
263.95	0.00	381.35
948.72	32.22	203.74
1203.59	34.88	482.14
2287.12	0.00	20.64
1091.28	0.04	79.64
134.22	0.00	320.73
1091.67	0.00	40.58
2039.67	0.04	187.58
247.39	0.00	152.87
1916.30	0.02	46.91
1668.99	0.04	142.32
1215.92	0.02	236.20
692.45	0.02	164.93
1669.31	0.00	45.80
247.27	0.04	233.93
1916.35	0.02	43.67
1916.95	0.00	22.47
611.38	0.00	144.58
819.43	0.02	114.28
1662.70	0.00	32.38
1049.25	0.02	106.31
909.07	9.39	124.38
118.68	0.02	159.01
118.70	0.00	182.13
422.97	0.00	116.55
1753.77	0.02	11.76
244.41	0.00	187.30
1594.84	0.02	78.19
1342.67	0.02	144.82
1584.43	0.04	61.14
243.59	0.02	163.85
487.10	0.04	80.20
2031.67	0.04	30.18
244.02	0.00	131.72
243.59	0.02	203.12
791.95	0.04	135.54
1552.75	0.02	105.98
1577.90	0.02	28.58
810.95	0.02	54.57
804.81	0.00	83.73
804.67	0.02	55.44
1420.74	0.02	96.92
804.81	0.00	55.98
785.94	0.00	117.98
336.32	0.00	65.36
1182.65	0.06	55.98
809.51	0.02	71.20
336.32	0.00	58.87
2005.44	0.00	11.05
323.80	0.02	65.27
1407.30	0.02	53.45
1980.18	0.02	30.32
1992.98	0.00	21.21
1106.58	0.02	11.95
2212.77	0.04	16.63
1041.30	52.96	71.74
130.19	0.02	76.67
976.56	0.00	12.88
130.21	0.00	62.78
911.46	17.65	84.92
1106.77	0.00	7.79
1106.77	0.00	7.79
124.33	0.02	654.15
994.50	0.00	117.51
124.39	0.64	950.39
1639.53	22.39	427.52
292.03	68.01	960.67
2113.19	0.00	72.63
1716.24	13.32	452.14
224.63	1.74	555.27
2112.82	0.02	60.70
849.95	0.02	80.02
461.83	0.04	94.75
535.75	0.04	113.44
1773.82	0.02	27.43
462.01	0.00	102.83
831.33	0.04	58.04
942.34	0.02	39.37
461.93	0.02	72.58
461.93	0.02	102.11
126.49	0.02	129.57
126.49	0.02	134.09
0.00	100.00	0.00
2024.18	5.88	134.92
1897.33	11.78	74.59
126.49	0.02	69.42
2150.69	0.00	4.23
126.49	87.50	72.73
1897.00	11.80	75.51
1782.56	0.00	43.82
2495.58	0.00	10.37
1247.57	0.02	41.87
2470.11	0.00	10.46
1884.42	0.00	21.72
2546.06	0.02	10.67
1247.79	0.00	38.44
2546.51	0.00	10.50
636.40	0.04	61.46
161.41	0.00	243.40
1359.38	0.06	137.43
1681.44	0.00	34.70
1681.40	0.02	47.94
1681.14	0.02	35.03
1520.29	0.00	19.43
160.35	0.02	175.57
1681.69	0.00	17.91
1679.31	0.04	66.13
755.34	0.02	38.07
433.99	0.00	83.35
723.32	0.00	31.14
723.32	0.00	33.90
2169.97	0.00	18.27
787.48	0.02	54.14
2169.97	0.00	18.60
723.20	0.02	58.42
2169.59	0.02	18.82
2890.69	5.92	92.14
3072.60	0.00	49.25
2891.86	5.88	49.51
180.71	0.02	48.52
1536.30	0.00	5.74
180.74	0.00	47.33
180.74	0.00	45.38
1535.49	0.05	14.51
0.00	100.00	0.00
393.79	88.24	50.45
196.89	0.00	44.51
2755.54	12.53	86.96
196.86	94.12	88.03
0.00	100.00	0.00
196.86	0.02	46.90
196.86	0.02	44.58
196.82	0.04	44.65
3150.30	0.00	43.63
2229.83	0.00	29.88
389.12	0.00	97.12
1830.16	0.00	66.64
1083.38	0.02	85.59
1827.35	0.02	69.71
1084.19	0.00	26.56
1145.43	0.02	26.61
1145.01	0.00	88.81
388.43	0.02	76.89
2461.43	0.00	14.31
1161.64	0.04	45.23
1119.59	0.02	43.98
2514.25	0.00	7.03
274.67	0.00	59.13
2503.68	0.00	7.15
1352.20	0.00	12.18
1108.84	0.04	51.62
1109.03	0.02	42.97
416.86	0.02	285.69
497.14	0.00	319.30
400.78	0.04	286.88
2434.38	0.00	50.50
423.37	0.00	202.28
2434.38	0.00	19.58
795.42	0.00	178.47
1218.80	20.83	180.14
2007.00	0.04	105.95
2634.34	0.00	28.53
2637.16	0.00	22.06
2636.56	0.02	17.62
1324.23	0.00	25.20
1933.77	0.02	43.69
1324.00	0.02	17.22
352.88	0.02	50.17
2648.46	0.00	9.26
352.94	0.00	62.27
242.19	0.04	155.55
531.32	0.00	84.79
242.27	0.00	166.68
919.87	0.00	130.35
2785.76	0.00	29.36
1594.66	0.00	33.95
2108.20	0.00	116.83
3026.81	0.00	24.68
2309.44	0.00	121.45
751.80	0.02	119.41
1497.10	0.02	47.58
2995.45	0.00	15.39
2994.97	0.00	14.82
2995.21	0.00	15.05
2994.97	0.00	14.94
1497.37	0.00	81.25
1473.29	0.02	70.10
1497.10	0.02	26.43
1960.76	0.00	14.98
1545.76	0.00	17.24
1957.76	0.02	56.67
415.49	0.04	86.40
1543.50	0.02	62.70
1543.77	0.00	65.13
414.99	0.00	89.62
1959.43	0.00	14.50
1957.76	0.02	38.74
433.08	0.02	115.30
1682.66	0.00	55.68
1699.32	0.00	35.03
1681.99	0.04	56.63
1698.73	0.04	36.24
416.28	0.05	142.90
1732.64	0.00	17.16
849.66	0.00	80.77
1715.68	0.02	18.01
636.01	0.02	105.13
1112.39	0.05	123.89
1129.09	7.75	125.91
120.38	0.02	133.64
330.74	0.04	198.81
310.00	0.00	61.01
925.27	0.00	21.87
119.45	0.00	233.27
213.23	0.04	215.17
1699.36	0.00	84.31
1701.65	0.00	60.40
358.72	0.02	82.52
2059.50	0.02	39.50
2061.01	0.00	15.49
2057.78	0.02	15.06
2057.21	0.02	28.94
2058.57	0.04	31.24
369.61	0.02	113.28
127.63	0.00	68.25
127.63	94.12	134.63
2169.75	0.00	11.23
127.63	0.00	72.42
1914.15	6.27	69.94
0.00	100.00	0.00
127.63	0.00	64.52
2169.75	0.00	12.64
2169.75	0.00	4.19
1822.27	0.02	45.18
1891.37	0.00	18.75
1822.27	0.02	18.16
1788.20	0.00	33.77
1718.52	0.05	54.00
1788.20	0.00	35.50
1822.59	0.00	18.81
893.95	0.02	64.28
859.71	0.00	75.95
870.42	0.04	78.64
274.38	0.02	159.95
1517.71	0.00	94.47
229.58	0.02	242.59
1324.60	0.02	39.84
1517.71	0.00	81.42
414.06	0.00	74.94
1279.70	0.05	133.22
876.09	0.02	77.29
1274.76	0.02	46.40
637.24	0.04	76.15
1249.05	0.04	67.86
637.38	0.02	94.20
1269.66	0.02	34.98
2529.57	0.00	13.27
2539.77	0.00	37.13
2543.98	0.04	27.32
1274.76	0.02	25.88
0.00	100.00	0.00
0.00	100.00	0.00
1832.06	0.00	9.77
1832.06	0.00	83.31
107.73	0.04	152.21
915.87	0.02	9.38
862.00	5.90	91.87
1831.74	0.02	9.83
861.84	52.96	164.30
790.68	52.95	86.99
840.10	0.02	10.15
0.00	100.00	0.00
790.54	5.92	91.46
1680.19	0.02	19.24
98.85	0.00	82.08
1679.90	0.04	93.66
0.00	100.00	0.00
1680.49	0.00	15.79
1972.91	0.00	37.08
133.76	0.00	500.47
1037.90	0.00	99.40
1972.22	0.04	148.00
1037.72	0.02	66.95
1972.91	0.00	73.42
263.01	0.02	289.03
1972.56	0.02	37.49
1726.36	0.04	525.85
1555.92	0.02	31.25
457.62	0.02	108.35
176.04	0.00	107.86
1556.19	0.00	23.44
1098.30	0.02	48.10
1556.19	0.00	23.70
183.08	0.00	114.90
457.62	0.02	107.79
1556.19	0.00	11.88
390.81	0.00	131.03
1230.13	0.00	68.28
1809.47	0.02	49.04
2139.78	0.02	12.60
915.39	0.00	58.72
327.80	0.02	127.37
1799.30	0.00	14.46
1495.04	0.00	26.78
957.02	0.04	50.93
405.01	0.00	128.62
1907.06	0.04	77.35
404.81	0.02	137.43
2299.27	0.00	48.97
1909.93	0.00	71.30
1182.15	0.00	105.77
2298.88	0.02	15.78
2299.40	0.00	15.63
1116.93	0.02	113.86
2090.86	0.04	22.85
2091.23	0.02	17.56
2098.50	0.00	9.01
2105.40	0.00	8.93
317.48	0.02	93.83
876.52	0.02	72.42
724.68	0.02	85.26
1042.35	0.00	23.60
179.48	0.00	97.14
910.42	0.00	114.23
2590.97	0.02	281.98
188.43	0.02	315.45
2591.43	0.00	243.83
934.74	0.00	121.73
910.42	0.00	122.41
188.43	0.02	350.89
2779.90	0.00	26.73
2779.90	0.00	26.88
865.65	0.02	26.22
865.65	0.02	14.52
865.80	0.00	20.11
865.60	0.02	15.09
865.65	0.02	22.55
865.65	0.02	9.89
865.65	0.02	27.69
1731.60	0.00	10.28
865.80	0.00	23.51
1189.30	0.02	145.83
1077.24	0.00	568.14
1189.57	0.00	154.98
1189.57	0.00	110.86
134.80	0.00	616.07
1189.15	0.04	144.54
1319.64	0.02	175.33
2396.15	0.04	86.71
1076.68	9.15	536.12
2129.21	0.02	36.22
3240.01	0.00	20.25
441.05	0.02	79.82
699.72	0.00	32.07
380.22	0.02	97.04
3240.01	0.00	8.25
501.97	0.00	96.38
684.39	0.02	56.52
2433.81	0.00	40.10
0.00	100.00	0.00
1573.26	0.00	11.22
1573.26	0.00	93.80
1572.99	0.02	93.93
0.00	100.00	0.00
1572.99	0.02	5.67
1480.46	0.02	95.29
0.00	100.00	0.00
1572.99	0.02	93.88
2663.78	0.02	37.29
2664.60	0.00	15.35
1552.29	0.00	61.75
556.16	0.00	64.09
556.16	0.00	87.31
555.98	0.00	57.62
2664.07	0.00	28.81
2549.32	0.00	62.63
1110.99	0.02	32.85
417.62	0.02	113.44
1530.47	0.00	72.53
1937.69	0.04	66.40
1210.39	0.02	73.52
815.81	0.00	55.58
1210.45	0.02	25.94
1533.46	0.02	58.77
407.76	0.04	130.84
407.84	0.02	82.36
2469.98	0.02	24.47
2470.54	0.00	24.79
2470.54	0.00	19.81
2481.52	0.00	10.94
1784.28	0.00	37.05
2476.03	0.00	10.96
2476.03	0.00	10.96
2475.60	0.02	11.27
691.75	0.00	37.52
710.08	0.02	113.69
1919.00	0.00	35.85
1583.98	0.00	58.02
334.90	0.04	99.39
1924.36	0.00	14.66
337.64	0.02	78.49
1206.07	0.00	65.74
1913.64	0.00	38.30
1578.34	0.02	68.61
882.66	0.00	18.40
0.00	100.00	0.00
882.66	0.00	18.43
1765.32	0.00	5.05
1765.01	0.02	177.70
103.82	0.02	86.72
0.00	100.00	0.00
1661.18	5.90	93.91
0.00	100.00	0.00
242.87	0.02	113.53
1098.71	0.04	91.46
1380.00	0.02	114.28
287.61	0.04	263.80
704.43	0.05	177.54
241.76	0.00	136.15
241.71	0.02	130.75
1385.79	0.02	105.42
915.29	0.04	115.67
672.75	0.00	192.99
1607.84	0.02	39.01
902.45	0.06	152.00
1369.66	0.02	101.00
469.21	0.00	64.83
1608.88	0.00	20.11
238.23	0.00	224.89
1138.89	0.04	73.90
1608.12	0.00	39.59
655.05	0.00	244.33
1079.85	0.02	185.57
961.71	0.02	99.32
1930.97	0.00	33.57
962.03	0.02	102.46
195.85	0.02	287.92
968.46	0.00	47.07
968.61	0.02	107.79
1930.97	0.00	16.88
2082.77	0.00	11.70
1960.25	0.00	69.46
122.49	0.02	71.15
2082.04	0.04	8.82
2082.77	0.00	4.35
2082.77	0.00	4.35
0.00	100.00	0.00
1959.22	5.93	80.44
0.00	100.00	0.00
2112.43	0.00	21.58
985.63	0.02	16.81
2156.44	0.00	8.52
959.23	0.02	50.74
228.85	0.00	86.10
959.06	0.04	38.71
959.06	0.04	65.09
968.20	0.00	16.34
2112.43	0.00	8.45
0.00	100.00	0.00
2013.16	0.00	4.48
2013.16	0.00	84.24
1894.74	3.03	76.08
1006.40	0.02	12.95
2013.16	0.00	4.48
2013.16	0.00	77.97
1006.40	0.02	20.23
118.42	0.00	69.02
1384.10	0.00	45.04
665.43	0.00	73.82
745.29	0.00	60.81
1889.50	0.02	28.65
1916.45	0.00	14.38
1303.79	0.04	52.07
665.43	0.00	74.27
1916.45	0.00	15.03
1224.18	0.02	41.23
127.81	0.02	70.53
0.00	100.00	0.00
0.00	100.00	0.00
2045.31	5.88	79.92
1916.81	6.28	202.07
127.83	0.00	68.15
0.00	100.00	0.00
0.00	100.00	0.00
127.83	0.00	132.90
2408.04	0.02	22.32
1285.18	0.00	34.73
1126.82	0.02	117.94
2407.21	0.00	18.14
156.88	0.02	146.12
2407.91	0.02	9.23
1154.42	0.00	17.43
755.91	0.00	104.05
1254.04	0.00	16.51
361.00	0.00	239.91
2019.71	0.02	49.25
137.24	0.02	184.66
2157.33	0.00	11.43
1332.42	7.52	127.50
421.45	0.02	152.62
2155.16	0.00	11.30
1479.65	12.75	123.50
135.08	0.02	279.08
1754.35	0.04	65.03
2059.92	0.00	19.83
1205.84	0.02	174.41
305.20	0.00	225.42
912.69	0.00	79.92
851.82	0.04	125.70
2060.19	0.00	19.97
2059.88	0.00	19.84
2059.90	0.00	19.83
923.58	0.00	99.61
543.19	0.02	130.38
1474.36	0.02	30.17
543.19	0.02	116.30
193.96	0.04	180.36
760.59	0.00	28.25
380.23	0.02	129.59
721.66	0.02	129.42
737.18	0.02	29.05
202.94	0.02	131.92
565.78	0.02	150.90
1913.88	0.04	112.05
2252.78	0.02	69.16
2083.46	0.04	95.85
1880.55	0.02	120.31
235.03	0.00	201.19
202.33	0.00	274.19
2488.09	0.02	13.29
946.78	0.04	52.90
2168.43	0.04	31.06
763.53	0.04	60.45
1618.69	0.04	38.36
886.01	0.00	50.49
1680.36	0.00	16.24
1680.36	0.00	16.44
1374.36	0.04	44.86
794.35	0.00	33.49
1778.90	0.00	35.53
577.76	0.02	102.40
1780.18	0.00	13.76
886.75	0.00	54.77
1035.68	0.04	94.24
160.85	0.02	175.69
1778.07	0.02	37.99
887.78	0.00	25.43
1777.92	0.04	26.59
141.31	0.00	576.79
401.43	0.00	185.64
165.20	92.55	1969.13
142.28	92.71	1358.43
2255.55	0.02	397.67
2402.25	0.00	33.84
2402.25	0.00	33.75
141.51	0.02	636.73
1999.62	6.65	798.53
0.00	100.00	0.00
1712.27	0.00	18.97
1611.27	0.02	164.89
1611.55	5.88	87.24
0.00	100.00	0.00
1610.70	5.93	99.38
100.72	0.00	81.07
100.72	0.00	90.05
0.00	100.00	0.00
1260.50	0.00	7.80
1890.43	0.02	7.78
630.25	0.00	8.53
1890.43	0.02	4.64
1890.76	0.00	4.58
1890.43	0.02	4.64
1890.76	0.00	9.02
1890.43	0.02	8.89
1890.76	0.00	4.58
2391.61	0.02	9.96
1195.74	0.02	10.64
1195.32	0.06	19.42
2391.19	0.04	7.81
1196.01	0.00	18.45
2392.03	0.00	3.85
1196.01	0.00	13.64
1196.01	0.00	10.70
1195.80	0.02	16.08
387.68	0.00	57.12
2412.23	0.00	10.31
1377.94	0.04	49.01
2310.91	0.04	31.97
1564.53	0.04	57.15
990.57	0.02	55.94
430.68	0.02	58.16
1952.42	0.02	12.20
373.19	0.04	81.17
712.19	53.20	147.59
26.61	0.04	57.77
104.87	0.00	76.97
795.15	47.43	169.25
95.48	0.00	84.49
1560.55	0.00	11.83
1454.12	5.04	104.67
1560.55	0.02	11.35
746.62	50.77	156.16
711.34	0.02	13.79
711.34	0.02	11.92
2845.85	0.00	14.30
2845.35	0.02	7.68
2845.85	0.00	3.30
2845.35	0.02	3.36
2845.85	0.00	3.30
711.34	0.02	14.75
711.21	0.04	14.75
111.98	0.02	82.51
1791.73	0.02	14.53
1791.73	0.02	82.93
0.00	100.00	0.00
1903.72	0.02	80.53
1903.38	0.04	79.19
112.00	0.00	72.95
1904.05	0.00	4.72
0.00	100.00	0.00
2788.54	0.00	9.10
2788.54	0.00	7.09
2788.54	0.00	5.00
0.00	100.00	0.00
2788.05	0.02	3.42
2788.05	0.02	55.24
2788.05	0.02	3.42
2788.05	0.02	3.62
1394.02	0.02	12.32
65.81	61.54	461.30
2462.67	0.00	28.48
323.37	0.00	96.20
65.86	50.59	286.97
1885.73	15.17	359.58
1178.55	51.54	237.88
419.56	65.00	488.40
156.99	0.00	196.27
1235.53	0.02	41.53
1329.88	0.02	51.38
1471.18	0.00	44.23
1007.66	0.00	40.09
1007.66	0.00	35.23
1712.72	0.02	47.51
987.51	0.00	52.76
987.51	0.00	43.64
523.98	0.00	44.49
987.16	0.04	37.85
3018.93	11.78	90.77
201.30	0.00	46.81
0.00	100.00	0.00
0.00	100.00	0.00
201.30	0.00	41.04
3421.45	0.02	2.88
0.00	100.00	0.00
3422.05	0.00	45.02
3422.05	0.00	2.82
554.90	0.02	83.12
904.92	0.02	35.66
213.39	0.04	122.58
742.59	0.04	68.65
896.38	0.02	74.37
1075.85	0.00	51.67
2031.81	0.02	9.28
964.85	0.00	17.50
896.23	0.04	47.51
1579.67	0.04	71.89
2064.31	0.00	23.18
242.93	0.02	74.09
2058.48	0.00	11.62
2058.48	0.00	11.67
2073.66	0.02	12.33
2053.40	0.06	32.95
2070.14	0.00	12.00
242.97	0.00	106.80
1953.10	0.00	87.51
2412.24	0.00	24.36
229.71	0.02	116.04
2409.56	0.04	36.56
268.31	0.02	85.96
2412.24	0.00	24.36
229.76	0.00	132.63
2142.41	0.02	64.56
2412.61	0.00	12.38
0.00	100.00	0.00
2080.92	0.00	4.35
1040.10	0.04	80.68
1040.46	0.00	8.31
1040.10	0.04	80.68
2080.92	0.00	4.38
2080.56	0.02	4.41
2079.83	0.05	18.11
2080.92	0.00	4.35
2021.94	24.04	198.45
2527.31	0.00	123.38
159.66	0.00	348.19
505.91	0.04	298.12
2686.97	0.00	32.00
2205.61	0.02	207.03
158.60	0.02	276.15
158.61	0.02	232.74
2687.51	0.02	34.27
0.00	100.00	0.00
1981.77	0.02	12.29
1865.53	5.88	76.13
1982.12	0.00	4.55
1981.43	0.04	13.76
1981.08	0.05	16.39
116.53	0.05	79.09
1981.77	0.02	4.61
1981.67	0.02	4.61
794.95	0.00	108.62
898.90	0.00	106.76
2299.23	0.00	34.93
886.36	0.04	89.76
1522.36	0.02	66.92
776.60	0.00	48.82
2140.24	0.00	57.43
764.24	0.02	119.57
2140.24	0.00	49.94
0.00	100.00	0.00
1517.37	0.02	5.85
1517.63	0.00	21.35
713.93	5.92	198.30
0.00	100.00	0.00
89.26	0.02	90.12
1517.63	0.00	11.59
1517.63	0.00	5.80
713.93	5.92	192.75
2149.51	0.00	52.09
1759.81	12.51	231.77
2149.39	0.00	19.50
126.68	0.02	342.56
2149.43	0.00	19.58
149.49	92.65	1036.52
1998.44	0.04	196.75
126.64	0.02	291.45
2149.51	0.00	19.67
1969.93	0.02	110.48
1970.01	0.02	86.05
344.58	0.00	174.88
1623.61	0.00	37.41
1968.11	0.00	20.00
1019.37	0.00	68.67
950.84	0.02	101.01
1361.40	0.02	117.13
344.50	0.02	205.44
0.00	100.00	0.00
993.51	0.00	78.54
116.88	0.00	74.43
0.00	100.00	0.00
1870.13	3.03	145.76
993.33	50.01	77.18
0.00	100.00	0.00
0.00	100.00	0.00
1870.13	5.88	146.18
922.07	0.00	14.00
0.00	100.00	0.00
1965.94	3.09	79.64
1044.64	0.04	26.04
2090.02	0.00	13.03
1045.01	0.00	80.54
1044.64	0.04	80.69
1045.01	0.00	8.22
122.94	0.00	79.24
0.00	100.00	0.00
3223.64	0.00	2.97
201.48	0.00	46.73
3424.52	0.02	2.88
3424.52	0.02	2.88
3223.64	5.88	44.14
3425.12	0.00	5.67
3223.08	0.02	41.78
201.44	0.02	40.82
1080.26	0.02	123.44
2050.08	0.02	49.60
1905.28	0.02	172.78
958.65	9.18	267.35
120.85	0.02	330.16
2050.45	0.00	21.18
144.91	0.05	330.58
1066.52	49.93	360.74
2050.44	0.00	44.06
0.00	100.00	0.00
1091.27	0.04	16.41
0.00	100.00	0.00
128.41	0.02	69.99
1091.46	0.02	11.88
2183.30	0.00	4.17
2183.30	0.00	9.74
2053.79	5.93	72.26
128.41	0.02	67.90
0.00	100.00	0.00
114.14	0.02	76.28
1712.33	11.76	152.40
114.16	0.00	71.58
114.12	0.04	148.92
114.12	94.12	150.16
1712.03	6.27	85.60
0.00	100.00	0.00
1712.33	11.76	78.53
0.00	100.00	0.00
100.64	0.02	86.78
1711.22	0.00	86.31
0.00	100.00	0.00
1610.28	5.90	86.84
1610.28	5.90	86.93
1710.83	0.02	5.26
1711.22	0.00	91.51
0.00	100.00	0.00
2178.79	0.02	77.58
0.00	100.00	0.00
0.00	100.00	0.00
2179.18	0.00	4.18
128.16	93.75	73.63
0.00	100.00	0.00
0.00	100.00	0.00
1922.80	6.25	69.94
128.19	0.00	71.31
1084.41	0.00	7.94
1084.03	0.04	83.35
0.00	100.00	0.00
2168.83	0.00	11.23
1084.22	0.02	72.87
2041.25	5.88	73.25
127.56	0.02	64.17
0.00	100.00	0.00
0.00	100.00	0.00
843.61	0.02	107.36
1694.27	0.00	55.20
1687.52	0.00	39.49
870.76	0.00	82.27
1694.27	0.00	22.02
843.76	0.00	58.39
1687.52	0.00	40.59
843.47	0.04	71.82
1680.77	0.00	37.10
0.00	100.00	0.00
0.00	100.00	0.00
0.00	100.00	0.00
2083.90	0.00	4.46
2083.17	0.04	75.94
1961.32	5.88	139.55
122.56	0.02	66.76
2083.54	0.02	72.02
0.00	100.00	0.00
2383.65	6.67	53.95
1702.01	0.04	25.86
1702.61	0.00	8.43
2893.93	0.02	3.32
170.26	0.00	53.79
170.23	0.02	50.97
851.31	0.00	9.99
851.01	0.04	19.09
170.23	0.02	50.64
0.00	100.00	0.00
0.00	100.00	0.00
580.31	0.02	74.03
2184.70	5.90	64.24
1741.24	21.54	79.83
1092.54	5.88	71.69
136.54	0.02	123.24
1092.35	5.90	67.59
2321.25	0.02	8.41
0.00	100.00	0.00
1879.72	0.00	81.53
110.53	0.04	83.19
1879.39	0.02	4.83
110.57	0.00	73.89
1879.72	0.00	4.77
1768.53	0.04	82.10
0.00	100.00	0.00
1768.84	5.90	80.10
1494.37	0.00	145.64
663.49	0.02	257.14
1716.03	0.00	45.38
221.43	0.00	305.28
1494.60	0.00	133.06
1715.74	0.02	23.59
1017.68	0.02	213.34
1715.74	0.02	23.71
1715.72	0.02	45.94
1442.42	0.00	77.85
1443.30	0.00	62.03
721.74	0.00	137.23
744.84	0.00	157.76
2884.85	0.00	21.42
1441.83	0.04	90.81
2046.72	0.04	132.88
2885.08	0.02	21.79
721.62	0.02	119.00
610.60	0.00	79.90
1008.51	0.00	39.58
308.62	0.04	128.80
178.35	0.02	97.26
878.16	0.00	18.86
1769.74	0.02	19.80
1769.43	0.04	20.28
727.23	0.00	85.86
589.91	0.02	91.51
453.93	0.00	268.77
1273.58	0.02	290.06
529.34	0.02	226.72
453.90	0.00	297.47
1361.44	0.02	260.39
2269.52	0.00	27.89
983.08	0.04	301.17
454.08	0.00	155.80
2269.09	0.02	55.15
1303.46	0.02	111.87
1497.05	0.00	55.22
1496.21	0.04	61.38
193.32	0.02	266.34
1303.23	0.04	101.30
193.29	0.04	232.51
1497.05	0.00	46.60
1496.79	0.02	21.26
1109.94	0.04	131.38
668.87	0.00	118.41
2188.47	0.02	17.36
2192.97	0.00	28.33
1263.19	0.02	102.13
2193.04	0.02	10.08
2193.20	0.00	9.88
2050.73	0.00	10.28
2188.85	0.00	9.75
142.92	0.00	165.76
2529.86	0.02	18.51
2999.47	0.02	17.35
473.32	0.04	88.75
2624.54	0.02	10.01
473.48	0.00	60.77
1318.18	0.00	18.43
1310.61	0.00	17.17
2147.35	0.02	19.14
2139.78	0.02	42.21
1164.76	0.02	65.48
1537.11	0.00	52.49
1957.79	0.00	26.94
2006.33	0.00	13.89
1973.62	0.02	27.74
485.32	0.02	97.50
436.79	0.02	60.76
1957.79	0.00	33.76
727.85	0.04	86.01
1786.38	0.00	50.32
1741.11	0.04	53.40
1339.48	0.02	41.95
431.71	0.00	76.05
387.05	0.00	43.47
461.48	0.00	53.58
387.05	0.00	45.26
372.10	0.02	86.08
1265.13	0.02	54.26
0.00	100.00	0.00
1995.22	3.05	76.60
1060.14	0.00	8.11
2120.29	0.00	11.01
0.00	100.00	0.00
0.00	100.00	0.00
1995.22	5.90	74.27
0.00	100.00	0.00
1870.19	11.80	75.67
499.00	0.04	153.13
919.01	0.02	84.21
1204.91	0.00	49.21
430.33	0.00	143.72
1724.35	0.02	20.92
774.59	0.00	63.26
1727.88	0.02	21.12
1290.98	0.00	67.20
1710.59	0.02	20.25
904.01	5.92	93.00
1921.69	0.00	84.51
0.00	100.00	0.00
1921.69	0.00	4.68
113.04	0.00	72.28
904.32	52.94	84.53
0.00	100.00	0.00
1921.35	0.02	77.08
1921.35	0.02	82.41
686.21	0.04	114.93
454.43	0.00	90.40
270.73	0.00	84.88
676.82	0.00	90.54
1353.63	0.00	70.26
435.02	0.02	128.45
676.82	0.00	96.47
1362.75	0.04	32.45
918.05	0.05	83.94
281.96	0.00	426.91
1218.45	0.00	36.77
281.55	0.02	333.93
281.68	0.02	145.22
1792.08	0.04	160.34
281.62	0.00	326.23
1792.71	0.00	131.10
2063.58	0.00	68.11
1781.89	0.00	166.31
448.98	0.02	420.75
1102.98	0.02	231.47
243.72	0.00	144.72
204.39	0.02	271.62
1583.66	0.02	26.75
204.41	0.00	187.35
1338.41	0.02	106.32
1379.28	0.02	151.54
1379.28	0.02	145.28
1006.53	0.04	105.65
396.49	0.02	103.01
1394.15	0.00	75.42
1771.71	0.02	57.04
703.15	0.02	80.50
387.13	0.04	113.01
2100.15	0.02	28.91
2103.25	0.02	14.91
696.83	0.04	111.84
1025.77	0.02	15.83
1025.77	0.02	12.83
1930.52	3.06	70.54
120.70	0.00	67.72
0.00	100.00	0.00
2051.54	0.02	4.47
1025.95	0.00	20.75
2051.18	0.04	76.71
2051.90	0.00	8.85
1916.93	0.00	72.13
0.00	100.00	0.00
1916.93	0.00	4.69
1804.17	5.88	82.87
1916.60	0.02	4.75
1916.60	0.02	4.75
1916.60	0.02	4.75
112.76	0.00	81.31
1916.60	0.02	9.44
1455.58	5.92	195.70
91.01	0.00	101.09
90.99	0.02	174.69
1455.58	5.92	199.54
91.01	0.00	89.67
1547.10	0.00	11.40
1455.58	11.14	105.96
0.00	100.00	0.00
91.01	0.00	89.67
1864.30	0.05	23.98
1864.63	0.04	10.46
1864.96	0.02	5.12
932.64	0.00	89.44
0.00	100.00	0.00
932.64	0.00	9.67
1864.63	0.04	85.17
932.64	0.00	9.67
932.64	0.00	88.42
2361.92	0.02	43.11
1308.91	0.00	72.06
1796.72	0.00	148.63
521.42	0.04	236.76
1833.57	0.02	189.73
787.37	0.00	54.67
787.02	0.04	109.41
2362.33	0.00	20.29
266.13	0.00	251.74
1025.36	0.00	58.20
709.74	0.02	67.73
1703.68	0.00	23.10
410.14	0.00	51.30
1040.95	0.02	47.82
709.62	0.04	62.90
394.23	0.04	67.33
2476.21	0.02	18.33
1088.02	0.04	52.24
292.03	0.00	203.40
1412.70	0.00	38.84
572.01	0.00	152.96
1666.90	0.00	110.15
1423.47	0.02	132.73
571.90	0.04	151.65
1095.45	0.00	31.67
545.76	0.04	139.57
571.91	0.02	156.22
0.00	100.00	0.00
1874.27	0.00	13.00
0.00	100.00	0.00
110.25	0.00	74.10
624.65	0.02	27.92
624.65	0.02	18.50
624.54	0.04	33.03
1764.02	2.04	84.88
1874.27	0.00	83.69
0.00	100.00	0.00
2570.98	0.02	3.67
0.00	100.00	0.00
857.14	0.00	9.92
2571.43	0.00	57.74
0.00	100.00	0.00
2420.17	2.04	112.62
0.00	100.00	0.00
2571.43	0.00	3.61
915.94	0.00	56.72
1208.83	0.02	52.41
457.97	0.00	83.85
1629.80	0.04	46.19
457.97	0.00	72.23
1208.83	0.02	26.16
476.29	0.00	66.85
476.29	0.00	40.07
476.20	0.02	54.63
1854.55	0.02	39.83
2445.98	0.00	19.23
1916.02	0.00	45.31
1365.67	0.00	23.91
2486.75	0.00	10.26
509.31	0.05	66.23
529.87	0.02	53.36
2384.83	0.00	9.90
2486.75	0.00	10.25
0.00	100.00	0.00
803.66	0.00	15.76
853.89	0.00	15.13
803.66	0.00	15.87
100.44	0.02	89.42
0.00	100.00	0.00
1707.18	0.04	173.54
0.00	100.00	0.00
100.44	0.02	81.35
0.00	100.00	0.00
0.00	100.00	0.00
1829.50	0.00	4.89
114.32	0.02	79.83
1943.50	0.02	4.69
1829.18	0.02	148.89
1943.84	0.00	4.63
1829.18	5.90	152.72
114.34	0.00	76.09
2145.31	0.02	12.02
530.93	0.04	84.51
1040.98	0.00	61.82
2103.20	0.00	29.29
2103.20	0.00	22.95
2124.45	0.00	12.40
615.84	0.04	55.53
2102.83	0.02	11.75
1550.30	0.04	36.25
1889.76	0.05	85.93
945.21	0.02	13.85
945.38	0.00	18.08
945.38	0.00	18.59
0.00	100.00	0.00
1890.76	0.00	9.49
945.38	0.00	9.04
1890.43	0.02	14.75
1890.76	0.00	4.75
1195.24	0.04	126.84
814.38	0.02	156.39
2016.40	0.02	46.53
739.33	0.04	123.31
873.17	0.00	58.11
797.95	0.04	149.06
804.61	0.02	87.21
873.17	0.00	38.19
416.96	0.02	85.06
0.00	100.00	0.00
1891.17	3.05	144.56
2009.72	0.00	4.49
0.00	100.00	0.00
2009.72	0.00	78.16
1004.86	0.00	12.80
0.00	100.00	0.00
2009.37	0.02	75.21
118.18	0.04	83.66
0.00	100.00	0.00
1948.03	5.92	84.19
121.77	0.02	138.67
0.00	100.00	0.00
2070.51	0.00	4.34
2070.14	0.02	73.57
121.79	0.00	63.22
0.00	100.00	0.00
0.00	100.00	0.00
196.26	0.02	82.25
158.25	0.04	181.10
1589.06	0.02	50.98
728.06	0.02	91.88
715.39	0.02	93.39
1450.04	0.00	13.12
1146.10	0.00	79.53
1601.72	0.02	12.28
1595.67	0.00	23.60
1877.32	5.90	81.43
1877.32	4.02	142.61
0.00	100.00	0.00
1877.65	5.88	74.16
117.35	0.00	69.64
1330.00	0.00	21.56
117.33	0.02	69.71
665.00	0.00	20.21
117.33	0.02	74.29
1358.43	0.00	12.86
2716.86	0.00	58.18
0.00	100.00	0.00
1358.43	0.00	9.78
2716.86	0.00	3.44
159.79	0.02	56.97
1358.43	0.00	6.43
2557.05	3.03	55.36
2716.38	0.02	3.50
773.86	0.00	128.02
1807.75	0.02	89.36
1610.99	0.04	40.77
17995.96	0.00	2.54
1458.18	0.00	16.41
1611.19	0.02	24.39
199.41	0.02	166.35
1571.39	0.02	15.31
3069.99	0.00	8.75
824.32	0.04	79.53
813.67	0.02	58.12
1699.64	0.00	41.31
828.02	0.02	33.33
1696.03	0.00	47.70
468.12	0.00	109.18
810.07	0.02	76.46
1256.28	0.04	76.20
1706.54	0.02	18.00
1748.04	0.02	45.94
560.97	0.04	91.50
1186.94	0.02	76.55
539.42	0.04	104.15
1726.76	0.00	53.75
1769.53	0.02	19.42
1769.93	0.00	19.33
690.71	0.00	44.06
539.52	0.02	108.57
