264.28	0.16	6.66
472.88	5.42	4.00
837.21	0.00	2.41
264.71	0.00	5.22
499.20	0.16	4.21
837.21	0.00	2.55
255.23	3.58	5.02
500.00	0.00	4.73
808.10	3.48	4.61
264.71	0.00	2.63
500.00	0.00	1.71
837.21	0.00	1.60
264.71	0.00	3.05
500.00	0.00	3.25
837.21	0.00	0.58
264.71	0.00	1.22
500.00	0.00	2.91
834.04	0.38	2.32
264.71	0.00	1.72
500.00	0.00	1.72
837.21	0.00	1.55
264.71	0.00	3.26
499.98	0.00	2.23
837.21	0.00	2.57
264.71	0.00	3.89
500.00	0.00	0.82
837.21	0.00	2.54
264.71	0.00	1.92
500.00	0.00	1.78
837.21	0.00	1.54
264.71	0.00	0.63
500.00	0.00	1.09
837.21	0.00	3.79
264.71	0.00	1.23
500.00	0.00	2.21
836.03	0.14	2.74
264.71	0.00	0.68
498.10	0.38	0.78
833.43	0.45	1.90
255.50	3.48	4.45
500.00	0.00	3.48
837.21	0.00	1.94
264.70	0.00	3.52
500.00	0.00	2.95
837.21	0.00	2.25
264.71	0.00	3.21
500.00	0.00	2.68
837.21	0.00	2.20
264.71	0.00	4.88
500.00	0.00	3.15
837.21	0.00	1.19
255.50	3.48	5.91
500.00	0.00	2.79
837.21	0.00	3.82
264.71	0.00	2.83
500.00	0.00	1.87
837.21	0.00	4.89
264.71	0.00	4.07
497.93	0.41	2.46
833.43	0.45	3.27
264.71	0.00	3.21
500.00	0.00	3.10
837.21	0.00	4.26
264.71	0.00	2.83
500.00	0.00	4.10
836.03	0.14	3.07
264.28	0.16	0.92
500.00	0.00	2.50
837.21	0.00	3.42
253.49	4.24	5.06
500.00	0.00	0.65
801.74	4.24	4.15
264.71	0.00	2.61
500.00	0.00	1.63
837.21	0.00	1.68
264.71	0.00	0.97
500.00	0.00	2.05
837.18	0.00	1.75
264.71	0.00	2.14
482.62	3.48	3.37
807.22	3.58	3.67
263.61	0.41	2.56
499.98	0.00	2.29
837.21	0.00	1.59
264.71	0.00	2.94
500.00	0.00	1.86
836.03	0.14	2.17
264.03	0.26	1.78
500.00	0.00	1.17
837.21	0.00	2.90
255.23	3.58	3.86
500.00	0.00	1.93
837.21	0.00	3.73
264.28	0.16	4.72
500.00	0.00	2.41
837.21	0.00	3.20
264.70	0.00	3.55
497.93	0.41	3.86
837.21	0.00	3.33
264.71	0.00	4.38
500.00	0.00	2.12
808.10	3.48	3.22
264.71	0.00	6.17
500.00	0.00	2.88
837.21	0.00	4.41
263.70	0.38	2.78
500.00	0.00	3.96
836.03	0.14	2.70
255.50	3.48	4.07
500.00	0.00	2.94
837.21	0.00	2.61
264.71	0.00	4.52
500.00	0.00	2.92
837.21	0.00	2.03
264.71	0.00	2.06
500.00	0.00	1.17
837.21	0.00	3.10
264.71	0.00	3.36
499.98	0.00	3.06
837.21	0.00	0.57
264.71	0.00	2.36
500.00	0.00	1.98
837.21	0.00	2.32
264.71	0.00	5.44
500.00	0.00	1.14
837.21	0.00	1.75
264.71	0.00	0.68
500.00	0.00	1.45
837.21	0.00	1.12
264.71	0.00	3.71
500.00	0.00	1.41
837.21	0.00	3.08
264.71	0.00	3.10
482.09	3.58	3.76
837.21	0.00	2.61
262.91	0.68	3.81
499.30	0.14	6.56
837.21	0.00	2.19
264.71	0.00	2.66
499.20	0.16	4.60
837.21	0.00	3.25
264.71	0.00	3.16
499.20	0.16	6.07
837.21	0.00	3.97
264.71	0.00	2.93
500.00	0.00	4.00
837.21	0.00	2.33
264.71	0.00	2.22
500.00	0.00	3.65
837.21	0.00	0.62
264.71	0.00	2.74
500.00	0.00	2.97
837.18	0.00	2.76
264.71	0.00	2.50
500.00	0.00	4.37
837.21	0.00	0.72
264.28	0.16	4.07
499.20	0.16	2.24
837.18	0.00	2.64
264.71	0.00	3.26
500.00	0.00	3.74
837.21	0.00	0.63
264.71	0.00	1.85
500.00	0.00	1.83
837.21	0.00	2.09
264.28	0.16	0.62
482.62	3.48	4.15
837.21	0.00	2.68
264.71	0.00	1.13
499.98	0.00	3.03
836.03	0.14	2.82
264.71	0.00	4.60
500.00	0.00	2.46
837.21	0.00	3.72
264.71	0.00	3.26
500.00	0.00	5.51
837.21	0.00	3.59
264.71	0.00	1.13
500.00	0.00	4.80
808.10	3.48	5.18
264.71	0.00	2.82
500.00	0.00	2.03
837.21	0.00	2.89
263.51	0.45	3.34
500.00	0.00	4.22
837.21	0.00	3.21
264.70	0.00	3.85
500.00	0.00	2.24
808.10	3.48	2.19
264.71	0.00	5.18
499.98	0.00	3.39
837.21	0.00	2.50
264.33	0.14	4.63
500.00	0.00	2.01
802.69	4.12	4.01
264.71	0.00	3.53
500.00	0.00	2.33
837.21	0.00	3.52
264.71	0.00	3.72
472.88	5.42	3.20
837.21	0.00	3.29
264.71	0.00	1.27
500.00	0.00	1.98
837.21	0.00	3.87
264.71	0.00	4.43
480.61	3.88	3.71
837.21	0.00	1.50
264.71	0.00	3.60
499.30	0.14	3.07
837.21	0.00	0.55
264.28	0.16	2.31
500.00	0.00	1.04
837.21	0.00	2.71
264.71	0.00	4.59
497.93	0.41	2.68
837.21	0.00	3.77
264.71	0.00	1.98
500.00	0.00	2.81
837.21	0.00	1.24
264.71	0.00	3.97
500.00	0.00	1.06
834.04	0.38	1.87
264.33	0.14	1.36
500.00	0.00	3.35
836.03	0.14	3.09
264.71	0.00	3.15
443.75	11.25	5.20
837.21	0.00	2.23
264.71	0.00	2.37
482.09	3.58	5.48
834.04	0.38	3.02
264.71	0.00	2.01
500.00	0.00	3.85
837.21	0.00	1.59
264.71	0.00	1.69
499.20	0.16	2.85
837.21	0.00	1.09
264.71	0.00	2.10
500.00	0.00	0.58
834.04	0.38	1.68
264.71	0.00	1.33
499.98	0.00	1.07
836.03	0.14	2.25
264.71	0.00	3.17
500.00	0.00	3.24
833.43	0.45	3.38
264.71	0.00	2.89
500.00	0.00	1.29
835.87	0.16	4.56
264.70	0.00	4.53
500.00	0.00	1.67
834.04	0.38	4.01
264.71	0.00	3.61
500.00	0.00	5.15
837.21	0.00	1.47
264.33	0.14	2.54
499.30	0.14	2.92
837.21	0.00	2.99
264.71	0.00	3.96
500.00	0.00	1.11
808.10	3.48	5.20
264.33	0.14	2.68
500.00	0.00	3.40
834.04	0.38	2.31
264.71	0.00	1.71
500.00	0.00	0.56
837.21	0.00	1.48
264.71	0.00	3.65
500.00	0.00	1.04
837.21	0.00	0.97
255.50	3.48	4.91
500.00	0.00	3.02
837.21	0.00	1.72
264.71	0.00	3.73
500.00	0.00	2.24
808.10	3.48	3.92
264.28	0.16	4.02
497.93	0.41	2.43
837.18	0.00	3.33
264.71	0.00	4.58
500.00	0.00	3.36
837.21	0.00	2.53
255.23	3.58	3.23
500.00	0.00	5.31
837.21	0.00	2.32
264.71	0.00	2.54
499.20	0.16	2.85
837.21	0.00	2.77
264.71	0.00	2.75
497.74	0.45	2.28
837.21	0.00	1.56
264.71	0.00	2.72
500.00	0.00	2.87
837.21	0.00	2.14
264.71	0.00	3.18
500.00	0.00	4.20
837.21	0.00	3.41
264.71	0.00	6.65
497.74	0.45	3.75
837.21	0.00	4.46
264.71	0.00	3.08
500.00	0.00	3.40
807.22	3.58	7.10
264.71	0.00	4.94
500.00	0.00	5.12
837.21	0.00	3.53
264.71	0.00	0.69
500.00	0.00	1.60
837.21	0.00	2.17
264.71	0.00	1.16
500.00	0.00	4.87
837.21	0.00	1.13
264.71	0.00	3.31
500.00	0.00	3.82
837.21	0.00	1.55
255.23	3.58	7.64
500.00	0.00	2.69
807.22	3.58	4.83
264.71	0.00	6.04
500.00	0.00	4.93
793.07	5.27	1.27
264.71	0.00	3.94
500.00	0.00	3.60
834.04	0.38	3.06
254.64	3.80	4.47
500.00	0.00	1.66
837.21	0.00	4.79
264.71	0.00	1.07
498.10	0.38	4.73
837.21	0.00	2.16
264.71	0.00	2.86
500.00	0.00	2.25
837.21	0.00	3.70
264.71	0.00	4.19
500.00	0.00	2.23
807.22	3.58	1.69
264.33	0.14	0.77
500.00	0.00	2.55
837.21	0.00	2.33
264.71	0.00	3.73
500.00	0.00	3.38
835.87	0.16	2.16
264.71	0.00	1.82
500.00	0.00	0.67
837.18	0.00	2.05
264.71	0.00	2.35
499.20	0.16	2.48
837.21	0.00	1.57
264.71	0.00	1.60
500.00	0.00	1.79
837.21	0.00	2.52
264.71	0.00	0.57
500.00	0.00	2.70
837.21	0.00	3.58
264.71	0.00	0.63
500.00	0.00	1.31
837.21	0.00	2.46
264.71	0.00	3.53
499.30	0.14	2.22
837.21	0.00	0.94
264.71	0.00	4.62
500.00	0.00	4.01
837.21	0.00	2.89
264.71	0.00	3.86
500.00	0.00	1.17
837.21	0.00	3.87
264.71	0.00	1.73
499.30	0.14	4.86
837.21	0.00	1.18
264.10	0.23	2.40
500.00	0.00	4.21
835.87	0.16	2.73
264.71	0.00	0.54
500.00	0.00	1.98
808.10	3.48	3.87
264.71	0.00	0.79
500.00	0.00	1.49
837.21	0.00	2.22
264.71	0.00	2.94
500.00	0.00	1.85
837.21	0.00	3.19
264.71	0.00	0.75
499.98	0.00	2.45
836.03	0.14	2.78
264.71	0.00	2.49
500.00	0.00	1.20
837.21	0.00	2.65
264.71	0.00	3.91
500.00	0.00	0.54
837.21	0.00	0.56
264.71	0.00	1.75
500.00	0.00	0.59
837.21	0.00	2.16
264.33	0.14	2.71
500.00	0.00	1.75
837.21	0.00	1.53
264.71	0.00	0.70
499.20	0.16	3.63
837.21	0.00	1.99
264.71	0.00	0.72
496.66	0.67	2.93
837.18	0.00	2.14
264.71	0.00	2.56
500.00	0.00	0.71
836.03	0.14	1.54
264.71	0.00	2.78
500.00	0.00	2.29
808.10	3.48	4.55
264.71	0.00	1.91
500.00	0.00	2.80
837.21	0.00	3.70
263.61	0.41	2.73
482.09	3.58	4.35
805.38	3.80	3.14
264.03	0.26	3.47
500.00	0.00	3.28
837.21	0.00	1.59
264.71	0.00	1.10
500.00	0.00	2.56
837.21	0.00	1.06
264.71	0.00	3.98
500.00	0.00	1.46
837.21	0.00	0.55
264.71	0.00	2.98
500.00	0.00	3.35
837.21	0.00	3.94
264.71	0.00	2.03
500.00	0.00	1.13
837.18	0.00	3.51
264.70	0.00	2.37
496.60	0.68	3.81
837.21	0.00	2.21
264.71	0.00	3.07
500.00	0.00	1.86
837.21	0.00	2.99
264.71	0.00	3.66
500.00	0.00	3.29
837.21	0.00	0.70
264.71	0.00	5.82
499.20	0.16	4.47
837.21	0.00	2.25
264.71	0.00	0.54
500.00	0.00	2.09
837.21	0.00	3.58
264.71	0.00	1.70
500.00	0.00	1.07
837.21	0.00	0.56
264.33	0.14	3.34
500.00	0.00	2.50
837.21	0.00	2.01
255.50	3.48	6.53
500.00	0.00	3.35
837.21	0.00	3.10
264.71	0.00	4.72
500.00	0.00	1.23
837.21	0.00	2.28
264.28	0.16	4.35
499.30	0.14	2.86
837.21	0.00	3.77
264.71	0.00	3.07
500.00	0.00	3.10
837.21	0.00	3.27
264.71	0.00	2.47
499.30	0.14	4.33
837.21	0.00	1.10
254.64	3.80	2.25
500.00	0.00	4.82
837.21	0.00	3.86
264.71	0.00	5.50
499.98	0.00	3.77
808.10	3.48	4.39
264.71	0.00	2.68
500.00	0.00	1.28
837.21	0.00	3.62
264.71	0.00	4.12
500.00	0.00	3.00
837.18	0.00	2.25
264.71	0.00	1.50
500.00	0.00	2.22
837.21	0.00	0.55
264.71	0.00	1.19
500.00	0.00	0.50
837.21	0.00	1.05
264.71	0.00	2.69
500.00	0.00	2.00
837.21	0.00	1.62
264.71	0.00	1.34
478.82	4.24	4.47
807.22	3.58	3.60
264.71	0.00	1.85
500.00	0.00	2.40
835.07	0.26	1.47
264.71	0.00	3.24
500.00	0.00	2.82
835.87	0.16	1.96
264.71	0.00	6.08
498.86	0.23	4.16
837.21	0.00	4.89
264.71	0.00	6.43
500.00	0.00	6.54
837.18	0.00	2.62
264.71	0.00	1.08
500.00	0.00	4.72
837.21	0.00	4.39
255.23	3.58	4.56
500.00	0.00	3.46
837.21	0.00	2.32
255.50	3.48	5.27
500.00	0.00	3.73
837.21	0.00	1.12
264.71	0.00	2.30
500.00	0.00	2.92
837.21	0.00	1.61
255.23	3.58	3.99
500.00	0.00	2.38
802.69	4.12	3.85
264.71	0.00	0.70
500.00	0.00	2.95
837.21	0.00	3.30
264.71	0.00	1.21
500.00	0.00	0.47
837.21	0.00	2.06
264.71	0.00	1.88
500.00	0.00	0.65
837.21	0.00	0.57
264.71	0.00	3.17
500.00	0.00	2.83
834.04	0.38	2.99
264.71	0.00	3.74
496.60	0.68	2.25
837.21	0.00	0.54
264.71	0.00	2.80
500.00	0.00	2.79
833.43	0.45	1.37
264.71	0.00	1.17
500.00	0.00	1.16
837.21	0.00	1.81
264.71	0.00	1.63
500.00	0.00	2.84
808.10	3.48	3.89
255.23	3.58	6.05
500.00	0.00	1.69
837.21	0.00	2.15
264.71	0.00	2.65
500.00	0.00	3.26
837.21	0.00	1.40
264.71	0.00	4.47
500.00	0.00	4.59
837.21	0.00	0.52
264.71	0.00	1.26
500.00	0.00	1.73
837.21	0.00	1.55
264.33	0.14	4.26
500.00	0.00	3.33
837.21	0.00	0.61
264.71	0.00	2.34
500.00	0.00	1.02
837.21	0.00	2.20
264.71	0.00	3.66
500.00	0.00	3.25
837.21	0.00	1.77
264.71	0.00	2.17
500.00	0.00	1.35
836.03	0.14	3.30
263.61	0.41	4.87
500.00	0.00	2.34
837.21	0.00	2.23
264.71	0.00	2.82
500.00	0.00	2.64
837.18	0.00	1.65
264.71	0.00	2.27
500.00	0.00	3.26
837.21	0.00	0.61
264.71	0.00	1.25
500.00	0.00	1.25
834.04	0.38	2.44
264.71	0.00	0.45
500.00	0.00	2.03
837.21	0.00	2.63
264.71	0.00	3.28
500.00	0.00	2.79
837.21	0.00	3.58
264.71	0.00	5.43
500.00	0.00	1.08
837.21	0.00	2.95
255.50	3.48	5.83
500.00	0.00	1.45
837.21	0.00	3.06
264.71	0.00	3.51
500.00	0.00	1.49
808.10	3.48	4.17
263.61	0.41	4.00
500.00	0.00	4.23
837.21	0.00	1.45
264.71	0.00	1.49
500.00	0.00	1.51
837.21	0.00	1.07
253.79	4.12	4.04
500.00	0.00	2.03
835.87	0.16	0.67
264.71	0.00	0.48
500.00	0.00	0.56
837.21	0.00	1.12
253.49	4.24	3.18
500.00	0.00	1.96
837.21	0.00	1.57
264.71	0.00	0.57
500.00	0.00	0.47
837.21	0.00	1.15
264.71	0.00	1.70
500.00	0.00	3.59
837.21	0.00	1.02
264.28	0.16	1.78
482.09	3.58	4.55
837.21	0.00	1.49
264.71	0.00	1.59
500.00	0.00	1.49
837.21	0.00	0.96
264.71	0.00	2.34
500.00	0.00	1.36
837.21	0.00	4.23
264.71	0.00	0.45
499.98	0.00	0.55
837.21	0.00	1.98
264.33	0.14	2.15
500.00	0.00	2.22
837.21	0.00	0.51
264.71	0.00	1.40
482.62	3.48	2.38
837.18	0.00	1.58
264.71	0.00	1.43
500.00	0.00	2.87
837.21	0.00	4.83
264.71	0.00	1.64
500.00	0.00	3.30
837.21	0.00	2.57
255.23	3.58	3.48
500.00	0.00	1.79
837.21	0.00	3.14
264.71	0.00	3.33
500.00	0.00	3.56
837.21	0.00	3.42
264.71	0.00	2.46
500.00	0.00	1.95
837.21	0.00	1.05
255.23	3.58	2.01
499.98	0.00	2.20
837.21	0.00	2.17
264.71	0.00	5.45
500.00	0.00	2.55
834.04	0.38	1.87
264.71	0.00	2.68
497.74	0.45	3.33
837.21	0.00	2.70
264.28	0.16	3.34
499.30	0.14	2.45
837.21	0.00	3.37
263.61	0.41	1.91
499.98	0.00	3.84
837.21	0.00	0.56
264.71	0.00	0.74
499.20	0.16	2.78
837.21	0.00	2.09
264.71	0.00	1.15
500.00	0.00	1.04
835.87	0.16	2.38
264.71	0.00	3.11
500.00	0.00	0.55
837.21	0.00	2.17
264.71	0.00	1.06
500.00	0.00	1.05
836.03	0.14	2.79
264.33	0.14	2.42
500.00	0.00	2.30
837.18	0.00	1.48
264.28	0.16	3.15
500.00	0.00	2.77
836.03	0.14	3.35
264.71	0.00	3.84
500.00	0.00	1.52
837.21	0.00	1.90
263.61	0.41	3.02
500.00	0.00	3.19
836.03	0.14	2.89
264.71	0.00	2.19
500.00	0.00	2.38
837.21	0.00	1.72
264.71	0.00	4.84
499.98	0.00	2.74
837.21	0.00	1.64
264.71	0.00	1.59
500.00	0.00	4.46
837.21	0.00	2.33
264.71	0.00	5.00
500.00	0.00	1.90
806.04	3.72	2.12
264.71	0.00	1.18
500.00	0.00	3.84
837.21	0.00	3.55
264.71	0.00	3.62
500.00	0.00	1.17
837.21	0.00	1.21
264.71	0.00	2.61
500.00	0.00	3.54
837.21	0.00	1.79
264.71	0.00	1.60
500.00	0.00	3.83
808.10	3.48	4.36
264.71	0.00	1.26
500.00	0.00	1.63
835.87	0.16	3.12
264.71	0.00	0.45
500.00	0.00	0.60
837.21	0.00	1.50
264.71	0.00	1.08
500.00	0.00	2.09
837.21	0.00	2.60
264.28	0.16	2.57
500.00	0.00	3.20
837.21	0.00	0.97
264.71	0.00	5.83
499.30	0.14	3.88
837.21	0.00	2.55
264.71	0.00	4.40
500.00	0.00	3.15
837.21	0.00	3.34
264.71	0.00	5.29
500.00	0.00	5.90
807.22	3.58	4.93
264.71	0.00	2.30
500.00	0.00	2.97
808.10	3.48	3.09
264.71	0.00	2.94
500.00	0.00	0.91
837.21	0.00	3.23
264.71	0.00	3.28
500.00	0.00	1.37
837.21	0.00	4.28
264.71	0.00	4.98
500.00	0.00	3.30
837.21	0.00	0.80
264.71	0.00	4.40
500.00	0.00	4.62
807.22	3.58	1.98
264.71	0.00	2.91
500.00	0.00	5.36
837.21	0.00	1.53
264.33	0.14	2.35
500.00	0.00	1.86
837.21	0.00	0.59
255.50	3.48	3.12
500.00	0.00	2.52
837.21	0.00	3.25
264.71	0.00	2.95
500.00	0.00	2.78
837.21	0.00	3.68
264.71	0.00	0.78
500.00	0.00	2.32
837.21	0.00	2.93
264.71	0.00	4.53
498.10	0.38	5.38
808.10	3.48	4.29
264.71	0.00	3.40
500.00	0.00	4.07
836.03	0.14	3.33
264.71	0.00	3.31
500.00	0.00	2.38
837.21	0.00	4.53
264.71	0.00	5.15
500.00	0.00	0.72
837.21	0.00	1.61
264.71	0.00	4.59
500.00	0.00	2.49
837.21	0.00	1.05
264.71	0.00	3.26
500.00	0.00	1.21
837.21	0.00	1.43
264.71	0.00	2.08
500.00	0.00	0.64
837.21	0.00	0.94
264.71	0.00	2.79
500.00	0.00	0.62
837.21	0.00	2.46
264.71	0.00	1.78
500.00	0.00	2.18
837.21	0.00	1.25
264.71	0.00	3.20
500.00	0.00	4.81
807.22	3.58	4.47
264.71	0.00	0.92
500.00	0.00	1.54
837.21	0.00	4.48
264.71	0.00	4.09
499.30	0.14	1.84
831.61	0.67	3.03
263.70	0.38	2.47
482.09	3.58	5.23
835.87	0.16	3.55
264.71	0.00	4.42
500.00	0.00	1.55
834.04	0.38	3.72
264.71	0.00	2.51
498.10	0.38	2.87
837.21	0.00	1.57
264.71	0.00	3.17
500.00	0.00	1.03
837.21	0.00	0.56
264.71	0.00	1.15
500.00	0.00	2.17
837.21	0.00	1.02
255.50	3.48	6.11
500.00	0.00	1.67
837.21	0.00	1.63
264.71	0.00	6.19
500.00	0.00	3.29
837.21	0.00	0.81
264.33	0.14	2.70
500.00	0.00	3.32
837.21	0.00	1.06
264.71	0.00	4.51
500.00	0.00	1.75
807.22	3.58	4.50
264.71	0.00	5.74
500.00	0.00	0.87
837.21	0.00	2.43
264.71	0.00	6.44
500.00	0.00	2.17
837.21	0.00	2.62
255.50	3.48	5.04
500.00	0.00	2.71
837.21	0.00	1.78
264.71	0.00	3.45
500.00	0.00	2.20
837.21	0.00	2.03
264.71	0.00	1.27
499.30	0.14	3.59
837.21	0.00	2.75
264.71	0.00	0.60
499.20	0.16	1.80
836.03	0.14	1.67
264.71	0.00	1.05
500.00	0.00	1.53
837.21	0.00	2.72
264.71	0.00	2.82
500.00	0.00	2.30
837.21	0.00	1.44
264.71	0.00	0.81
499.20	0.16	3.36
837.21	0.00	2.95
264.33	0.14	3.31
479.39	4.12	4.90
837.21	0.00	1.78
255.23	3.58	5.28
482.09	3.58	4.69
837.21	0.00	3.50
262.91	0.68	3.44
500.00	0.00	4.00
820.02	2.05	4.13
264.71	0.00	2.66
500.00	0.00	1.10
837.21	0.00	2.80
264.71	0.00	4.28
500.00	0.00	5.52
837.21	0.00	2.56
264.71	0.00	3.69
500.00	0.00	4.40
837.21	0.00	4.08
264.71	0.00	1.91
500.00	0.00	5.36
807.22	3.58	5.57
264.71	0.00	5.14
500.00	0.00	1.53
801.74	4.24	5.97
264.71	0.00	3.49
500.00	0.00	2.42
837.21	0.00	0.65
264.71	0.00	3.39
497.93	0.41	2.00
837.21	0.00	2.06
264.71	0.00	1.10
500.00	0.00	0.97
835.87	0.16	3.30
264.71	0.00	4.98
500.00	0.00	1.21
836.03	0.14	1.92
264.71	0.00	5.79
500.00	0.00	3.10
837.21	0.00	2.37
264.33	0.14	4.32
500.00	0.00	3.84
836.03	0.14	3.20
264.33	0.14	1.81
500.00	0.00	1.83
837.21	0.00	3.04
264.71	0.00	3.84
500.00	0.00	1.28
837.21	0.00	3.08
263.61	0.41	2.45
500.00	0.00	3.10
837.21	0.00	2.48
264.71	0.00	2.00
500.00	0.00	3.81
837.21	0.00	3.19
264.71	0.00	5.20
499.20	0.16	3.92
807.22	3.58	5.13
264.28	0.16	2.43
473.64	5.27	1.68
837.21	0.00	1.38
264.71	0.00	7.17
480.61	3.88	5.62
837.21	0.00	6.83
264.71	0.00	3.26
500.00	0.00	5.22
835.87	0.16	6.52
264.71	0.00	1.81
500.00	0.00	6.11
837.21	0.00	4.68
264.71	0.00	2.06
482.62	3.48	4.44
837.21	0.00	0.58
264.28	0.16	2.46
500.00	0.00	4.49
836.03	0.14	2.38
264.71	0.00	5.01
498.10	0.38	5.15
837.21	0.00	3.28
264.71	0.00	2.31
500.00	0.00	2.01
835.87	0.16	3.61
264.71	0.00	4.60
500.00	0.00	1.03
837.21	0.00	1.10
264.33	0.14	4.58
500.00	0.00	1.48
837.18	0.00	3.21
253.49	4.24	5.22
500.00	0.00	2.13
837.21	0.00	1.32
264.71	0.00	3.72
500.00	0.00	1.45
837.21	0.00	0.53
255.50	3.48	3.58
500.00	0.00	2.13
837.21	0.00	2.32
264.71	0.00	4.30
500.00	0.00	4.59
837.21	0.00	4.24
264.71	0.00	3.85
500.00	0.00	2.63
837.21	0.00	3.51
264.71	0.00	6.61
500.00	0.00	3.68
837.21	0.00	5.31
264.71	0.00	3.73
500.00	0.00	2.45
837.21	0.00	3.09
264.71	0.00	1.34
500.00	0.00	1.72
837.21	0.00	1.59
264.33	0.14	2.22
500.00	0.00	1.14
837.21	0.00	2.64
264.71	0.00	6.26
500.00	0.00	1.63
833.74	0.41	3.61
263.70	0.38	4.04
500.00	0.00	0.78
835.87	0.16	2.93
264.71	0.00	5.20
500.00	0.00	2.58
836.03	0.14	2.59
264.71	0.00	2.50
473.64	5.27	1.02
837.21	0.00	0.64
264.28	0.16	3.82
499.98	0.00	3.68
837.21	0.00	1.38
264.33	0.14	4.17
499.30	0.14	3.16
837.21	0.00	1.09
264.71	0.00	0.60
500.00	0.00	1.60
836.03	0.14	1.80
253.79	4.12	3.69
500.00	0.00	0.72
837.21	0.00	1.19
264.71	0.00	1.98
497.93	0.41	2.36
836.03	0.14	2.37
264.71	0.00	0.53
500.00	0.00	0.76
837.21	0.00	2.88
264.71	0.00	1.04
500.00	0.00	2.39
837.21	0.00	3.87
264.71	0.00	0.54
500.00	0.00	3.00
837.21	0.00	3.35
264.71	0.00	3.63
500.00	0.00	4.34
837.21	0.00	2.46
264.71	0.00	2.32
500.00	0.00	2.53
837.21	0.00	2.75
264.71	0.00	2.83
500.00	0.00	3.06
837.21	0.00	1.07
264.71	0.00	1.62
482.09	3.58	4.10
837.21	0.00	1.68
264.71	0.00	3.01
500.00	0.00	0.57
837.21	0.00	0.54
264.33	0.14	3.39
500.00	0.00	3.38
837.21	0.00	1.08
264.71	0.00	2.58
499.30	0.14	1.78
837.21	0.00	2.75
264.71	0.00	1.31
500.00	0.00	1.31
835.87	0.16	2.35
264.28	0.16	3.00
500.00	0.00	3.16
837.21	0.00	0.56
264.28	0.16	3.01
500.00	0.00	0.63
836.03	0.14	1.68
264.71	0.00	3.33
500.00	0.00	2.39
836.03	0.14	2.82
264.71	0.00	1.11
500.00	0.00	0.53
837.21	0.00	1.65
264.71	0.00	4.70
500.00	0.00	2.66
836.03	0.14	4.48
264.33	0.14	5.64
500.00	0.00	4.20
837.21	0.00	2.66
264.71	0.00	3.70
500.00	0.00	2.77
837.18	0.00	3.04
254.64	3.80	3.33
500.00	0.00	3.80
837.21	0.00	3.91
263.61	0.41	1.79
500.00	0.00	1.33
837.21	0.00	2.69
264.71	0.00	4.11
500.00	0.00	1.60
837.21	0.00	1.11
263.61	0.41	4.57
500.00	0.00	6.58
837.21	0.00	4.10
264.71	0.00	5.78
500.00	0.00	4.38
837.21	0.00	2.90
264.71	0.00	1.78
500.00	0.00	3.10
837.21	0.00	4.72
264.71	0.00	2.90
482.62	3.48	3.62
837.21	0.00	1.61
264.71	0.00	3.04
499.20	0.16	2.48
837.21	0.00	1.06
264.71	0.00	1.38
500.00	0.00	2.06
837.21	0.00	0.53
264.71	0.00	0.46
499.98	0.00	1.13
837.21	0.00	0.49
263.61	0.41	2.13
500.00	0.00	1.60
837.21	0.00	1.93
264.71	0.00	3.15
500.00	0.00	0.58
837.21	0.00	0.53
264.71	0.00	1.80
500.00	0.00	3.24
837.21	0.00	2.57
264.71	0.00	2.68
497.93	0.41	1.90
837.21	0.00	0.57
264.71	0.00	2.20
500.00	0.00	1.21
808.10	3.48	4.11
264.71	0.00	4.77
500.00	0.00	3.49
837.21	0.00	2.65
264.71	0.00	5.29
500.00	0.00	1.79
837.21	0.00	1.01
264.71	0.00	1.57
499.20	0.16	3.96
837.21	0.00	2.14
264.71	0.00	1.81
500.00	0.00	4.02
837.21	0.00	3.38
264.71	0.00	0.78
500.00	0.00	3.32
806.04	3.72	2.21
264.71	0.00	1.90
500.00	0.00	2.10
837.21	0.00	2.14
264.71	0.00	1.96
499.20	0.16	2.29
837.21	0.00	1.13
264.71	0.00	3.26
482.62	3.48	2.61
837.21	0.00	1.60
264.71	0.00	1.77
500.00	0.00	1.03
837.21	0.00	2.03
264.71	0.00	2.96
500.00	0.00	2.05
837.21	0.00	4.30
264.71	0.00	0.67
482.62	3.48	5.95
837.21	0.00	0.73
264.71	0.00	2.47
500.00	0.00	5.47
837.21	0.00	1.97
264.71	0.00	3.15
500.00	0.00	1.58
837.21	0.00	2.90
255.50	3.48	5.47
500.00	0.00	2.76
834.04	0.38	0.91
255.50	3.48	6.71
500.00	0.00	3.60
837.21	0.00	2.39
255.50	3.48	3.89
500.00	0.00	1.78
837.21	0.00	2.93
263.51	0.45	2.12
499.20	0.16	4.23
837.21	0.00	1.59
264.71	0.00	3.08
500.00	0.00	3.36
835.87	0.16	2.61
264.71	0.00	4.19
500.00	0.00	3.96
837.21	0.00	2.45
264.71	0.00	3.38
500.00	0.00	2.16
837.21	0.00	1.13
263.61	0.41	3.78
500.00	0.00	3.25
837.18	0.00	2.42
264.71	0.00	2.33
500.00	0.00	1.87
837.21	0.00	1.61
264.71	0.00	1.11
500.00	0.00	0.72
837.21	0.00	1.98
264.71	0.00	2.92
500.00	0.00	1.23
837.21	0.00	3.68
259.69	1.90	0.94
482.62	3.48	5.21
837.21	0.00	1.50
264.71	0.00	4.33
500.00	0.00	4.18
807.22	3.58	1.02
264.71	0.00	1.83
500.00	0.00	3.13
837.18	0.00	2.03
264.28	0.16	4.72
481.38	3.72	5.17
837.21	0.00	3.41
264.71	0.00	2.68
500.00	0.00	3.83
837.21	0.00	2.94
264.71	0.00	5.01
500.00	0.00	1.31
837.21	0.00	3.65
263.61	0.41	2.79
500.00	0.00	1.70
837.21	0.00	1.07
264.28	0.16	2.17
499.30	0.14	1.63
837.21	0.00	1.08
264.71	0.00	1.26
500.00	0.00	1.08
837.21	0.00	1.95
264.71	0.00	3.79
500.00	0.00	3.10
837.21	0.00	2.74
264.71	0.00	2.58
499.30	0.14	3.68
837.21	0.00	3.18
253.79	4.12	5.82
500.00	0.00	3.54
837.21	0.00	4.42
264.71	0.00	3.31
500.00	0.00	2.06
837.21	0.00	0.58
264.71	0.00	3.71
500.00	0.00	0.58
837.21	0.00	1.57
264.71	0.00	3.06
500.00	0.00	1.71
837.21	0.00	2.07
264.71	0.00	1.83
500.00	0.00	2.11
837.21	0.00	2.07
264.71	0.00	1.15
499.98	0.00	4.56
837.21	0.00	3.35
264.71	0.00	3.42
499.20	0.16	3.42
837.21	0.00	1.03
262.94	0.67	2.95
500.00	0.00	3.76
836.03	0.14	3.64
264.71	0.00	3.97
500.00	0.00	1.11
801.74	4.24	3.50
264.71	0.00	4.04
500.00	0.00	0.81
837.21	0.00	3.19
264.71	0.00	2.97
500.00	0.00	2.87
837.18	0.00	2.19
264.71	0.00	0.68
500.00	0.00	3.25
836.03	0.14	2.72
264.71	0.00	3.57
500.00	0.00	1.16
837.21	0.00	3.32
264.71	0.00	2.92
500.00	0.00	1.59
837.21	0.00	0.63
264.71	0.00	3.62
482.62	3.48	3.65
837.21	0.00	2.71
264.71	0.00	0.63
500.00	0.00	2.16
837.21	0.00	1.05
264.71	0.00	2.39
500.00	0.00	1.74
837.21	0.00	1.95
264.71	0.00	4.14
500.00	0.00	3.44
837.21	0.00	2.28
264.71	0.00	3.59
500.00	0.00	4.01
837.21	0.00	1.08
264.71	0.00	0.68
479.39	4.12	4.66
837.21	0.00	2.78
264.71	0.00	3.30
500.00	0.00	2.23
837.21	0.00	3.07
264.71	0.00	3.39
500.00	0.00	4.12
837.21	0.00	3.56
264.71	0.00	5.68
499.20	0.16	4.54
837.21	0.00	2.04
263.51	0.45	2.83
499.30	0.14	4.61
833.74	0.41	3.31
264.71	0.00	5.37
500.00	0.00	5.48
835.87	0.16	1.36
264.71	0.00	3.13
499.30	0.14	3.43
835.87	0.16	2.63
264.71	0.00	2.16
500.00	0.00	3.74
807.22	3.58	2.37
264.28	0.16	2.87
500.00	0.00	5.20
837.21	0.00	1.05
255.50	3.48	5.26
499.20	0.16	4.54
837.21	0.00	2.86
262.91	0.68	3.33
500.00	0.00	3.93
837.21	0.00	2.13
264.71	0.00	6.16
500.00	0.00	4.36
837.21	0.00	1.56
255.50	3.48	3.92
500.00	0.00	0.73
837.21	0.00	3.08
264.70	0.00	2.34
500.00	0.00	0.54
837.18	0.00	3.32
264.71	0.00	1.94
500.00	0.00	3.87
837.21	0.00	2.44
263.61	0.41	1.83
500.00	0.00	3.90
807.22	3.58	3.48
264.71	0.00	3.53
500.00	0.00	1.61
837.21	0.00	0.60
264.71	0.00	3.23
500.00	0.00	4.26
836.03	0.14	1.75
263.70	0.38	3.09
500.00	0.00	2.29
837.21	0.00	1.87
264.71	0.00	3.34
500.00	0.00	2.86
837.21	0.00	1.70
264.28	0.16	4.03
500.00	0.00	1.19
833.74	0.41	2.19
264.28	0.16	3.49
500.00	0.00	3.74
837.21	0.00	3.04
264.71	0.00	0.82
500.00	0.00	2.65
836.03	0.14	2.77
264.71	0.00	1.52
500.00	0.00	5.00
808.10	3.48	1.93
264.71	0.00	2.43
500.00	0.00	3.58
837.18	0.00	0.66
264.71	0.00	2.74
499.30	0.14	1.80
837.21	0.00	2.83
264.71	0.00	3.59
499.30	0.14	3.16
833.74	0.41	1.95
264.71	0.00	1.70
500.00	0.00	3.93
837.21	0.00	0.58
255.50	3.48	5.58
500.00	0.00	2.16
808.10	3.48	4.05
263.70	0.38	2.91
499.98	0.00	2.12
837.18	0.00	2.11
264.71	0.00	2.18
499.20	0.16	3.17
837.21	0.00	2.13
264.71	0.00	4.75
482.62	3.48	5.76
837.21	0.00	3.85
264.71	0.00	2.30
500.00	0.00	3.25
837.21	0.00	4.50
264.71	0.00	3.94
500.00	0.00	4.37
837.18	0.00	3.05
264.71	0.00	3.18
482.62	3.48	5.94
837.21	0.00	3.60
264.70	0.00	4.02
500.00	0.00	4.61
833.74	0.41	2.81
264.71	0.00	3.36
499.30	0.14	3.82
837.21	0.00	3.71
264.71	0.00	6.76
496.66	0.67	3.14
837.21	0.00	2.33
263.70	0.38	4.24
500.00	0.00	2.52
837.21	0.00	1.61
264.71	0.00	4.66
500.00	0.00	2.16
837.21	0.00	2.93
264.71	0.00	2.56
500.00	0.00	3.54
837.21	0.00	2.27
264.71	0.00	1.58
500.00	0.00	1.64
837.21	0.00	0.59
264.71	0.00	2.31
500.00	0.00	1.87
837.21	0.00	2.98
250.75	5.27	1.70
500.00	0.00	3.36
836.03	0.14	3.06
253.49	4.24	3.72
499.20	0.16	3.45
837.21	0.00	2.35
264.71	0.00	3.77
500.00	0.00	5.21
837.21	0.00	1.47
264.71	0.00	2.73
500.00	0.00	5.40
837.21	0.00	0.73
264.71	0.00	3.98
500.00	0.00	4.81
837.21	0.00	2.66
264.71	0.00	3.63
500.00	0.00	3.90
837.21	0.00	1.57
264.71	0.00	3.04
500.00	0.00	2.63
837.21	0.00	2.07
264.71	0.00	1.16
500.00	0.00	1.08
807.22	3.58	1.55
264.71	0.00	2.48
500.00	0.00	3.27
837.21	0.00	3.15
264.71	0.00	2.92
500.00	0.00	0.68
837.21	0.00	2.03
264.71	0.00	2.41
500.00	0.00	3.12
837.21	0.00	1.16
264.70	0.00	2.76
500.00	0.00	3.13
807.22	3.58	4.12
255.23	3.58	4.16
500.00	0.00	2.02
836.03	0.14	2.39
264.70	0.00	1.27
500.00	0.00	4.27
837.21	0.00	4.31
264.71	0.00	1.90
500.00	0.00	0.82
837.21	0.00	4.04
264.71	0.00	3.83
500.00	0.00	2.97
837.21	0.00	3.60
263.70	0.38	5.27
500.00	0.00	0.71
837.21	0.00	2.64
264.71	0.00	1.98
500.00	0.00	0.91
837.21	0.00	5.07
255.23	3.58	4.27
500.00	0.00	2.46
837.21	0.00	3.23
264.28	0.16	2.69
500.00	0.00	0.99
807.22	3.58	4.56
264.71	0.00	5.46
499.30	0.14	3.95
837.21	0.00	1.85
264.71	0.00	2.86
500.00	0.00	2.15
837.21	0.00	0.65
263.61	0.41	4.80
499.98	0.00	4.21
835.87	0.16	3.17
264.71	0.00	1.71
499.20	0.16	2.77
807.22	3.58	2.97
264.28	0.16	3.00
500.00	0.00	0.56
835.87	0.16	1.76
264.71	0.00	2.29
500.00	0.00	2.83
837.21	0.00	1.27
264.71	0.00	5.75
500.00	0.00	1.93
807.22	3.58	2.44
264.71	0.00	1.59
500.00	0.00	5.59
837.21	0.00	3.81
264.71	0.00	3.94
498.10	0.38	5.25
837.21	0.00	2.19
264.71	0.00	1.87
500.00	0.00	3.67
837.21	0.00	2.61
264.71	0.00	3.00
500.00	0.00	3.33
837.21	0.00	1.91
264.71	0.00	5.05
500.00	0.00	6.35
837.21	0.00	2.47
264.28	0.16	2.31
500.00	0.00	3.18
837.21	0.00	1.51
264.33	0.14	3.04
500.00	0.00	2.75
835.87	0.16	2.87
264.71	0.00	3.70
500.00	0.00	4.81
837.18	0.00	0.71
264.71	0.00	2.96
500.00	0.00	3.75
837.21	0.00	2.09
264.71	0.00	2.36
500.00	0.00	0.67
837.21	0.00	0.52
264.71	0.00	1.89
500.00	0.00	3.43
793.07	5.27	1.56
264.71	0.00	2.91
500.00	0.00	3.01
837.21	0.00	3.09
264.71	0.00	2.43
482.09	3.58	4.25
837.21	0.00	2.55
264.71	0.00	2.19
500.00	0.00	2.19
837.21	0.00	1.04
264.71	0.00	2.21
500.00	0.00	1.60
837.21	0.00	2.18
264.71	0.00	2.71
482.09	3.58	4.15
837.21	0.00	0.59
264.28	0.16	3.41
499.20	0.16	3.32
837.21	0.00	1.09
264.70	0.00	3.78
499.20	0.16	2.90
837.21	0.00	2.94
264.71	0.00	1.38
482.09	3.58	4.43
837.21	0.00	3.33
264.71	0.00	2.72
500.00	0.00	4.89
837.21	0.00	3.70
264.71	0.00	2.12
499.20	0.16	3.21
837.21	0.00	2.81
255.50	3.48	0.99
482.09	3.58	5.14
837.21	0.00	2.81
264.71	0.00	2.43
500.00	0.00	3.68
837.21	0.00	2.19
255.23	3.58	3.80
500.00	0.00	3.63
837.21	0.00	2.95
264.71	0.00	1.71
500.00	0.00	0.82
837.21	0.00	4.52
264.71	0.00	1.24
500.00	0.00	2.25
837.21	0.00	1.62
264.71	0.00	3.29
500.00	0.00	1.32
837.21	0.00	2.27
264.71	0.00	2.92
500.00	0.00	1.60
837.21	0.00	0.99
264.71	0.00	1.53
500.00	0.00	1.59
833.74	0.41	1.15
264.71	0.00	1.50
500.00	0.00	4.20
837.21	0.00	3.07
264.71	0.00	2.62
500.00	0.00	2.19
837.21	0.00	0.69
264.71	0.00	1.85
482.62	3.48	5.06
837.21	0.00	2.42
264.71	0.00	1.94
500.00	0.00	0.49
837.21	0.00	0.50
264.71	0.00	0.65
500.00	0.00	0.99
837.21	0.00	2.90
264.71	0.00	0.50
500.00	0.00	2.33
808.10	3.48	3.34
264.71	0.00	2.75
500.00	0.00	3.66
837.21	0.00	2.27
264.71	0.00	1.54
500.00	0.00	2.38
837.21	0.00	1.10
264.71	0.00	3.95
500.00	0.00	2.85
837.21	0.00	3.38
264.71	0.00	5.14
500.00	0.00	3.29
837.21	0.00	1.51
264.71	0.00	2.94
482.62	3.48	4.52
837.21	0.00	3.43
264.71	0.00	1.76
500.00	0.00	4.84
807.22	3.58	4.90
264.71	0.00	1.83
500.00	0.00	2.99
837.21	0.00	2.83
264.71	0.00	3.56
497.93	0.41	3.18
837.21	0.00	1.98
264.71	0.00	5.01
500.00	0.00	2.04
837.21	0.00	1.66
255.50	3.48	4.93
500.00	0.00	1.76
837.18	0.00	4.90
264.71	0.00	4.59
500.00	0.00	3.58
836.03	0.14	5.46
264.33	0.14	3.36
500.00	0.00	2.93
836.03	0.14	5.91
264.71	0.00	4.20
500.00	0.00	0.54
837.21	0.00	0.64
264.71	0.00	2.64
500.00	0.00	2.15
837.21	0.00	2.58
264.33	0.14	3.49
500.00	0.00	3.35
835.87	0.16	2.06
264.71	0.00	3.19
500.00	0.00	3.27
837.21	0.00	3.09
264.33	0.14	3.18
500.00	0.00	2.03
837.21	0.00	2.84
264.71	0.00	1.22
497.93	0.41	2.56
837.21	0.00	3.68
264.71	0.00	3.58
500.00	0.00	1.57
837.21	0.00	1.92
264.71	0.00	5.10
500.00	0.00	2.01
835.87	0.16	3.35
264.71	0.00	4.45
482.62	3.48	4.26
837.21	0.00	3.77
264.71	0.00	2.45
500.00	0.00	3.79
837.21	0.00	1.61
264.71	0.00	2.00
500.00	0.00	0.79
837.21	0.00	1.07
264.71	0.00	3.20
498.10	0.38	2.46
837.21	0.00	3.04
264.71	0.00	4.59
499.98	0.00	3.77
837.21	0.00	3.56
254.64	3.80	3.47
498.10	0.38	2.16
837.21	0.00	0.63
264.71	0.00	4.10
498.10	0.38	3.74
837.21	0.00	4.53
264.71	0.00	1.74
500.00	0.00	0.60
837.21	0.00	3.24
264.71	0.00	1.26
500.00	0.00	1.06
837.21	0.00	2.01
264.71	0.00	0.74
499.30	0.14	3.00
836.03	0.14	2.09
264.70	0.00	3.95
482.62	3.48	5.48
837.21	0.00	0.70
264.71	0.00	3.35
500.00	0.00	2.82
837.18	0.00	3.34
264.71	0.00	1.12
500.00	0.00	3.21
837.21	0.00	2.33
264.71	0.00	3.80
500.00	0.00	1.67
837.21	0.00	2.88
264.71	0.00	4.65
500.00	0.00	3.45
837.21	0.00	1.77
264.71	0.00	3.89
499.20	0.16	3.69
837.21	0.00	3.05
264.71	0.00	1.94
500.00	0.00	2.55
807.22	3.58	4.26
264.71	0.00	0.51
499.20	0.16	1.66
837.21	0.00	1.56
263.61	0.41	1.90
500.00	0.00	2.37
808.10	3.48	3.45
264.71	0.00	2.28
500.00	0.00	1.88
837.21	0.00	2.37
264.71	0.00	3.02
500.00	0.00	3.88
807.22	3.58	4.74
264.71	0.00	1.69
500.00	0.00	2.46
837.21	0.00	3.47
264.71	0.00	1.86
500.00	0.00	2.63
837.21	0.00	1.59
264.71	0.00	2.95
500.00	0.00	1.75
837.18	0.00	1.72
264.28	0.16	4.99
499.20	0.16	1.31
837.21	0.00	2.24
264.70	0.00	2.42
500.00	0.00	0.72
807.22	3.58	3.82
264.71	0.00	1.74
500.00	0.00	3.20
837.21	0.00	1.29
264.71	0.00	4.11
500.00	0.00	2.54
837.21	0.00	2.60
264.71	0.00	3.80
500.00	0.00	3.04
837.21	0.00	1.45
264.71	0.00	2.59
500.00	0.00	1.07
837.21	0.00	3.20
264.71	0.00	3.21
500.00	0.00	1.26
837.21	0.00	1.73
264.71	0.00	2.67
500.00	0.00	1.87
808.10	3.48	3.58
263.61	0.41	2.16
500.00	0.00	1.20
837.21	0.00	0.53
264.71	0.00	0.66
500.00	0.00	2.77
837.21	0.00	1.54
264.71	0.00	3.70
500.00	0.00	2.77
837.21	0.00	1.30
264.71	0.00	3.12
500.00	0.00	6.04
837.21	0.00	4.38
264.71	0.00	2.48
500.00	0.00	6.23
837.21	0.00	2.63
264.71	0.00	2.55
497.93	0.41	2.04
837.21	0.00	1.99
264.70	0.00	3.05
499.20	0.16	1.51
837.21	0.00	1.01
264.71	0.00	0.98
500.00	0.00	1.34
802.69	4.12	4.38
264.28	0.16	3.03
500.00	0.00	2.74
837.21	0.00	2.68
264.71	0.00	0.77
500.00	0.00	3.35
837.21	0.00	0.57
264.71	0.00	2.17
500.00	0.00	1.09
833.74	0.41	3.91
264.70	0.00	3.45
500.00	0.00	1.69
837.21	0.00	3.90
264.71	0.00	1.07
500.00	0.00	1.20
837.21	0.00	3.47
264.71	0.00	2.41
500.00	0.00	1.93
837.21	0.00	2.99
264.71	0.00	2.27
499.98	0.00	2.83
837.21	0.00	2.56
264.71	0.00	2.84
500.00	0.00	1.95
837.21	0.00	2.09
254.85	3.72	3.78
499.98	0.00	3.24
837.21	0.00	1.47
264.71	0.00	4.03
500.00	0.00	3.89
801.74	4.24	3.92
264.71	0.00	0.82
500.00	0.00	3.86
837.21	0.00	2.94
264.71	0.00	2.53
500.00	0.00	4.37
837.21	0.00	2.32
264.71	0.00	5.11
500.00	0.00	0.62
837.21	0.00	0.46
264.71	0.00	4.61
500.00	0.00	3.21
837.21	0.00	0.99
264.71	0.00	3.12
500.00	0.00	2.85
837.21	0.00	1.43
255.23	3.58	2.97
500.00	0.00	0.51
837.21	0.00	2.42
264.71	0.00	1.68
500.00	0.00	1.38
807.22	3.58	1.98
264.71	0.00	1.12
499.30	0.14	1.88
837.21	0.00	2.45
264.71	0.00	3.65
497.93	0.41	1.81
837.21	0.00	0.57
264.71	0.00	3.17
482.62	3.48	0.97
808.10	3.48	3.17
264.71	0.00	2.48
500.00	0.00	1.07
837.21	0.00	0.54
264.71	0.00	2.28
500.00	0.00	3.42
837.21	0.00	3.54
264.71	0.00	3.70
500.00	0.00	0.75
837.21	0.00	0.49
264.33	0.14	3.77
500.00	0.00	2.21
837.18	0.00	3.80
264.71	0.00	4.43
500.00	0.00	3.29
837.21	0.00	5.58
263.70	0.38	5.63
500.00	0.00	1.53
837.21	0.00	2.76
255.50	3.48	6.09
482.09	3.58	4.59
837.21	0.00	3.03
264.71	0.00	3.33
500.00	0.00	1.98
837.21	0.00	1.45
264.71	0.00	3.62
499.20	0.16	3.39
837.21	0.00	3.01
264.71	0.00	2.11
482.62	3.48	5.24
837.21	0.00	4.51
264.28	0.16	0.75
500.00	0.00	0.68
837.21	0.00	1.12
264.71	0.00	2.19
500.00	0.00	0.63
836.03	0.14	1.78
264.70	0.00	3.49
499.30	0.14	2.71
837.18	0.00	2.90
264.71	0.00	3.52
499.30	0.14	3.59
837.21	0.00	2.83
264.71	0.00	4.62
500.00	0.00	2.20
837.21	0.00	2.94
264.70	0.00	2.47
480.61	3.88	3.81
837.21	0.00	0.57
264.71	0.00	4.31
500.00	0.00	1.53
837.21	0.00	3.47
264.71	0.00	2.42
500.00	0.00	0.56
837.21	0.00	3.00
263.61	0.41	2.76
499.20	0.16	2.03
837.21	0.00	2.49
264.71	0.00	2.85
500.00	0.00	2.92
837.21	0.00	0.66
264.33	0.14	3.51
482.62	3.48	3.75
837.21	0.00	2.36
264.71	0.00	2.31
500.00	0.00	5.00
837.21	0.00	3.60
264.71	0.00	1.96
482.62	3.48	6.46
837.21	0.00	1.43
264.71	0.00	2.55
500.00	0.00	3.81
837.21	0.00	2.20
264.71	0.00	1.21
496.66	0.67	3.21
837.21	0.00	3.47
264.71	0.00	1.67
500.00	0.00	3.02
837.21	0.00	7.34
253.49	4.24	4.65
500.00	0.00	3.88
837.21	0.00	6.27
264.71	0.00	3.42
499.30	0.14	3.51
834.04	0.38	5.63
263.61	0.41	4.00
500.00	0.00	3.91
837.21	0.00	4.33
264.71	0.00	5.63
500.00	0.00	1.34
837.21	0.00	3.78
264.71	0.00	4.72
500.00	0.00	1.31
837.21	0.00	3.27
264.71	0.00	1.09
500.00	0.00	2.29
834.04	0.38	2.59
264.71	0.00	0.62
498.10	0.38	1.86
837.18	0.00	2.05
264.28	0.16	1.96
500.00	0.00	2.28
837.21	0.00	2.04
264.71	0.00	3.73
500.00	0.00	3.21
837.21	0.00	0.67
264.33	0.14	5.00
500.00	0.00	2.76
837.21	0.00	0.62
264.71	0.00	3.68
500.00	0.00	2.13
837.21	0.00	2.33
254.26	3.95	5.20
500.00	0.00	5.12
837.21	0.00	0.71
264.71	0.00	1.44
500.00	0.00	3.65
837.21	0.00	3.01
263.61	0.41	3.47
497.93	0.41	4.61
837.21	0.00	2.89
264.28	0.16	4.09
500.00	0.00	4.79
837.21	0.00	4.54
264.71	0.00	1.43
479.39	4.12	5.88
837.21	0.00	0.77
264.71	0.00	1.41
497.93	0.41	5.23
837.21	0.00	2.57
262.91	0.68	3.91
499.30	0.14	4.31
837.21	0.00	2.37
264.71	0.00	2.98
500.00	0.00	4.77
837.21	0.00	4.07
264.71	0.00	4.23
500.00	0.00	6.08
837.21	0.00	4.48
264.71	0.00	2.68
500.00	0.00	1.85
836.03	0.14	2.66
264.33	0.14	2.51
500.00	0.00	1.11
834.04	0.38	3.27
264.71	0.00	0.88
500.00	0.00	2.87
837.21	0.00	2.88
264.71	0.00	2.81
500.00	0.00	1.98
837.21	0.00	1.99
264.33	0.14	3.66
500.00	0.00	3.49
837.21	0.00	0.96
263.70	0.38	2.48
499.98	0.00	4.00
808.10	3.48	3.35
264.71	0.00	2.93
500.00	0.00	2.33
833.43	0.45	1.78
264.71	0.00	1.57
500.00	0.00	4.22
837.21	0.00	2.27
264.33	0.14	3.89
500.00	0.00	5.95
807.22	3.58	4.38
264.71	0.00	3.60
500.00	0.00	2.28
837.21	0.00	0.65
264.71	0.00	4.13
500.00	0.00	2.91
836.03	0.14	2.32
264.71	0.00	1.18
500.00	0.00	2.38
837.21	0.00	2.35
264.71	0.00	5.41
500.00	0.00	1.35
837.21	0.00	3.71
264.71	0.00	3.32
500.00	0.00	4.51
837.21	0.00	4.33
264.71	0.00	6.02
482.09	3.58	5.64
837.21	0.00	3.11
264.71	0.00	1.78
500.00	0.00	2.35
837.21	0.00	2.19
254.26	3.95	4.03
500.00	0.00	1.12
837.21	0.00	0.97
264.71	0.00	2.36
500.00	0.00	1.12
802.69	4.12	3.45
264.71	0.00	3.85
500.00	0.00	1.48
837.21	0.00	1.97
264.71	0.00	1.91
500.00	0.00	2.00
837.21	0.00	2.39
264.71	0.00	2.62
500.00	0.00	3.17
837.18	0.00	3.22
264.33	0.14	3.24
498.10	0.38	3.24
837.21	0.00	0.63
264.71	0.00	2.83
500.00	0.00	3.87
833.74	0.41	3.19
264.71	0.00	1.61
500.00	0.00	1.56
837.21	0.00	1.83
264.71	0.00	0.52
500.00	0.00	0.55
837.21	0.00	1.08
264.71	0.00	1.95
500.00	0.00	0.96
807.22	3.58	1.35
264.71	0.00	3.12
499.98	0.00	3.20
837.21	0.00	1.92
264.71	0.00	5.43
500.00	0.00	4.66
837.21	0.00	3.62
264.71	0.00	7.91
500.00	0.00	0.63
837.21	0.00	2.78
264.71	0.00	5.39
497.93	0.41	2.35
808.10	3.48	5.84
264.71	0.00	4.05
500.00	0.00	2.54
837.21	0.00	2.39
264.70	0.00	1.96
500.00	0.00	2.92
837.21	0.00	2.14
264.71	0.00	3.69
499.98	0.00	3.19
837.21	0.00	0.58
264.71	0.00	1.23
500.00	0.00	2.45
837.21	0.00	1.65
264.28	0.16	2.71
500.00	0.00	2.12
804.16	3.95	3.02
264.71	0.00	2.62
500.00	0.00	1.48
837.21	0.00	1.17
264.71	0.00	2.41
500.00	0.00	3.05
837.21	0.00	3.82
255.23	3.58	6.55
500.00	0.00	4.63
837.21	0.00	5.09
264.71	0.00	5.76
500.00	0.00	3.69
837.21	0.00	3.10
264.71	0.00	2.66
500.00	0.00	1.06
837.21	0.00	0.61
264.71	0.00	0.58
500.00	0.00	3.54
807.22	3.58	1.45
264.71	0.00	4.34
500.00	0.00	3.01
835.87	0.16	1.88
264.71	0.00	4.00
482.09	3.58	5.12
835.87	0.16	1.99
255.50	3.48	6.92
498.10	0.38	3.08
801.74	4.24	4.87
263.70	0.38	5.36
499.98	0.00	2.50
837.21	0.00	4.32
264.71	0.00	3.10
500.00	0.00	4.18
837.21	0.00	2.66
264.71	0.00	6.16
500.00	0.00	1.04
806.04	3.72	1.69
264.71	0.00	1.53
499.20	0.16	1.99
837.21	0.00	3.84
264.71	0.00	3.27
482.09	3.58	3.34
837.21	0.00	2.65
264.28	0.16	3.02
500.00	0.00	0.68
837.21	0.00	4.34
264.71	0.00	1.14
482.09	3.58	5.02
837.21	0.00	2.05
264.71	0.00	2.12
482.09	3.58	3.04
835.87	0.16	0.63
264.71	0.00	0.58
500.00	0.00	3.55
837.21	0.00	0.61
264.71	0.00	3.34
500.00	0.00	3.12
837.21	0.00	1.07
264.71	0.00	3.94
500.00	0.00	1.86
837.18	0.00	3.34
264.71	0.00	1.34
500.00	0.00	2.66
837.21	0.00	2.14
264.71	0.00	0.77
482.62	3.48	4.18
833.74	0.41	2.99
264.70	0.00	2.60
500.00	0.00	2.73
808.10	3.48	2.71
264.71	0.00	1.94
500.00	0.00	3.24
837.21	0.00	2.05
264.71	0.00	3.19
500.00	0.00	1.11
837.21	0.00	1.57
264.71	0.00	2.25
500.00	0.00	1.08
837.21	0.00	2.07
264.28	0.16	3.36
500.00	0.00	0.53
837.21	0.00	0.55
264.71	0.00	1.55
499.20	0.16	2.26
837.21	0.00	1.53
264.71	0.00	4.31
500.00	0.00	1.99
837.21	0.00	4.89
264.71	0.00	1.26
500.00	0.00	2.55
837.21	0.00	3.11
264.71	0.00	2.73
500.00	0.00	0.53
837.18	0.00	3.12
264.71	0.00	2.24
500.00	0.00	3.00
837.21	0.00	2.62
264.71	0.00	1.41
500.00	0.00	1.61
837.21	0.00	2.54
264.28	0.16	3.64
500.00	0.00	3.71
834.04	0.38	4.00
255.23	3.58	4.26
498.10	0.38	0.75
836.03	0.14	1.59
264.71	0.00	0.73
482.62	3.48	4.11
837.21	0.00	3.05
264.71	0.00	2.83
500.00	0.00	2.36
837.21	0.00	4.36
255.50	3.48	5.21
482.62	3.48	5.27
837.21	0.00	2.03
264.71	0.00	3.79
500.00	0.00	1.11
837.21	0.00	1.03
263.70	0.38	3.33
500.00	0.00	3.73
837.21	0.00	3.53
264.28	0.16	4.06
500.00	0.00	2.85
837.21	0.00	1.98
264.71	0.00	4.32
480.27	3.95	4.41
807.22	3.58	3.70
264.71	0.00	3.18
499.30	0.14	4.32
837.21	0.00	0.65
264.71	0.00	1.87
500.00	0.00	1.85
808.10	3.48	1.97
263.61	0.41	2.21
500.00	0.00	2.07
837.21	0.00	2.37
264.71	0.00	1.38
500.00	0.00	2.36
831.52	0.68	3.67
264.71	0.00	1.76
500.00	0.00	0.52
837.21	0.00	0.55
264.71	0.00	1.98
500.00	0.00	2.30
837.21	0.00	0.57
264.71	0.00	4.39
500.00	0.00	1.16
837.21	0.00	1.04
264.71	0.00	3.41
498.10	0.38	3.54
808.10	3.48	4.27
264.71	0.00	4.55
500.00	0.00	2.45
837.21	0.00	2.68
264.71	0.00	1.33
499.30	0.14	3.14
837.21	0.00	2.78
264.71	0.00	4.81
500.00	0.00	4.51
837.21	0.00	4.17
264.71	0.00	3.94
480.61	3.88	6.14
837.21	0.00	2.80
264.71	0.00	5.73
497.93	0.41	3.31
837.21	0.00	5.61
264.71	0.00	2.57
500.00	0.00	1.15
833.74	0.41	1.36
264.70	0.00	2.78
482.09	3.58	5.21
807.22	3.58	3.96
264.33	0.14	4.42
500.00	0.00	4.31
837.21	0.00	0.50
264.71	0.00	0.65
500.00	0.00	0.59
837.21	0.00	3.02
264.28	0.16	2.55
500.00	0.00	4.29
834.04	0.38	3.77
264.71	0.00	1.27
482.09	3.58	2.70
837.21	0.00	2.00
264.71	0.00	2.96
500.00	0.00	0.61
837.21	0.00	0.49
264.71	0.00	1.00
500.00	0.00	1.50
837.21	0.00	1.11
264.71	0.00	3.58
500.00	0.00	1.03
837.21	0.00	2.01
264.71	0.00	2.72
482.62	3.48	5.01
834.04	0.38	2.97
264.71	0.00	1.16
500.00	0.00	1.02
837.21	0.00	3.19
264.71	0.00	0.90
482.09	3.58	3.70
837.21	0.00	2.16
264.71	0.00	2.86
500.00	0.00	3.32
837.21	0.00	2.95
264.71	0.00	1.67
500.00	0.00	2.34
837.21	0.00	1.89
255.50	3.48	5.16
500.00	0.00	2.74
837.21	0.00	3.88
264.71	0.00	3.29
500.00	0.00	1.88
837.21	0.00	3.81
264.71	0.00	2.54
500.00	0.00	3.16
837.21	0.00	1.08
264.33	0.14	3.65
500.00	0.00	3.60
835.87	0.16	4.14
264.28	0.16	2.96
499.20	0.16	3.74
837.21	0.00	3.15
264.71	0.00	3.07
500.00	0.00	1.22
835.87	0.16	3.52
255.23	3.58	5.36
496.66	0.67	4.05
837.21	0.00	2.79
264.71	0.00	1.36
500.00	0.00	0.58
837.21	0.00	1.47
255.50	3.48	4.29
500.00	0.00	1.32
837.21	0.00	2.61
264.71	0.00	1.21
500.00	0.00	2.97
837.21	0.00	2.57
264.71	0.00	2.04
500.00	0.00	3.96
837.21	0.00	2.43
264.71	0.00	2.80
500.00	0.00	3.28
837.21	0.00	0.67
264.28	0.16	2.21
482.09	3.58	1.72
837.21	0.00	1.13
255.50	3.48	3.38
500.00	0.00	3.20
837.21	0.00	2.21
264.71	0.00	4.28
500.00	0.00	3.30
837.21	0.00	1.03
264.71	0.00	0.66
500.00	0.00	1.02
837.21	0.00	2.08
255.23	3.58	4.22
500.00	0.00	1.83
837.21	0.00	3.41
264.71	0.00	0.76
500.00	0.00	4.02
837.21	0.00	1.11
264.71	0.00	1.80
500.00	0.00	4.10
837.21	0.00	2.99
264.71	0.00	1.64
500.00	0.00	1.51
837.21	0.00	0.54
264.71	0.00	2.74
500.00	0.00	0.62
837.21	0.00	0.52
264.28	0.16	3.46
500.00	0.00	1.78
837.21	0.00	2.11
264.71	0.00	2.00
500.00	0.00	0.57
835.87	0.16	1.16
253.79	4.12	4.97
500.00	0.00	0.65
837.21	0.00	1.11
264.71	0.00	1.53
497.93	0.41	2.64
808.10	3.48	2.56
264.71	0.00	0.68
500.00	0.00	1.58
808.10	3.48	2.47
264.70	0.00	3.47
499.20	0.16	3.46
837.21	0.00	1.06
264.71	0.00	1.23
499.30	0.14	3.89
835.87	0.16	2.09
264.71	0.00	2.63
500.00	0.00	2.89
837.21	0.00	1.62
264.71	0.00	3.10
500.00	0.00	4.60
835.87	0.16	2.39
264.71	0.00	1.72
482.62	3.48	6.29
837.21	0.00	3.02
264.71	0.00	2.27
499.30	0.14	2.77
837.21	0.00	1.54
264.71	0.00	4.22
482.62	3.48	2.79
835.87	0.16	3.33
263.51	0.45	2.15
500.00	0.00	2.55
834.04	0.38	2.91
259.69	1.90	3.17
500.00	0.00	3.30
837.21	0.00	1.60
264.71	0.00	3.49
499.20	0.16	2.33
807.22	3.58	2.34
264.71	0.00	1.49
500.00	0.00	2.20
837.21	0.00	1.05
264.71	0.00	5.46
500.00	0.00	0.86
837.21	0.00	5.92
264.71	0.00	3.81
499.98	0.00	4.02
835.87	0.16	3.84
264.71	0.00	5.43
500.00	0.00	4.61
834.04	0.38	4.33
264.71	0.00	0.61
500.00	0.00	0.51
837.21	0.00	1.17
264.71	0.00	2.42
500.00	0.00	2.67
837.21	0.00	1.63
264.71	0.00	1.15
500.00	0.00	3.12
837.21	0.00	1.72
264.71	0.00	4.09
500.00	0.00	1.04
837.21	0.00	2.75
264.71	0.00	2.62
500.00	0.00	3.03
837.21	0.00	1.03
264.71	0.00	3.11
500.00	0.00	3.35
837.21	0.00	1.49
250.40	5.40	4.12
499.98	0.00	3.03
837.21	0.00	3.08
255.23	3.58	1.74
499.30	0.14	3.66
835.87	0.16	1.47
264.33	0.14	3.37
500.00	0.00	3.16
837.21	0.00	2.85
264.71	0.00	1.35
500.00	0.00	3.87
837.21	0.00	0.74
264.71	0.00	0.72
498.10	0.38	4.50
837.21	0.00	1.17
264.71	0.00	2.57
500.00	0.00	5.58
837.21	0.00	0.67
264.71	0.00	3.09
500.00	0.00	3.47
837.21	0.00	4.20
264.33	0.14	3.09
500.00	0.00	3.85
837.21	0.00	5.36
264.71	0.00	2.29
499.98	0.00	1.58
835.87	0.16	3.87
264.71	0.00	0.79
500.00	0.00	3.52
837.21	0.00	2.92
264.71	0.00	5.25
500.00	0.00	4.94
833.74	0.41	4.88
264.71	0.00	3.61
500.00	0.00	3.95
837.21	0.00	1.27
264.71	0.00	3.71
500.00	0.00	2.00
837.21	0.00	1.72
264.71	0.00	3.22
500.00	0.00	2.83
808.10	3.48	4.87
264.33	0.14	3.38
499.20	0.16	2.22
837.21	0.00	2.69
264.71	0.00	3.76
482.62	3.48	4.64
837.21	0.00	3.45
264.71	0.00	4.31
500.00	0.00	3.64
837.21	0.00	1.17
264.71	0.00	4.77
500.00	0.00	0.82
807.22	3.58	4.02
264.71	0.00	3.76
500.00	0.00	1.97
837.21	0.00	2.67
264.71	0.00	0.86
496.60	0.68	3.53
837.21	0.00	3.83
255.23	3.58	4.20
500.00	0.00	0.68
837.21	0.00	0.54
264.33	0.14	3.33
500.00	0.00	4.22
837.21	0.00	0.63
264.71	0.00	1.88
500.00	0.00	3.77
837.21	0.00	2.53
264.71	0.00	3.80
497.74	0.45	2.58
837.21	0.00	0.64
264.71	0.00	2.05
500.00	0.00	2.53
837.21	0.00	2.93
264.71	0.00	0.75
500.00	0.00	0.77
837.21	0.00	3.88
264.71	0.00	2.81
500.00	0.00	1.25
837.21	0.00	3.41
264.71	0.00	1.87
500.00	0.00	1.89
837.21	0.00	2.68
255.23	3.58	4.98
500.00	0.00	3.35
837.21	0.00	5.63
264.71	0.00	1.80
500.00	0.00	2.51
837.21	0.00	4.99
264.71	0.00	4.17
500.00	0.00	5.42
837.21	0.00	3.77
254.64	3.80	2.53
500.00	0.00	3.49
837.18	0.00	3.23
264.71	0.00	3.29
500.00	0.00	2.42
837.21	0.00	4.25
264.71	0.00	4.33
472.98	5.40	3.75
837.21	0.00	2.86
264.71	0.00	0.85
500.00	0.00	0.79
836.03	0.14	2.34
264.71	0.00	3.37
500.00	0.00	3.06
837.21	0.00	1.11
262.94	0.67	3.00
500.00	0.00	2.38
837.21	0.00	0.97
264.28	0.16	3.71
500.00	0.00	1.70
833.74	0.41	2.34
264.71	0.00	3.47
500.00	0.00	1.14
837.21	0.00	1.19
264.71	0.00	2.54
499.30	0.14	2.47
837.18	0.00	2.62
264.71	0.00	2.17
482.09	3.58	1.63
837.21	0.00	0.96
264.71	0.00	0.74
500.00	0.00	1.78
837.21	0.00	2.46
264.71	0.00	0.60
500.00	0.00	1.62
833.74	0.41	1.67
264.71	0.00	1.37
500.00	0.00	1.63
837.21	0.00	2.12
264.71	0.00	1.85
499.20	0.16	2.77
837.21	0.00	0.51
264.71	0.00	0.52
500.00	0.00	0.49
837.21	0.00	0.51
264.71	0.00	2.02
500.00	0.00	0.62
833.74	0.41	2.28
264.71	0.00	1.15
500.00	0.00	2.37
801.74	4.24	3.63
264.71	0.00	2.87
500.00	0.00	1.92
808.10	3.48	3.45
264.71	0.00	3.62
500.00	0.00	3.29
837.21	0.00	0.56
254.26	3.95	4.54
500.00	0.00	2.53
837.21	0.00	1.13
264.71	0.00	3.06
500.00	0.00	0.79
837.21	0.00	3.42
264.28	0.16	3.27
500.00	0.00	1.22
836.03	0.14	3.18
264.71	0.00	2.15
500.00	0.00	2.89
837.21	0.00	5.36
264.71	0.00	3.86
500.00	0.00	1.18
837.21	0.00	0.49
264.70	0.00	2.55
500.00	0.00	0.55
837.21	0.00	2.07
264.71	0.00	2.06
500.00	0.00	1.00
837.21	0.00	0.96
253.49	4.24	4.73
499.98	0.00	4.18
808.10	3.48	5.02
264.71	0.00	3.12
500.00	0.00	2.65
808.10	3.48	5.38
263.70	0.38	1.31
500.00	0.00	3.03
837.21	0.00	0.98
264.33	0.14	5.13
500.00	0.00	2.43
835.87	0.16	4.73
264.71	0.00	1.39
500.00	0.00	4.38
837.21	0.00	1.86
264.28	0.16	4.30
500.00	0.00	1.37
835.87	0.16	5.29
264.71	0.00	1.18
482.09	3.58	3.60
837.21	0.00	1.99
264.28	0.16	2.56
500.00	0.00	1.42
837.21	0.00	1.00
264.71	0.00	1.27
500.00	0.00	1.62
837.21	0.00	2.49
264.71	0.00	3.03
500.00	0.00	3.02
837.21	0.00	4.84
264.71	0.00	3.22
500.00	0.00	1.22
837.21	0.00	2.91
264.71	0.00	6.23
478.82	4.24	4.64
801.74	4.24	4.54
255.50	3.48	0.91
500.00	0.00	2.34
837.21	0.00	3.94
264.28	0.16	1.80
497.93	0.41	3.68
837.18	0.00	1.68
264.71	0.00	3.03
500.00	0.00	1.63
837.21	0.00	1.74
264.28	0.16	3.38
500.00	0.00	1.96
837.21	0.00	3.49
264.71	0.00	4.77
500.00	0.00	3.27
837.21	0.00	1.08
264.71	0.00	3.16
500.00	0.00	0.63
837.21	0.00	3.04
264.71	0.00	2.02
482.62	3.48	4.78
837.21	0.00	4.14
259.69	1.90	1.11
500.00	0.00	3.27
837.21	0.00	2.20
264.28	0.16	3.46
500.00	0.00	1.77
837.21	0.00	3.66
264.71	0.00	1.48
500.00	0.00	2.17
837.21	0.00	2.77
264.71	0.00	2.66
500.00	0.00	3.33
837.21	0.00	1.00
264.71	0.00	1.02
500.00	0.00	1.50
837.21	0.00	2.19
264.71	0.00	4.12
500.00	0.00	2.38
808.10	3.48	3.87
263.70	0.38	2.58
500.00	0.00	3.49
833.74	0.41	2.85
264.71	0.00	0.45
500.00	0.00	5.06
837.21	0.00	3.59
264.71	0.00	0.62
499.30	0.14	3.41
837.21	0.00	1.60
263.70	0.38	3.64
500.00	0.00	3.00
837.21	0.00	2.70
264.71	0.00	2.57
497.93	0.41	2.30
837.21	0.00	0.64
255.23	3.58	4.65
500.00	0.00	2.59
837.21	0.00	3.27
264.71	0.00	2.71
499.98	0.00	2.40
837.21	0.00	2.80
264.71	0.00	3.80
500.00	0.00	4.73
837.21	0.00	5.09
264.71	0.00	3.36
500.00	0.00	1.52
837.21	0.00	2.61
264.33	0.14	2.35
500.00	0.00	3.35
837.21	0.00	0.54
264.71	0.00	2.09
499.30	0.14	2.30
837.21	0.00	1.98
264.28	0.16	3.48
500.00	0.00	2.34
835.87	0.16	0.59
255.50	3.48	6.05
500.00	0.00	1.06
806.04	3.72	1.80
264.71	0.00	3.16
500.00	0.00	3.24
837.18	0.00	1.70
264.71	0.00	2.20
500.00	0.00	3.77
837.21	0.00	1.87
264.28	0.16	3.99
500.00	0.00	4.24
807.22	3.58	4.29
264.71	0.00	3.41
500.00	0.00	3.21
837.18	0.00	2.51
264.28	0.16	2.86
500.00	0.00	3.52
837.21	0.00	0.71
264.71	0.00	2.24
500.00	0.00	3.86
837.21	0.00	3.90
264.71	0.00	3.22
500.00	0.00	2.90
808.10	3.48	4.36
264.71	0.00	0.45
500.00	0.00	2.23
837.21	0.00	2.22
264.28	0.16	2.16
478.82	4.24	3.72
837.21	0.00	0.98
264.71	0.00	0.73
500.00	0.00	0.66
837.21	0.00	2.54
264.71	0.00	5.77
482.62	3.48	5.32
837.21	0.00	2.36
253.79	4.12	6.27
500.00	0.00	2.95
808.10	3.48	3.99
264.71	0.00	6.70
500.00	0.00	5.25
837.18	0.00	3.01
264.71	0.00	1.94
500.00	0.00	1.39
836.03	0.14	2.29
264.71	0.00	4.47
500.00	0.00	4.83
807.22	3.58	4.53
264.71	0.00	4.16
500.00	0.00	3.87
837.21	0.00	3.89
264.71	0.00	2.55
500.00	0.00	1.33
833.43	0.45	2.08
264.70	0.00	2.05
480.99	3.80	1.84
837.21	0.00	1.62
264.71	0.00	2.62
500.00	0.00	1.31
837.21	0.00	3.68
263.61	0.41	1.80
500.00	0.00	2.03
837.21	0.00	2.84
264.71	0.00	0.98
500.00	0.00	3.06
837.21	0.00	1.85
264.71	0.00	1.04
499.30	0.14	5.00
808.10	3.48	5.14
264.71	0.00	1.70
500.00	0.00	2.93
837.21	0.00	1.61
264.71	0.00	2.90
499.20	0.16	2.76
837.21	0.00	2.08
264.71	0.00	1.22
500.00	0.00	0.97
837.21	0.00	1.57
264.71	0.00	2.95
500.00	0.00	1.97
837.18	0.00	1.77
264.71	0.00	0.79
500.00	0.00	3.65
837.21	0.00	3.33
255.23	3.58	3.81
500.00	0.00	2.79
837.21	0.00	2.20
264.71	0.00	2.05
500.00	0.00	1.69
837.21	0.00	1.82
264.71	0.00	2.44
500.00	0.00	3.44
835.87	0.16	0.69
264.71	0.00	3.30
500.00	0.00	2.92
837.21	0.00	3.51
255.50	3.48	2.96
500.00	0.00	4.78
837.21	0.00	2.36
264.70	0.00	1.85
500.00	0.00	2.56
837.21	0.00	3.28
264.71	0.00	3.45
499.98	0.00	1.67
837.21	0.00	4.21
255.50	3.48	1.57
479.39	4.12	4.10
837.21	0.00	1.95
263.70	0.38	1.30
500.00	0.00	2.10
837.21	0.00	1.09
264.71	0.00	0.91
500.00	0.00	3.76
837.21	0.00	3.35
264.71	0.00	2.88
500.00	0.00	1.40
837.21	0.00	3.19
264.71	0.00	4.20
500.00	0.00	1.97
836.03	0.14	2.68
264.71	0.00	0.77
500.00	0.00	4.77
837.21	0.00	2.25
264.71	0.00	3.37
500.00	0.00	4.17
837.21	0.00	3.20
264.33	0.14	2.57
500.00	0.00	4.41
837.21	0.00	3.75
264.71	0.00	4.16
500.00	0.00	3.30
837.21	0.00	2.58
250.75	5.27	2.06
500.00	0.00	2.25
837.21	0.00	1.62
264.71	0.00	1.91
500.00	0.00	3.45
837.21	0.00	3.21
264.71	0.00	1.27
500.00	0.00	1.56
837.21	0.00	3.63
255.50	3.48	5.89
500.00	0.00	0.49
837.21	0.00	1.63
264.71	0.00	1.01
499.20	0.16	2.79
808.10	3.48	5.43
263.61	0.41	4.07
500.00	0.00	1.45
837.21	0.00	3.49
264.71	0.00	0.95
482.62	3.48	5.15
837.21	0.00	2.13
264.71	0.00	2.95
500.00	0.00	4.33
837.21	0.00	3.23
264.28	0.16	3.49
500.00	0.00	5.51
833.74	0.41	3.77
255.50	3.48	5.05
500.00	0.00	3.87
837.21	0.00	2.13
264.71	0.00	2.77
500.00	0.00	2.03
835.87	0.16	2.59
264.71	0.00	4.95
500.00	0.00	1.26
837.21	0.00	3.61
264.33	0.14	2.76
500.00	0.00	2.72
808.10	3.48	3.07
264.71	0.00	2.63
500.00	0.00	0.67
837.21	0.00	0.54
264.28	0.16	1.18
500.00	0.00	1.85
837.21	0.00	1.03
264.33	0.14	5.39
500.00	0.00	3.68
837.21	0.00	0.67
264.71	0.00	2.22
500.00	0.00	3.14
837.21	0.00	3.46
264.71	0.00	4.17
500.00	0.00	2.53
837.21	0.00	3.84
264.71	0.00	3.15
500.00	0.00	0.67
837.21	0.00	1.64
264.71	0.00	2.68
500.00	0.00	3.49
837.21	0.00	1.06
264.71	0.00	1.46
500.00	0.00	1.59
837.21	0.00	2.19
264.71	0.00	4.62
500.00	0.00	1.64
837.21	0.00	0.52
264.70	0.00	1.93
500.00	0.00	2.09
836.03	0.14	2.85
264.71	0.00	4.27
498.10	0.38	2.73
837.21	0.00	1.31
264.71	0.00	3.80
500.00	0.00	6.66
837.21	0.00	3.53
263.61	0.41	4.42
500.00	0.00	5.44
837.18	0.00	3.13
264.71	0.00	3.03
500.00	0.00	5.95
837.21	0.00	1.73
255.23	3.58	5.72
500.00	0.00	3.58
837.21	0.00	1.45
264.71	0.00	5.00
482.62	3.48	5.11
833.74	0.41	2.88
264.70	0.00	3.49
482.09	3.58	5.15
835.87	0.16	3.10
264.71	0.00	4.32
472.98	5.40	2.42
837.21	0.00	3.04
264.71	0.00	2.71
500.00	0.00	0.84
837.21	0.00	3.62
264.71	0.00	1.53
500.00	0.00	3.20
808.10	3.48	3.49
264.71	0.00	2.88
500.00	0.00	2.79
807.22	3.58	2.52
264.71	0.00	4.00
499.30	0.14	3.27
837.21	0.00	2.71
264.71	0.00	3.62
500.00	0.00	2.80
837.21	0.00	0.59
250.75	5.27	1.08
500.00	0.00	3.34
837.21	0.00	2.49
264.71	0.00	1.53
500.00	0.00	1.57
837.21	0.00	3.06
264.28	0.16	3.39
500.00	0.00	2.03
837.21	0.00	0.57
264.71	0.00	4.29
499.98	0.00	3.15
837.21	0.00	4.83
264.71	0.00	4.62
500.00	0.00	2.62
837.21	0.00	4.35
264.28	0.16	5.06
500.00	0.00	3.02
837.21	0.00	3.09
254.64	3.80	5.07
500.00	0.00	5.39
837.21	0.00	3.90
264.71	0.00	3.53
500.00	0.00	3.13
837.21	0.00	5.04
264.71	0.00	4.16
498.10	0.38	5.01
837.21	0.00	3.86
264.71	0.00	3.84
500.00	0.00	3.88
833.74	0.41	0.75
264.71	0.00	0.62
500.00	0.00	2.08
837.21	0.00	3.41
264.71	0.00	2.11
500.00	0.00	3.41
837.21	0.00	2.84
264.71	0.00	3.00
500.00	0.00	1.33
837.21	0.00	1.33
264.71	0.00	3.81
500.00	0.00	3.58
834.04	0.38	2.49
264.71	0.00	1.20
500.00	0.00	3.13
837.21	0.00	1.05
264.71	0.00	1.19
500.00	0.00	1.11
837.21	0.00	1.96
264.71	0.00	1.35
497.74	0.45	1.75
837.21	0.00	0.59
264.71	0.00	2.46
498.10	0.38	2.45
837.21	0.00	1.61
253.79	4.12	4.31
500.00	0.00	3.47
835.87	0.16	3.16
255.50	3.48	5.10
500.00	0.00	2.58
837.21	0.00	0.61
264.71	0.00	1.45
500.00	0.00	1.80
837.21	0.00	2.91
264.71	0.00	3.17
500.00	0.00	1.79
837.21	0.00	1.93
263.61	0.41	2.63
500.00	0.00	2.24
837.18	0.00	3.68
264.71	0.00	1.48
500.00	0.00	0.81
837.21	0.00	3.10
264.71	0.00	1.54
500.00	0.00	3.45
837.21	0.00	3.93
264.33	0.14	3.24
500.00	0.00	4.04
837.21	0.00	3.29
264.71	0.00	3.06
500.00	0.00	1.66
836.03	0.14	4.66
264.71	0.00	2.23
499.98	0.00	3.45
837.21	0.00	3.59
264.71	0.00	3.88
500.00	0.00	4.09
837.21	0.00	1.11
264.71	0.00	5.72
500.00	0.00	3.63
807.22	3.58	4.19
264.71	0.00	5.72
500.00	0.00	2.12
837.21	0.00	5.06
264.71	0.00	2.69
500.00	0.00	1.39
835.87	0.16	3.58
264.71	0.00	5.72
500.00	0.00	1.57
837.21	0.00	4.83
262.91	0.68	3.27
499.98	0.00	3.05
837.21	0.00	2.92
264.71	0.00	4.61
500.00	0.00	3.05
837.18	0.00	3.72
264.71	0.00	0.70
500.00	0.00	1.95
837.21	0.00	2.78
264.70	0.00	2.90
500.00	0.00	1.87
837.21	0.00	1.72
264.71	0.00	2.78
500.00	0.00	1.21
833.74	0.41	3.50
264.71	0.00	5.20
482.62	3.48	3.33
831.52	0.68	3.44
264.71	0.00	0.83
500.00	0.00	2.12
836.03	0.14	3.10
264.71	0.00	2.17
500.00	0.00	3.94
836.03	0.14	2.63
264.71	0.00	0.55
498.10	0.38	3.44
837.21	0.00	4.02
255.23	3.58	4.95
499.30	0.14	1.83
837.21	0.00	2.73
264.71	0.00	2.89
500.00	0.00	1.14
837.18	0.00	1.66
264.33	0.14	3.17
500.00	0.00	1.21
807.22	3.58	1.65
264.71	0.00	0.66
500.00	0.00	3.52
837.21	0.00	2.61
264.71	0.00	1.12
482.62	3.48	4.28
837.21	0.00	3.18
264.71	0.00	1.64
500.00	0.00	0.64
837.21	0.00	0.98
264.71	0.00	2.12
500.00	0.00	3.55
837.21	0.00	2.30
264.71	0.00	2.31
500.00	0.00	3.06
837.21	0.00	2.74
264.71	0.00	3.88
500.00	0.00	3.96
834.04	0.38	4.38
264.71	0.00	4.91
500.00	0.00	6.00
808.10	3.48	4.02
264.71	0.00	0.77
500.00	0.00	5.70
836.03	0.14	3.64
255.23	3.58	3.26
500.00	0.00	3.24
837.21	0.00	4.85
264.71	0.00	3.47
497.93	0.41	4.63
837.21	0.00	0.85
264.70	0.00	2.88
500.00	0.00	4.17
837.21	0.00	2.38
264.71	0.00	4.09
500.00	0.00	2.90
837.21	0.00	1.59
264.71	0.00	2.52
500.00	0.00	1.23
835.87	0.16	2.22
264.33	0.14	4.15
500.00	0.00	3.23
837.18	0.00	3.24
264.71	0.00	1.32
500.00	0.00	5.10
837.21	0.00	3.57
264.71	0.00	0.78
500.00	0.00	3.31
807.22	3.58	4.36
264.71	0.00	3.47
500.00	0.00	2.93
835.87	0.16	1.73
264.71	0.00	3.71
500.00	0.00	4.66
837.21	0.00	2.33
264.71	0.00	3.28
500.00	0.00	3.19
837.21	0.00	1.57
264.71	0.00	4.98
497.93	0.41	3.81
835.87	0.16	1.92
264.71	0.00	0.60
500.00	0.00	5.13
837.21	0.00	0.69
264.71	0.00	2.20
500.00	0.00	3.29
833.74	0.41	3.26
264.71	0.00	2.93
500.00	0.00	3.76
837.21	0.00	2.79
264.71	0.00	3.53
482.62	3.48	1.94
837.21	0.00	1.08
264.71	0.00	4.41
499.20	0.16	2.65
837.21	0.00	0.57
263.61	0.41	3.93
500.00	0.00	1.09
837.21	0.00	0.60
263.70	0.38	3.46
499.20	0.16	3.29
837.21	0.00	2.34
264.71	0.00	1.20
500.00	0.00	1.89
837.21	0.00	0.55
264.71	0.00	2.23
500.00	0.00	3.43
837.21	0.00	1.90
264.71	0.00	1.36
500.00	0.00	1.41
836.03	0.14	1.58
264.71	0.00	0.54
500.00	0.00	1.48
837.21	0.00	0.52
264.71	0.00	0.55
500.00	0.00	0.99
835.87	0.16	1.22
264.71	0.00	1.66
500.00	0.00	2.65
837.21	0.00	2.53
255.23	3.58	5.55
499.98	0.00	3.18
837.21	0.00	3.30
264.71	0.00	2.18
482.62	3.48	4.20
837.21	0.00	4.23
264.33	0.14	3.60
500.00	0.00	1.35
837.21	0.00	4.82
264.10	0.23	1.71
500.00	0.00	1.03
837.21	0.00	0.97
264.71	0.00	3.63
500.00	0.00	2.33
837.21	0.00	0.54
264.71	0.00	1.10
500.00	0.00	0.53
837.21	0.00	2.11
264.71	0.00	1.70
500.00	0.00	3.99
837.21	0.00	0.61
255.23	3.58	3.13
482.62	3.48	5.36
837.21	0.00	2.61
264.71	0.00	3.66
478.82	4.24	4.62
837.21	0.00	1.07
264.71	0.00	1.44
500.00	0.00	0.64
837.21	0.00	2.23
264.71	0.00	0.72
500.00	0.00	2.06
837.21	0.00	3.82
255.50	3.48	4.84
499.98	0.00	3.08
837.21	0.00	2.05
264.28	0.16	2.09
500.00	0.00	3.11
837.21	0.00	2.32
264.71	0.00	4.71
500.00	0.00	0.72
837.21	0.00	2.52
264.71	0.00	3.27
500.00	0.00	4.72
808.10	3.48	4.79
264.71	0.00	2.56
500.00	0.00	2.32
837.21	0.00	2.51
264.71	0.00	2.16
500.00	0.00	2.60
808.10	3.48	4.95
263.70	0.38	2.76
499.30	0.14	1.53
808.10	3.48	4.20
264.71	0.00	2.50
500.00	0.00	2.52
808.10	3.48	3.06
264.71	0.00	1.91
500.00	0.00	0.70
835.87	0.16	2.30
264.71	0.00	2.35
500.00	0.00	1.10
837.21	0.00	1.51
264.70	0.00	4.42
500.00	0.00	2.30
837.21	0.00	2.58
264.70	0.00	5.33
500.00	0.00	1.14
837.21	0.00	2.10
264.71	0.00	2.35
500.00	0.00	3.87
837.21	0.00	3.67
264.33	0.14	2.19
500.00	0.00	1.71
821.34	1.90	0.76
264.71	0.00	0.59
500.00	0.00	0.51
837.21	0.00	0.49
255.23	3.58	2.04
500.00	0.00	0.54
837.21	0.00	2.49
264.71	0.00	5.89
500.00	0.00	4.05
837.21	0.00	4.68
264.71	0.00	4.80
499.30	0.14	4.72
837.21	0.00	5.12
264.71	0.00	1.92
500.00	0.00	4.69
837.21	0.00	3.44
264.71	0.00	3.30
500.00	0.00	4.58
837.21	0.00	2.47
264.71	0.00	4.23
500.00	0.00	3.76
808.10	3.48	4.97
264.71	0.00	5.92
500.00	0.00	1.82
837.21	0.00	3.45
264.10	0.23	1.91
500.00	0.00	2.74
837.21	0.00	1.55
264.71	0.00	4.32
500.00	0.00	2.40
837.21	0.00	4.40
264.71	0.00	5.22
500.00	0.00	1.57
837.21	0.00	1.34
264.71	0.00	1.04
500.00	0.00	2.63
837.21	0.00	2.89
264.70	0.00	2.45
500.00	0.00	1.09
834.04	0.38	2.27
264.71	0.00	2.43
500.00	0.00	4.18
837.21	0.00	1.61
264.71	0.00	3.23
500.00	0.00	2.04
831.52	0.68	3.32
264.71	0.00	2.57
499.98	0.00	2.68
835.87	0.16	3.41
264.71	0.00	2.87
499.20	0.16	0.99
837.21	0.00	3.84
264.71	0.00	2.16
499.98	0.00	2.92
834.04	0.38	4.85
264.71	0.00	1.24
500.00	0.00	0.81
833.74	0.41	2.67
264.33	0.14	3.96
482.62	3.48	4.98
837.21	0.00	3.37
264.71	0.00	3.98
500.00	0.00	5.07
837.21	0.00	2.89
264.71	0.00	3.91
500.00	0.00	3.08
837.21	0.00	1.18
264.71	0.00	2.90
500.00	0.00	3.71
837.21	0.00	3.43
264.71	0.00	3.29
500.00	0.00	2.92
837.21	0.00	1.91
264.71	0.00	1.21
482.62	3.48	3.89
837.21	0.00	1.12
264.71	0.00	3.68
498.10	0.38	3.26
837.21	0.00	1.57
264.71	0.00	3.02
482.09	3.58	3.05
837.21	0.00	3.16
264.28	0.16	3.05
499.30	0.14	1.59
837.21	0.00	0.66
264.71	0.00	1.20
500.00	0.00	3.12
837.21	0.00	2.04
264.71	0.00	3.90
500.00	0.00	2.09
837.21	0.00	5.18
264.71	0.00	2.49
500.00	0.00	1.14
837.21	0.00	3.09
264.71	0.00	4.07
500.00	0.00	4.19
808.10	3.48	4.49
264.71	0.00	2.69
499.20	0.16	2.54
837.21	0.00	0.68
264.33	0.14	2.29
500.00	0.00	4.29
837.21	0.00	2.14
264.71	0.00	3.71
500.00	0.00	3.63
837.21	0.00	3.19
264.71	0.00	3.13
500.00	0.00	3.84
836.03	0.14	3.53
264.71	0.00	2.44
500.00	0.00	3.39
801.74	4.24	4.09
264.71	0.00	0.52
499.98	0.00	4.64
837.18	0.00	3.45
264.71	0.00	1.82
500.00	0.00	2.76
837.21	0.00	1.79
264.71	0.00	3.10
500.00	0.00	2.12
837.21	0.00	2.72
264.33	0.14	3.32
500.00	0.00	1.10
835.87	0.16	2.25
264.71	0.00	1.44
500.00	0.00	0.49
837.21	0.00	0.59
255.50	3.48	0.83
500.00	0.00	1.84
837.21	0.00	0.53
264.71	0.00	2.84
500.00	0.00	4.00
837.21	0.00	0.98
264.71	0.00	4.00
500.00	0.00	0.56
837.18	0.00	2.55
264.71	0.00	3.35
500.00	0.00	2.32
837.21	0.00	2.08
263.70	0.38	2.47
500.00	0.00	1.67
837.21	0.00	1.50
255.50	3.48	0.82
500.00	0.00	1.55
837.18	0.00	2.17
264.71	0.00	2.50
500.00	0.00	3.44
837.21	0.00	0.59
264.71	0.00	4.39
499.20	0.16	2.29
837.21	0.00	1.75
264.71	0.00	3.25
500.00	0.00	3.93
837.21	0.00	1.14
264.71	0.00	2.71
500.00	0.00	2.34
837.21	0.00	2.75
264.71	0.00	3.21
499.20	0.16	1.25
808.10	3.48	4.90
264.71	0.00	2.23
500.00	0.00	1.02
837.21	0.00	1.61
255.23	3.58	1.64
500.00	0.00	1.59
837.21	0.00	0.98
264.71	0.00	2.00
500.00	0.00	2.15
837.18	0.00	2.50
264.71	0.00	3.05
500.00	0.00	3.80
833.74	0.41	3.54
264.28	0.16	3.08
500.00	0.00	1.16
837.21	0.00	0.57
264.71	0.00	2.61
499.98	0.00	1.89
801.74	4.24	3.71
264.71	0.00	3.30
500.00	0.00	3.45
837.21	0.00	3.18
264.71	0.00	2.83
500.00	0.00	3.79
837.21	0.00	1.70
263.70	0.38	4.05
500.00	0.00	1.60
837.21	0.00	1.13
264.71	0.00	0.63
500.00	0.00	3.14
837.21	0.00	0.48
264.71	0.00	1.01
500.00	0.00	1.07
837.21	0.00	1.44
264.71	0.00	0.49
500.00	0.00	0.54
837.21	0.00	1.88
263.51	0.45	4.19
500.00	0.00	1.91
837.21	0.00	3.07
264.71	0.00	2.87
500.00	0.00	2.56
837.21	0.00	3.50
264.71	0.00	3.47
482.09	3.58	2.08
837.21	0.00	3.63
264.71	0.00	2.69
500.00	0.00	3.04
837.21	0.00	3.48
264.71	0.00	1.16
499.30	0.14	3.27
802.69	4.12	3.87
264.70	0.00	2.62
498.10	0.38	1.68
837.18	0.00	2.92
264.71	0.00	3.49
500.00	0.00	1.18
833.74	0.41	2.24
264.71	0.00	0.66
500.00	0.00	3.04
837.21	0.00	3.13
264.71	0.00	2.37
500.00	0.00	1.58
837.21	0.00	2.64
264.70	0.00	1.70
498.86	0.23	0.80
837.21	0.00	1.87
264.71	0.00	1.13
500.00	0.00	1.83
837.21	0.00	4.36
264.71	0.00	1.60
499.98	0.00	2.16
837.21	0.00	3.42
264.71	0.00	3.68
473.64	5.27	0.99
835.87	0.16	1.27
264.71	0.00	1.51
500.00	0.00	0.55
837.21	0.00	0.53
264.71	0.00	2.60
500.00	0.00	2.02
837.21	0.00	0.99
264.71	0.00	5.42
500.00	0.00	4.30
837.21	0.00	4.06
264.71	0.00	5.25
500.00	0.00	3.03
837.21	0.00	2.56
264.71	0.00	3.51
500.00	0.00	3.38
837.18	0.00	3.27
264.70	0.00	4.05
500.00	0.00	1.65
837.21	0.00	2.08
264.71	0.00	1.16
500.00	0.00	2.19
837.21	0.00	0.55
264.70	0.00	3.67
500.00	0.00	1.90
835.87	0.16	2.73
264.71	0.00	2.73
500.00	0.00	3.41
836.03	0.14	2.93
264.71	0.00	3.92
500.00	0.00	2.30
837.21	0.00	2.27
264.71	0.00	1.77
499.30	0.14	4.04
837.21	0.00	2.97
264.33	0.14	3.85
500.00	0.00	4.26
834.04	0.38	2.77
264.71	0.00	3.08
500.00	0.00	2.50
835.87	0.16	3.14
263.61	0.41	5.14
500.00	0.00	2.89
837.21	0.00	1.21
262.91	0.68	3.43
500.00	0.00	1.89
837.21	0.00	1.79
255.23	3.58	4.99
500.00	0.00	4.87
837.21	0.00	1.12
264.71	0.00	1.73
499.30	0.14	2.98
837.21	0.00	2.89
264.71	0.00	1.69
500.00	0.00	2.52
837.21	0.00	1.13
264.71	0.00	3.29
498.10	0.38	3.45
837.21	0.00	1.16
264.71	0.00	3.70
500.00	0.00	1.01
837.21	0.00	0.64
264.71	0.00	1.83
500.00	0.00	3.81
837.21	0.00	1.91
264.71	0.00	3.46
500.00	0.00	2.45
837.21	0.00	2.38
264.71	0.00	1.05
500.00	0.00	1.77
837.21	0.00	2.19
264.71	0.00	4.35
500.00	0.00	2.70
835.87	0.16	3.29
264.71	0.00	3.57
499.20	0.16	3.97
837.21	0.00	2.31
264.71	0.00	1.17
500.00	0.00	3.35
837.21	0.00	2.65
264.71	0.00	1.58
500.00	0.00	2.43
837.21	0.00	1.55
264.70	0.00	3.10
499.98	0.00	2.50
837.21	0.00	3.65
264.33	0.14	3.71
500.00	0.00	1.21
837.21	0.00	2.49
264.71	0.00	3.66
480.61	3.88	4.14
837.21	0.00	0.69
264.33	0.14	2.24
500.00	0.00	2.73
837.21	0.00	0.65
264.71	0.00	0.76
498.10	0.38	3.78
835.87	0.16	2.90
264.71	0.00	1.82
500.00	0.00	4.45
835.87	0.16	2.79
264.71	0.00	1.58
500.00	0.00	3.87
837.21	0.00	2.11
264.71	0.00	4.21
500.00	0.00	3.42
837.21	0.00	3.47
264.71	0.00	4.28
500.00	0.00	2.31
836.03	0.14	2.96
255.23	3.58	5.13
500.00	0.00	1.21
837.21	0.00	3.62
264.71	0.00	1.26
500.00	0.00	2.72
835.87	0.16	3.38
264.71	0.00	1.58
500.00	0.00	1.53
835.87	0.16	1.63
264.71	0.00	0.96
499.30	0.14	3.21
837.21	0.00	2.28
264.71	0.00	1.45
500.00	0.00	0.58
837.21	0.00	0.94
264.71	0.00	2.79
497.93	0.41	1.89
837.21	0.00	0.62
264.71	0.00	1.40
498.72	0.26	1.14
837.21	0.00	2.65
263.70	0.38	2.15
497.74	0.45	3.21
837.18	0.00	2.23
264.71	0.00	4.26
500.00	0.00	5.27
837.21	0.00	3.56
264.71	0.00	4.46
500.00	0.00	2.28
837.21	0.00	4.50
264.71	0.00	3.11
482.62	3.48	3.74
837.21	0.00	3.00
264.71	0.00	5.10
500.00	0.00	3.35
836.03	0.14	4.17
264.71	0.00	5.56
498.86	0.23	0.71
836.03	0.14	3.69
264.71	0.00	4.14
482.09	3.58	4.75
833.43	0.45	1.35
264.71	0.00	1.45
500.00	0.00	3.54
837.21	0.00	2.71
264.71	0.00	2.13
500.00	0.00	0.63
837.21	0.00	3.07
263.61	0.41	2.71
499.98	0.00	2.80
837.21	0.00	2.42
264.71	0.00	3.66
500.00	0.00	3.19
837.21	0.00	2.43
264.71	0.00	2.30
500.00	0.00	0.81
837.21	0.00	1.74
263.61	0.41	4.28
500.00	0.00	3.95
837.21	0.00	4.16
264.33	0.14	2.07
500.00	0.00	2.61
837.21	0.00	1.24
264.71	0.00	0.57
500.00	0.00	1.01
834.04	0.38	1.53
264.10	0.23	0.82
499.20	0.16	3.13
835.87	0.16	1.78
255.23	3.58	1.66
500.00	0.00	1.51
837.21	0.00	2.91
264.71	0.00	0.77
500.00	0.00	2.05
837.21	0.00	0.97
264.71	0.00	2.68
500.00	0.00	1.52
837.21	0.00	2.44
264.71	0.00	1.61
500.00	0.00	1.35
837.21	0.00	2.97
264.71	0.00	1.43
500.00	0.00	0.64
836.03	0.14	2.46
264.71	0.00	2.78
500.00	0.00	2.48
837.21	0.00	2.93
264.71	0.00	3.36
500.00	0.00	1.39
808.10	3.48	4.34
255.23	3.58	1.88
500.00	0.00	0.71
834.04	0.38	0.71
264.71	0.00	1.15
500.00	0.00	2.75
837.21	0.00	3.13
264.71	0.00	1.89
500.00	0.00	3.38
837.21	0.00	1.27
264.71	0.00	2.79
500.00	0.00	0.59
835.87	0.16	1.63
264.71	0.00	1.11
500.00	0.00	2.95
837.21	0.00	4.47
264.71	0.00	2.83
482.62	3.48	5.24
837.21	0.00	0.72
264.71	0.00	2.49
500.00	0.00	3.10
837.21	0.00	2.03
264.71	0.00	4.87
500.00	0.00	5.28
807.22	3.58	3.24
264.28	0.16	3.05
500.00	0.00	0.54
837.21	0.00	1.71
264.71	0.00	1.12
500.00	0.00	3.50
837.21	0.00	2.83
264.71	0.00	3.63
500.00	0.00	4.15
837.21	0.00	1.62
264.71	0.00	1.93
480.99	3.80	3.11
837.21	0.00	3.03
264.33	0.14	2.56
500.00	0.00	1.82
837.21	0.00	2.74
264.71	0.00	1.90
499.20	0.16	2.95
837.21	0.00	1.45
264.71	0.00	3.28
499.20	0.16	3.82
837.21	0.00	3.67
264.71	0.00	3.70
500.00	0.00	5.16
835.87	0.16	3.98
264.71	0.00	2.74
499.30	0.14	4.64
837.21	0.00	3.91
255.23	3.58	3.50
499.98	0.00	1.76
837.18	0.00	2.26
264.28	0.16	2.07
500.00	0.00	1.03
837.21	0.00	2.07
264.71	0.00	1.43
500.00	0.00	2.92
837.21	0.00	1.48
264.71	0.00	1.33
500.00	0.00	1.93
837.21	0.00	2.47
264.70	0.00	4.35
499.98	0.00	3.11
837.21	0.00	2.97
264.33	0.14	3.72
500.00	0.00	1.89
793.07	5.27	1.07
264.28	0.16	2.20
500.00	0.00	3.55
834.04	0.38	3.05
264.71	0.00	2.76
500.00	0.00	4.74
837.21	0.00	4.25
264.71	0.00	4.25
500.00	0.00	2.30
837.21	0.00	2.44
264.33	0.14	2.71
500.00	0.00	2.57
837.21	0.00	1.58
264.71	0.00	3.43
500.00	0.00	2.22
837.21	0.00	2.69
264.71	0.00	1.59
500.00	0.00	0.61
837.21	0.00	1.04
264.71	0.00	3.60
500.00	0.00	3.08
837.21	0.00	3.82
255.23	3.58	3.96
500.00	0.00	2.55
833.74	0.41	4.13
264.71	0.00	1.48
500.00	0.00	0.98
837.21	0.00	3.47
255.50	3.48	5.68
500.00	0.00	2.58
808.10	3.48	4.95
262.91	0.68	3.65
500.00	0.00	0.72
837.21	0.00	2.51
264.71	0.00	4.04
500.00	0.00	2.21
837.18	0.00	3.15
264.33	0.14	4.25
500.00	0.00	3.88
837.21	0.00	1.85
264.71	0.00	4.05
500.00	0.00	3.30
837.21	0.00	3.33
264.71	0.00	2.41
500.00	0.00	0.70
837.18	0.00	2.71
264.71	0.00	0.97
500.00	0.00	3.75
834.04	0.38	2.32
264.71	0.00	2.43
500.00	0.00	3.31
837.21	0.00	2.73
264.71	0.00	2.16
490.52	1.90	1.97
837.21	0.00	3.32
264.71	0.00	1.89
499.20	0.16	3.48
837.18	0.00	2.74
264.71	0.00	1.23
499.20	0.16	4.00
837.21	0.00	1.64
264.71	0.00	1.16
500.00	0.00	3.44
837.21	0.00	3.15
264.71	0.00	2.37
500.00	0.00	1.90
837.21	0.00	3.14
264.71	0.00	3.88
500.00	0.00	2.08
833.43	0.45	3.37
264.71	0.00	3.28
497.93	0.41	3.52
837.21	0.00	1.52
264.71	0.00	3.31
500.00	0.00	3.65
837.21	0.00	1.64
264.71	0.00	3.60
500.00	0.00	1.96
837.21	0.00	1.45
264.71	0.00	4.42
500.00	0.00	3.65
837.21	0.00	1.12
264.71	0.00	2.38
500.00	0.00	2.34
837.21	0.00	2.92
263.70	0.38	3.00
500.00	0.00	3.35
833.74	0.41	4.01
264.71	0.00	1.55
500.00	0.00	2.78
837.18	0.00	2.34
264.71	0.00	0.52
500.00	0.00	0.55
837.21	0.00	2.88
264.28	0.16	3.02
500.00	0.00	4.30
837.21	0.00	1.22
264.71	0.00	3.53
497.93	0.41	3.34
837.21	0.00	0.60
264.33	0.14	3.73
500.00	0.00	2.04
836.03	0.14	2.93
264.71	0.00	2.12
500.00	0.00	1.06
837.21	0.00	0.95
264.71	0.00	0.46
500.00	0.00	0.93
837.21	0.00	2.40
264.70	0.00	2.76
500.00	0.00	4.87
837.21	0.00	1.79
264.71	0.00	1.00
500.00	0.00	4.44
837.21	0.00	3.01
255.23	3.58	3.87
500.00	0.00	3.12
837.21	0.00	2.41
264.71	0.00	5.56
482.09	3.58	5.95
837.21	0.00	2.55
264.71	0.00	2.80
500.00	0.00	1.85
837.21	0.00	2.12
262.91	0.68	4.16
482.09	3.58	5.82
808.10	3.48	5.07
264.71	0.00	3.11
500.00	0.00	2.52
837.21	0.00	1.97
264.71	0.00	1.10
500.00	0.00	1.93
837.21	0.00	3.12
264.70	0.00	3.62
499.98	0.00	2.86
837.21	0.00	1.46
264.71	0.00	2.59
500.00	0.00	0.61
835.87	0.16	0.66
264.28	0.16	2.34
500.00	0.00	3.11
837.21	0.00	2.19
264.71	0.00	1.99
500.00	0.00	2.17
837.21	0.00	3.17
264.70	0.00	3.97
499.28	0.14	4.08
837.21	0.00	2.32
250.40	5.40	4.69
500.00	0.00	0.68
837.21	0.00	1.10
264.71	0.00	2.48
482.62	3.48	5.35
837.21	0.00	2.49
264.71	0.00	1.65
500.00	0.00	1.76
837.21	0.00	2.80
264.71	0.00	2.06
500.00	0.00	3.91
837.21	0.00	1.60
264.71	0.00	0.62
480.27	3.95	4.89
837.21	0.00	3.01
264.70	0.00	3.44
500.00	0.00	1.03
837.21	0.00	2.02
264.71	0.00	2.76
500.00	0.00	2.64
837.21	0.00	3.06
264.71	0.00	1.22
479.39	4.12	4.30
837.21	0.00	2.57
264.71	0.00	1.76
500.00	0.00	1.08
837.21	0.00	1.55
264.71	0.00	1.28
500.00	0.00	3.88
837.21	0.00	1.02
264.71	0.00	1.36
500.00	0.00	2.19
837.21	0.00	2.68
264.71	0.00	4.53
500.00	0.00	2.10
837.21	0.00	2.09
264.33	0.14	2.23
500.00	0.00	3.76
834.04	0.38	2.92
263.61	0.41	2.80
500.00	0.00	3.55
837.21	0.00	1.60
264.71	0.00	3.47
482.62	3.48	5.30
837.21	0.00	3.18
264.33	0.14	3.24
500.00	0.00	4.77
837.21	0.00	3.29
264.71	0.00	1.33
500.00	0.00	2.11
837.21	0.00	3.94
264.71	0.00	3.07
500.00	0.00	2.65
837.21	0.00	2.01
264.71	0.00	1.14
500.00	0.00	2.09
837.21	0.00	1.03
264.33	0.14	3.58
500.00	0.00	3.25
837.21	0.00	2.53
264.71	0.00	2.31
500.00	0.00	3.03
837.21	0.00	1.60
264.71	0.00	1.15
500.00	0.00	1.89
837.21	0.00	2.12
264.71	0.00	2.84
500.00	0.00	2.70
837.21	0.00	3.81
264.71	0.00	1.44
499.20	0.16	2.90
837.21	0.00	1.76
264.71	0.00	3.46
500.00	0.00	2.35
837.21	0.00	3.30
264.71	0.00	2.30
500.00	0.00	0.95
837.21	0.00	1.14
264.71	0.00	0.49
500.00	0.00	1.93
837.18	0.00	2.08
264.71	0.00	2.14
499.98	0.00	3.04
837.21	0.00	0.49
264.71	0.00	0.93
500.00	0.00	1.39
837.21	0.00	1.49
263.70	0.38	3.47
500.00	0.00	2.90
837.21	0.00	1.59
264.71	0.00	2.41
500.00	0.00	2.17
837.21	0.00	5.25
264.71	0.00	3.88
500.00	0.00	0.87
808.10	3.48	4.59
264.71	0.00	2.09
500.00	0.00	2.32
808.10	3.48	3.26
255.23	3.58	3.20
500.00	0.00	4.43
837.21	0.00	0.59
264.71	0.00	3.38
499.30	0.14	2.15
837.21	0.00	1.30
264.71	0.00	2.35
500.00	0.00	1.80
834.04	0.38	2.95
264.71	0.00	0.86
500.00	0.00	4.20
837.21	0.00	2.93
264.71	0.00	1.30
500.00	0.00	5.18
837.21	0.00	1.11
264.71	0.00	1.47
500.00	0.00	1.71
837.21	0.00	1.54
264.71	0.00	4.61
500.00	0.00	3.00
837.21	0.00	2.02
263.61	0.41	1.49
500.00	0.00	0.59
837.21	0.00	4.32
264.71	0.00	0.71
499.30	0.14	2.48
837.21	0.00	2.68
264.71	0.00	1.24
500.00	0.00	2.56
837.21	0.00	4.31
264.33	0.14	2.78
499.98	0.00	3.02
837.21	0.00	2.72
264.71	0.00	2.61
482.62	3.48	4.22
835.87	0.16	1.98
264.71	0.00	3.79
500.00	0.00	0.71
837.21	0.00	4.03
264.71	0.00	5.22
499.30	0.14	2.94
837.21	0.00	2.90
264.71	0.00	1.19
500.00	0.00	3.27
837.21	0.00	0.55
263.70	0.38	2.88
500.00	0.00	3.66
837.21	0.00	2.77
264.71	0.00	2.31
500.00	0.00	2.44
807.22	3.58	0.83
264.71	0.00	2.47
500.00	0.00	1.06
837.21	0.00	2.93
264.71	0.00	1.05
500.00	0.00	3.95
837.21	0.00	0.61
264.71	0.00	1.79
500.00	0.00	3.75
837.21	0.00	1.25
264.71	0.00	2.34
500.00	0.00	4.43
837.21	0.00	1.89
264.71	0.00	2.80
500.00	0.00	3.98
837.21	0.00	1.17
264.71	0.00	3.32
500.00	0.00	3.91
837.21	0.00	3.07
263.61	0.41	2.27
500.00	0.00	0.57
837.21	0.00	2.25
263.61	0.41	4.44
500.00	0.00	2.11
837.21	0.00	0.51
264.71	0.00	1.17
500.00	0.00	2.63
837.21	0.00	0.62
264.71	0.00	3.13
500.00	0.00	2.41
835.87	0.16	3.67
264.71	0.00	3.15
497.74	0.45	3.17
837.21	0.00	2.35
264.71	0.00	3.99
500.00	0.00	3.90
808.10	3.48	3.60
264.71	0.00	5.00
499.98	0.00	4.03
807.22	3.58	3.45
264.71	0.00	1.32
500.00	0.00	3.14
837.21	0.00	3.20
264.71	0.00	3.00
500.00	0.00	1.34
837.21	0.00	4.70
264.71	0.00	2.81
500.00	0.00	1.31
837.21	0.00	1.58
264.71	0.00	1.78
500.00	0.00	1.85
837.21	0.00	2.01
255.23	3.58	4.83
500.00	0.00	2.38
837.21	0.00	2.09
264.71	0.00	2.06
500.00	0.00	2.11
837.21	0.00	3.45
264.71	0.00	3.12
500.00	0.00	1.24
837.21	0.00	2.97
264.71	0.00	2.85
499.98	0.00	2.88
837.21	0.00	4.52
264.71	0.00	3.33
499.20	0.16	1.89
837.21	0.00	4.07
264.70	0.00	0.71
500.00	0.00	1.31
837.21	0.00	0.54
264.28	0.16	3.54
500.00	0.00	1.90
837.21	0.00	2.57
264.71	0.00	4.60
500.00	0.00	2.29
837.21	0.00	2.88
264.71	0.00	2.41
499.98	0.00	3.46
837.21	0.00	2.34
264.71	0.00	5.35
500.00	0.00	3.97
836.03	0.14	2.98
264.71	0.00	3.54
482.09	3.58	4.19
807.22	3.58	4.97
264.71	0.00	4.83
500.00	0.00	3.44
837.21	0.00	4.17
264.71	0.00	2.03
500.00	0.00	4.84
837.21	0.00	2.88
264.71	0.00	4.73
500.00	0.00	4.56
837.21	0.00	2.90
264.71	0.00	1.20
500.00	0.00	4.39
837.21	0.00	1.07
264.71	0.00	3.87
500.00	0.00	2.73
837.21	0.00	3.20
255.23	3.58	7.07
482.62	3.48	5.59
835.87	0.16	3.19
264.28	0.16	3.86
496.60	0.68	3.95
837.21	0.00	1.82
264.71	0.00	4.30
500.00	0.00	5.78
837.21	0.00	3.71
264.71	0.00	6.79
500.00	0.00	2.18
835.87	0.16	3.97
264.71	0.00	2.15
500.00	0.00	4.04
837.21	0.00	3.22
264.71	0.00	5.31
499.20	0.16	4.80
837.21	0.00	1.00
264.71	0.00	2.75
500.00	0.00	2.53
837.21	0.00	1.68
264.71	0.00	3.84
500.00	0.00	3.11
837.21	0.00	1.24
264.71	0.00	3.42
500.00	0.00	0.98
837.21	0.00	2.78
264.71	0.00	2.14
500.00	0.00	3.61
837.21	0.00	2.36
264.71	0.00	3.11
500.00	0.00	3.11
837.21	0.00	1.00
264.71	0.00	1.79
500.00	0.00	3.51
837.21	0.00	1.22
264.71	0.00	1.94
498.10	0.38	3.72
835.87	0.16	1.35
264.71	0.00	2.31
500.00	0.00	2.48
837.21	0.00	1.80
264.71	0.00	2.96
497.74	0.45	2.85
834.04	0.38	2.51
264.71	0.00	4.57
499.20	0.16	1.60
837.21	0.00	0.63
264.71	0.00	4.63
500.00	0.00	3.89
837.21	0.00	0.58
264.71	0.00	0.62
482.62	3.48	3.92
837.21	0.00	2.38
264.71	0.00	2.24
500.00	0.00	2.79
837.21	0.00	3.17
264.71	0.00	1.39
499.20	0.16	3.65
835.87	0.16	4.03
264.71	0.00	3.62
499.20	0.16	4.04
837.21	0.00	2.66
264.71	0.00	1.62
500.00	0.00	2.24
837.21	0.00	3.08
264.71	0.00	2.07
500.00	0.00	0.53
837.21	0.00	2.42
264.71	0.00	0.89
500.00	0.00	2.76
837.21	0.00	1.43
264.71	0.00	1.47
500.00	0.00	1.95
837.21	0.00	3.66
264.71	0.00	2.59
500.00	0.00	1.03
837.21	0.00	1.77
264.71	0.00	0.61
499.20	0.16	3.30
808.10	3.48	1.34
264.71	0.00	0.45
500.00	0.00	3.72
837.21	0.00	0.54
264.71	0.00	0.69
500.00	0.00	3.33
837.21	0.00	1.07
264.71	0.00	2.73
500.00	0.00	0.45
837.21	0.00	2.22
264.70	0.00	0.59
499.30	0.14	2.33
807.22	3.58	3.65
255.23	3.58	1.08
500.00	0.00	1.01
808.10	3.48	3.90
264.71	0.00	2.29
500.00	0.00	0.82
835.87	0.16	1.61
264.71	0.00	0.67
500.00	0.00	3.50
807.22	3.58	2.16
264.71	0.00	2.24
500.00	0.00	1.57
807.22	3.58	5.01
264.71	0.00	1.65
499.20	0.16	2.20
837.21	0.00	0.53
264.71	0.00	4.27
500.00	0.00	4.08
837.21	0.00	2.62
264.71	0.00	3.01
478.82	4.24	4.91
837.21	0.00	1.19
255.50	3.48	6.12
498.10	0.38	2.80
837.21	0.00	1.27
254.85	3.72	4.98
500.00	0.00	4.50
837.21	0.00	2.34
264.71	0.00	5.58
500.00	0.00	1.43
837.21	0.00	3.99
264.33	0.14	4.58
496.60	0.68	3.65
835.87	0.16	3.55
264.71	0.00	1.62
500.00	0.00	0.53
837.21	0.00	0.50
253.49	4.24	3.79
500.00	0.00	2.95
837.21	0.00	0.59
264.71	0.00	1.43
500.00	0.00	2.50
837.21	0.00	1.01
263.61	0.41	4.11
499.98	0.00	2.99
835.29	0.23	0.78
253.79	4.12	6.11
500.00	0.00	2.70
837.21	0.00	3.31
264.71	0.00	4.77
500.00	0.00	2.73
837.21	0.00	2.04
264.71	0.00	2.26
482.62	3.48	4.27
837.21	0.00	1.79
264.71	0.00	3.19
500.00	0.00	1.73
837.18	0.00	2.70
264.71	0.00	1.90
499.20	0.16	2.02
835.87	0.16	3.26
264.71	0.00	3.54
500.00	0.00	2.14
808.10	3.48	4.54
264.71	0.00	3.22
499.98	0.00	4.09
807.22	3.58	4.81
264.71	0.00	1.82
500.00	0.00	3.15
837.21	0.00	2.68
264.71	0.00	3.08
500.00	0.00	2.54
837.21	0.00	3.47
264.71	0.00	0.74
500.00	0.00	0.66
837.21	0.00	3.34
264.70	0.00	3.86
500.00	0.00	1.11
837.21	0.00	2.45
264.70	0.00	3.58
500.00	0.00	1.57
837.21	0.00	0.60
264.71	0.00	3.26
500.00	0.00	3.27
837.21	0.00	2.21
264.71	0.00	1.68
500.00	0.00	2.61
805.38	3.80	1.78
264.71	0.00	2.85
499.20	0.16	3.92
837.21	0.00	1.96
264.71	0.00	2.17
499.98	0.00	3.30
837.21	0.00	0.72
264.33	0.14	4.27
499.98	0.00	4.97
837.21	0.00	1.18
264.71	0.00	1.86
500.00	0.00	1.60
837.21	0.00	0.55
264.71	0.00	2.84
500.00	0.00	3.54
837.21	0.00	2.32
264.28	0.16	3.27
500.00	0.00	1.41
837.21	0.00	2.57
264.33	0.14	4.37
500.00	0.00	2.86
837.21	0.00	2.11
264.71	0.00	2.23
482.62	3.48	2.00
837.21	0.00	1.71
264.71	0.00	1.80
500.00	0.00	0.70
837.21	0.00	2.72
264.71	0.00	5.36
500.00	0.00	0.65
837.21	0.00	2.93
263.61	0.41	4.97
500.00	0.00	1.25
837.21	0.00	3.36
264.28	0.16	5.98
500.00	0.00	3.28
837.21	0.00	1.75
264.71	0.00	3.35
499.20	0.16	1.40
807.22	3.58	3.40
264.71	0.00	3.73
500.00	0.00	1.21
837.21	0.00	0.60
264.71	0.00	5.35
500.00	0.00	1.67
807.22	3.58	4.70
255.50	3.48	4.26
500.00	0.00	3.55
837.21	0.00	1.30
264.71	0.00	4.53
500.00	0.00	4.22
837.21	0.00	2.63
264.28	0.16	3.77
500.00	0.00	3.06
837.21	0.00	1.17
264.71	0.00	0.59
497.93	0.41	1.62
837.21	0.00	1.73
264.71	0.00	2.40
500.00	0.00	3.35
837.21	0.00	0.51
264.71	0.00	0.65
496.66	0.67	3.75
837.21	0.00	1.95
253.79	4.12	4.21
500.00	0.00	1.21
837.21	0.00	2.58
264.71	0.00	3.07
500.00	0.00	3.19
837.21	0.00	3.13
264.71	0.00	3.72
500.00	0.00	1.33
837.21	0.00	0.99
264.71	0.00	2.68
500.00	0.00	1.59
837.21	0.00	2.07
264.71	0.00	3.88
500.00	0.00	1.02
837.21	0.00	2.14
264.33	0.14	2.70
500.00	0.00	1.00
837.21	0.00	1.56
264.71	0.00	1.84
500.00	0.00	1.99
837.21	0.00	2.75
264.71	0.00	3.30
500.00	0.00	2.17
833.74	0.41	1.35
264.71	0.00	1.18
500.00	0.00	2.76
835.87	0.16	3.35
264.71	0.00	3.37
500.00	0.00	0.60
837.21	0.00	2.37
264.71	0.00	1.16
482.62	3.48	4.12
836.03	0.14	2.19
264.71	0.00	3.69
497.93	0.41	2.41
837.21	0.00	1.66
264.71	0.00	0.52
500.00	0.00	0.56
837.21	0.00	0.50
255.23	3.58	3.47
500.00	0.00	1.07
837.21	0.00	0.52
264.71	0.00	1.83
500.00	0.00	2.23
837.21	0.00	1.56
264.71	0.00	3.32
480.61	3.88	3.07
835.87	0.16	1.65
264.71	0.00	2.09
500.00	0.00	0.65
801.74	4.24	3.09
264.71	0.00	1.40
500.00	0.00	0.45
837.21	0.00	1.09
264.71	0.00	3.05
500.00	0.00	1.60
837.21	0.00	3.34
264.71	0.00	4.31
499.20	0.16	3.24
837.21	0.00	1.67
264.71	0.00	2.30
500.00	0.00	3.03
837.21	0.00	2.09
264.71	0.00	3.71
500.00	0.00	2.14
837.21	0.00	1.31
264.71	0.00	4.07
499.20	0.16	3.45
837.18	0.00	4.29
264.71	0.00	2.46
482.09	3.58	3.38
836.03	0.14	3.81
264.71	0.00	3.22
482.62	3.48	5.08
837.21	0.00	3.02
264.71	0.00	2.75
500.00	0.00	1.15
835.29	0.23	0.80
264.71	0.00	2.31
500.00	0.00	4.04
837.21	0.00	3.56
264.71	0.00	3.30
499.20	0.16	1.31
837.21	0.00	0.55
264.28	0.16	2.72
482.09	3.58	3.79
837.21	0.00	1.02
264.71	0.00	2.58
498.10	0.38	2.51
834.04	0.38	1.54
264.71	0.00	4.47
500.00	0.00	4.74
837.18	0.00	4.80
264.71	0.00	3.86
479.39	4.12	5.95
837.21	0.00	4.24
264.71	0.00	6.30
500.00	0.00	2.73
837.21	0.00	3.16
264.28	0.16	5.19
499.30	0.14	3.50
837.21	0.00	3.27
264.71	0.00	5.37
500.00	0.00	2.98
837.21	0.00	3.78
264.71	0.00	1.78
500.00	0.00	1.96
837.21	0.00	1.52
264.71	0.00	1.75
500.00	0.00	3.12
837.21	0.00	5.85
255.50	3.48	4.82
500.00	0.00	1.33
837.21	0.00	4.67
264.28	0.16	3.94
500.00	0.00	3.73
837.21	0.00	1.95
264.70	0.00	4.09
500.00	0.00	3.34
837.21	0.00	4.25
264.71	0.00	3.64
500.00	0.00	0.85
837.21	0.00	2.85
264.28	0.16	4.05
500.00	0.00	4.57
837.21	0.00	4.80
264.71	0.00	2.05
500.00	0.00	0.66
837.21	0.00	1.08
264.71	0.00	2.19
500.00	0.00	1.68
807.22	3.58	3.40
264.71	0.00	1.50
499.98	0.00	2.46
836.03	0.14	2.26
