264.71	0.00	1.49
500.00	0.00	1.80
837.21	0.00	1.40
264.71	0.00	3.06
500.00	0.00	1.53
837.21	0.00	2.41
264.71	0.00	0.90
500.00	0.00	1.43
837.21	0.00	1.42
264.71	0.00	1.90
500.00	0.00	0.45
837.21	0.00	1.84
264.71	0.00	3.28
500.00	0.00	1.46
837.21	0.00	0.50
264.71	0.00	1.90
500.00	0.00	2.04
837.21	0.00	2.89
264.71	0.00	2.08
500.00	0.00	1.07
837.21	0.00	1.92
264.71	0.00	1.44
500.00	0.00	2.47
837.21	0.00	3.30
264.71	0.00	1.35
500.00	0.00	1.38
837.21	0.00	0.47
264.71	0.00	0.45
500.00	0.00	1.35
837.21	0.00	1.35
264.71	0.00	1.98
500.00	0.00	2.05
837.21	0.00	2.44
264.71	0.00	2.37
500.00	0.00	1.36
837.21	0.00	0.94
264.71	0.00	1.88
500.00	0.00	1.35
837.21	0.00	1.83
264.71	0.00	1.40
500.00	0.00	1.41
837.21	0.00	1.35
264.71	0.00	0.95
500.00	0.00	1.38
837.21	0.00	1.37
264.71	0.00	1.35
500.00	0.00	1.45
837.21	0.00	0.96
264.71	0.00	2.76
500.00	0.00	2.46
837.21	0.00	2.35
264.71	0.00	2.71
500.00	0.00	1.40
837.21	0.00	0.48
264.71	0.00	1.80
500.00	0.00	1.48
837.21	0.00	2.79
264.71	0.00	1.03
500.00	0.00	0.95
837.21	0.00	1.85
264.71	0.00	1.45
500.00	0.00	1.43
837.21	0.00	2.33
264.71	0.00	2.59
500.00	0.00	2.14
837.21	0.00	2.04
264.71	0.00	3.24
500.00	0.00	2.39
837.21	0.00	1.89
264.71	0.00	1.64
500.00	0.00	3.31
837.21	0.00	1.92
264.71	0.00	1.47
500.00	0.00	0.90
837.21	0.00	2.29
264.71	0.00	1.49
500.00	0.00	1.35
837.21	0.00	1.40
264.71	0.00	3.00
500.00	0.00	0.94
837.21	0.00	2.35
264.71	0.00	3.02
500.00	0.00	3.61
837.21	0.00	2.99
264.71	0.00	0.92
500.00	0.00	1.41
837.21	0.00	1.86
264.71	0.00	0.95
500.00	0.00	1.88
837.21	0.00	1.82
264.71	0.00	2.94
500.00	0.00	1.48
837.21	0.00	1.85
264.71	0.00	1.49
500.00	0.00	2.93
837.21	0.00	1.01
264.71	0.00	1.40
500.00	0.00	0.93
837.21	0.00	0.48
264.71	0.00	2.26
500.00	0.00	0.46
837.21	0.00	0.46
264.71	0.00	1.82
500.00	0.00	0.95
837.21	0.00	2.30
264.71	0.00	1.35
500.00	0.00	2.36
837.21	0.00	1.86
264.71	0.00	1.50
500.00	0.00	0.98
837.21	0.00	0.97
264.71	0.00	1.42
500.00	0.00	3.51
837.21	0.00	2.46
264.71	0.00	0.90
500.00	0.00	1.90
837.21	0.00	1.40
264.71	0.00	2.46
500.00	0.00	0.96
837.21	0.00	2.34
264.71	0.00	0.90
500.00	0.00	1.80
837.21	0.00	1.35
264.71	0.00	2.35
500.00	0.00	0.99
837.21	0.00	2.33
264.71	0.00	2.31
500.00	0.00	1.41
837.21	0.00	0.45
264.71	0.00	1.00
500.00	0.00	1.98
837.21	0.00	1.91
264.71	0.00	1.51
500.00	0.00	1.37
837.21	0.00	3.21
264.71	0.00	1.00
500.00	0.00	1.42
837.21	0.00	1.87
264.71	0.00	1.88
500.00	0.00	0.93
837.21	0.00	2.27
264.71	0.00	0.95
500.00	0.00	0.94
837.21	0.00	1.81
264.71	0.00	0.93
500.00	0.00	1.80
837.21	0.00	0.46
264.71	0.00	2.81
500.00	0.00	2.79
837.21	0.00	1.43
264.71	0.00	2.49
500.00	0.00	2.94
837.21	0.00	2.81
264.71	0.00	1.35
500.00	0.00	0.90
837.21	0.00	0.90
264.71	0.00	2.01
500.00	0.00	1.86
837.21	0.00	2.34
264.71	0.00	2.58
500.00	0.00	1.05
837.21	0.00	2.39
264.71	0.00	0.95
500.00	0.00	0.48
837.21	0.00	0.90
264.71	0.00	2.01
500.00	0.00	2.86
837.21	0.00	2.39
264.71	0.00	1.39
500.00	0.00	2.35
837.21	0.00	0.96
264.71	0.00	2.93
500.00	0.00	1.41
837.21	0.00	1.88
264.71	0.00	1.44
500.00	0.00	1.86
837.21	0.00	2.75
264.71	0.00	1.43
500.00	0.00	2.31
837.21	0.00	0.48
264.71	0.00	2.02
500.00	0.00	1.84
837.21	0.00	2.36
264.71	0.00	2.31
500.00	0.00	1.49
837.21	0.00	2.80
264.71	0.00	0.93
500.00	0.00	1.35
837.21	0.00	0.92
264.71	0.00	1.80
500.00	0.00	0.99
837.21	0.00	2.78
264.71	0.00	2.10
500.00	0.00	0.99
837.21	0.00	2.79
264.71	0.00	1.45
500.00	0.00	2.31
837.21	0.00	1.35
264.71	0.00	1.60
500.00	0.00	1.53
837.21	0.00	2.38
264.71	0.00	1.56
500.00	0.00	2.43
837.21	0.00	1.01
264.71	0.00	2.31
500.00	0.00	1.40
837.21	0.00	0.92
264.71	0.00	1.91
500.00	0.00	1.35
837.21	0.00	0.94
264.71	0.00	3.30
500.00	0.00	1.35
837.21	0.00	2.30
264.71	0.00	1.40
500.00	0.00	1.41
837.21	0.00	0.90
264.71	0.00	1.50
500.00	0.00	2.95
837.21	0.00	1.94
264.71	0.00	1.01
500.00	0.00	0.95
837.21	0.00	1.87
264.71	0.00	1.44
500.00	0.00	1.84
837.21	0.00	1.85
264.71	0.00	1.60
500.00	0.00	0.96
837.21	0.00	2.83
264.71	0.00	1.35
500.00	0.00	0.90
837.21	0.00	2.26
264.71	0.00	1.85
500.00	0.00	1.38
837.21	0.00	0.47
264.71	0.00	1.99
500.00	0.00	0.45
837.21	0.00	1.41
264.71	0.00	1.40
500.00	0.00	1.41
837.21	0.00	2.71
264.71	0.00	1.56
500.00	0.00	2.06
837.21	0.00	2.42
264.71	0.00	2.43
500.00	0.00	2.31
837.21	0.00	1.42
264.71	0.00	1.36
500.00	0.00	0.90
837.21	0.00	0.91
264.71	0.00	3.00
500.00	0.00	0.55
837.21	0.00	2.36
264.71	0.00	2.71
500.00	0.00	1.83
837.21	0.00	0.47
264.71	0.00	1.36
500.00	0.00	2.87
837.21	0.00	1.00
264.71	0.00	1.50
500.00	0.00	0.96
837.21	0.00	1.88
264.71	0.00	2.51
500.00	0.00	3.29
837.21	0.00	0.50
264.71	0.00	1.40
500.00	0.00	0.48
837.21	0.00	1.80
264.71	0.00	1.97
500.00	0.00	2.06
837.21	0.00	2.41
264.71	0.00	1.43
500.00	0.00	1.43
837.21	0.00	1.83
264.71	0.00	2.44
500.00	0.00	1.04
837.21	0.00	1.94
264.71	0.00	3.34
500.00	0.00	1.89
837.21	0.00	1.37
264.71	0.00	2.48
500.00	0.00	0.90
837.21	0.00	1.88
264.71	0.00	1.53
500.00	0.00	0.91
837.21	0.00	2.32
264.71	0.00	1.95
500.00	0.00	1.35
837.21	0.00	1.40
264.71	0.00	1.56
500.00	0.00	1.49
837.21	0.00	1.95
264.71	0.00	1.54
500.00	0.00	1.52
837.21	0.00	1.91
264.71	0.00	0.90
500.00	0.00	0.90
837.21	0.00	0.45
264.71	0.00	2.79
500.00	0.00	0.95
837.21	0.00	1.39
264.71	0.00	1.54
500.00	0.00	2.48
837.21	0.00	1.48
264.71	0.00	1.49
500.00	0.00	1.91
837.21	0.00	0.94
264.71	0.00	1.87
500.00	0.00	1.35
837.21	0.00	0.47
264.71	0.00	0.90
500.00	0.00	1.35
837.21	0.00	0.45
264.71	0.00	0.45
500.00	0.00	1.35
837.21	0.00	0.90
264.71	0.00	1.35
500.00	0.00	2.40
837.21	0.00	0.98
264.71	0.00	2.43
500.00	0.00	2.82
837.21	0.00	0.96
264.71	0.00	1.41
500.00	0.00	1.86
837.21	0.00	1.36
264.71	0.00	2.58
500.00	0.00	2.03
837.21	0.00	1.97
264.71	0.00	0.46
500.00	0.00	1.43
837.21	0.00	0.49
264.71	0.00	1.50
500.00	0.00	1.88
837.21	0.00	1.85
264.71	0.00	1.83
500.00	0.00	1.35
837.21	0.00	0.91
264.71	0.00	2.44
500.00	0.00	2.31
837.21	0.00	1.84
264.71	0.00	1.40
500.00	0.00	1.02
837.21	0.00	2.31
264.71	0.00	1.40
500.00	0.00	0.93
837.21	0.00	0.45
264.71	0.00	2.88
500.00	0.00	2.26
837.21	0.00	1.40
264.71	0.00	1.49
500.00	0.00	2.34
837.21	0.00	0.93
264.71	0.00	1.40
500.00	0.00	1.35
837.21	0.00	0.47
264.71	0.00	0.91
500.00	0.00	2.30
837.21	0.00	1.38
264.71	0.00	2.55
500.00	0.00	2.49
837.21	0.00	1.89
264.71	0.00	2.72
500.00	0.00	3.55
837.21	0.00	2.50
264.71	0.00	1.50
500.00	0.00	1.87
837.21	0.00	2.30
264.71	0.00	3.13
500.00	0.00	3.43
837.21	0.00	2.48
264.71	0.00	0.90
500.00	0.00	1.40
837.21	0.00	1.83
264.71	0.00	2.01
500.00	0.00	2.31
837.21	0.00	0.95
264.71	0.00	2.44
500.00	0.00	2.26
837.21	0.00	1.41
264.71	0.00	2.47
500.00	0.00	0.94
837.21	0.00	1.43
264.71	0.00	1.45
500.00	0.00	0.96
837.21	0.00	1.35
264.71	0.00	2.32
500.00	0.00	1.49
837.21	0.00	1.91
264.71	0.00	1.96
500.00	0.00	2.31
837.21	0.00	1.39
264.71	0.00	1.99
500.00	0.00	1.92
837.21	0.00	0.94
264.71	0.00	2.18
500.00	0.00	1.54
837.21	0.00	2.40
264.71	0.00	0.90
500.00	0.00	0.90
837.21	0.00	1.35
264.71	0.00	1.45
500.00	0.00	2.91
837.21	0.00	1.43
264.71	0.00	0.95
500.00	0.00	3.34
837.21	0.00	1.46
264.71	0.00	2.33
500.00	0.00	1.83
837.21	0.00	1.37
264.71	0.00	2.50
500.00	0.00	1.58
837.21	0.00	2.41
264.71	0.00	3.07
500.00	0.00	2.11
837.21	0.00	1.55
264.71	0.00	1.36
500.00	0.00	1.53
837.21	0.00	2.82
264.71	0.00	0.46
500.00	0.00	1.97
837.21	0.00	1.90
264.71	0.00	1.41
500.00	0.00	2.73
837.21	0.00	1.36
264.71	0.00	2.39
500.00	0.00	3.32
837.21	0.00	2.80
264.71	0.00	2.50
500.00	0.00	1.92
837.21	0.00	0.93
264.71	0.00	2.02
500.00	0.00	1.50
837.21	0.00	1.94
264.71	0.00	3.18
500.00	0.00	2.08
837.21	0.00	2.86
264.71	0.00	2.00
500.00	0.00	1.90
837.21	0.00	1.87
264.71	0.00	1.87
500.00	0.00	2.33
837.21	0.00	0.94
264.71	0.00	1.40
500.00	0.00	0.99
837.21	0.00	2.31
264.71	0.00	0.90
500.00	0.00	1.40
837.21	0.00	1.82
264.71	0.00	0.51
500.00	0.00	1.47
837.21	0.00	2.34
264.71	0.00	1.56
500.00	0.00	1.53
837.21	0.00	2.35
264.71	0.00	1.45
500.00	0.00	0.96
837.21	0.00	0.90
264.71	0.00	1.80
500.00	0.00	0.90
837.21	0.00	0.90
264.71	0.00	2.79
500.00	0.00	0.48
837.21	0.00	0.93
264.71	0.00	0.49
500.00	0.00	1.38
837.21	0.00	2.30
264.71	0.00	1.98
500.00	0.00	1.36
837.21	0.00	1.85
264.71	0.00	2.31
500.00	0.00	1.44
837.21	0.00	0.94
264.71	0.00	1.46
500.00	0.00	1.97
837.21	0.00	0.99
264.71	0.00	1.98
500.00	0.00	1.43
837.21	0.00	1.37
264.71	0.00	1.97
500.00	0.00	0.47
837.21	0.00	1.86
264.71	0.00	0.93
500.00	0.00	1.99
837.21	0.00	1.48
264.71	0.00	2.38
500.00	0.00	0.96
837.21	0.00	1.87
264.71	0.00	1.43
500.00	0.00	2.00
837.21	0.00	1.47
264.71	0.00	2.71
500.00	0.00	1.36
837.21	0.00	0.91
264.71	0.00	1.04
500.00	0.00	3.04
837.21	0.00	2.44
264.71	0.00	1.40
500.00	0.00	1.41
837.21	0.00	1.80
264.71	0.00	2.41
500.00	0.00	1.43
837.21	0.00	0.90
264.71	0.00	1.81
500.00	0.00	0.97
837.21	0.00	1.84
264.71	0.00	0.95
500.00	0.00	0.93
837.21	0.00	0.93
264.71	0.00	2.38
500.00	0.00	0.47
837.21	0.00	1.39
264.71	0.00	1.40
500.00	0.00	1.41
837.21	0.00	1.35
264.71	0.00	2.41
500.00	0.00	1.44
837.21	0.00	1.87
264.71	0.00	2.47
500.00	0.00	0.98
837.21	0.00	0.97
264.71	0.00	1.55
500.00	0.00	1.01
837.21	0.00	0.98
264.71	0.00	1.54
500.00	0.00	2.41
837.21	0.00	0.98
264.71	0.00	1.60
500.00	0.00	1.49
837.21	0.00	1.44
264.71	0.00	1.35
500.00	0.00	1.41
837.21	0.00	1.84
264.71	0.00	2.58
500.00	0.00	2.01
837.21	0.00	2.40
264.71	0.00	2.31
500.00	0.00	1.41
837.21	0.00	1.36
264.71	0.00	1.54
500.00	0.00	1.91
837.21	0.00	2.79
264.71	0.00	2.31
500.00	0.00	1.83
837.21	0.00	0.90
264.71	0.00	1.46
500.00	0.00	1.49
837.21	0.00	2.76
264.71	0.00	0.95
500.00	0.00	1.38
837.21	0.00	0.45
264.71	0.00	2.50
500.00	0.00	1.52
837.21	0.00	1.46
264.71	0.00	3.14
500.00	0.00	3.00
837.21	0.00	3.40
264.71	0.00	2.56
500.00	0.00	2.00
837.21	0.00	1.52
264.71	0.00	2.27
500.00	0.00	1.84
837.21	0.00	0.94
264.71	0.00	1.83
500.00	0.00	1.80
837.21	0.00	0.46
264.71	0.00	1.47
500.00	0.00	0.45
837.21	0.00	1.39
264.71	0.00	1.36
500.00	0.00	1.35
837.21	0.00	0.91
264.71	0.00	0.91
500.00	0.00	1.48
837.21	0.00	2.32
264.71	0.00	1.99
500.00	0.00	1.81
837.21	0.00	2.32
264.71	0.00	1.40
500.00	0.00	1.83
837.21	0.00	1.83
264.71	0.00	0.90
500.00	0.00	1.36
837.21	0.00	0.46
264.71	0.00	1.43
500.00	0.00	1.42
837.21	0.00	1.39
264.71	0.00	1.88
500.00	0.00	1.36
837.21	0.00	2.27
264.71	0.00	3.09
500.00	0.00	2.99
837.21	0.00	1.91
264.71	0.00	0.95
500.00	0.00	0.90
837.21	0.00	0.92
264.71	0.00	0.90
500.00	0.00	3.38
837.21	0.00	2.40
264.71	0.00	1.91
500.00	0.00	1.83
837.21	0.00	1.84
264.71	0.00	1.41
500.00	0.00	1.38
837.21	0.00	1.82
264.71	0.00	1.52
500.00	0.00	1.01
837.21	0.00	1.84
264.71	0.00	2.41
500.00	0.00	0.90
837.21	0.00	1.41
264.71	0.00	1.48
500.00	0.00	2.73
837.21	0.00	0.91
264.71	0.00	1.88
500.00	0.00	1.45
837.21	0.00	0.49
264.71	0.00	2.51
500.00	0.00	1.54
837.21	0.00	1.94
264.71	0.00	2.01
500.00	0.00	1.41
837.21	0.00	0.95
264.71	0.00	2.76
500.00	0.00	3.18
837.21	0.00	0.45
264.71	0.00	1.02
500.00	0.00	2.96
837.21	0.00	1.96
264.71	0.00	3.18
500.00	0.00	0.93
837.21	0.00	0.91
264.71	0.00	1.52
500.00	0.00	1.47
837.21	0.00	1.45
264.71	0.00	1.37
500.00	0.00	1.46
837.21	0.00	0.94
264.71	0.00	1.40
500.00	0.00	2.31
837.21	0.00	1.38
264.71	0.00	2.86
500.00	0.00	2.96
837.21	0.00	1.94
264.71	0.00	2.35
500.00	0.00	1.84
837.21	0.00	1.41
264.71	0.00	1.46
500.00	0.00	1.45
837.21	0.00	1.44
264.71	0.00	2.82
500.00	0.00	1.47
837.21	0.00	0.96
264.71	0.00	2.76
500.00	0.00	1.42
837.21	0.00	1.81
264.71	0.00	2.48
500.00	0.00	1.45
837.21	0.00	2.37
264.71	0.00	1.85
500.00	0.00	1.94
837.21	0.00	3.23
264.71	0.00	1.86
500.00	0.00	2.87
837.21	0.00	1.46
264.71	0.00	1.99
500.00	0.00	2.41
837.21	0.00	2.40
264.71	0.00	0.96
500.00	0.00	2.43
837.21	0.00	2.33
264.71	0.00	1.86
500.00	0.00	2.38
837.21	0.00	0.94
264.71	0.00	0.93
500.00	0.00	1.86
837.21	0.00	0.48
264.71	0.00	2.76
500.00	0.00	2.49
837.21	0.00	1.93
264.71	0.00	1.93
500.00	0.00	1.98
837.21	0.00	1.91
264.71	0.00	2.41
500.00	0.00	0.99
837.21	0.00	0.96
264.71	0.00	2.41
500.00	0.00	1.57
837.21	0.00	1.93
264.71	0.00	0.50
500.00	0.00	2.31
837.21	0.00	0.93
264.71	0.00	2.85
500.00	0.00	1.54
837.21	0.00	1.47
264.71	0.00	1.81
500.00	0.00	2.79
837.21	0.00	0.94
264.71	0.00	2.19
500.00	0.00	2.10
837.21	0.00	2.45
264.71	0.00	0.90
500.00	0.00	0.47
837.21	0.00	0.91
264.71	0.00	1.81
500.00	0.00	1.85
837.21	0.00	0.48
264.71	0.00	1.86
500.00	0.00	0.90
837.21	0.00	1.37
264.71	0.00	3.78
500.00	0.00	2.17
837.21	0.00	3.44
264.71	0.00	2.41
500.00	0.00	1.96
837.21	0.00	1.44
264.71	0.00	2.31
500.00	0.00	1.38
837.21	0.00	0.45
264.71	0.00	0.98
500.00	0.00	0.48
837.21	0.00	1.83
264.71	0.00	1.83
500.00	0.00	1.37
837.21	0.00	0.91
264.71	0.00	2.43
500.00	0.00	1.89
837.21	0.00	1.82
264.71	0.00	2.06
500.00	0.00	2.01
837.21	0.00	2.36
264.71	0.00	0.90
500.00	0.00	0.93
837.21	0.00	0.45
264.71	0.00	1.98
500.00	0.00	1.35
837.21	0.00	1.85
264.71	0.00	0.90
500.00	0.00	1.87
837.21	0.00	2.76
264.71	0.00	2.71
500.00	0.00	0.98
837.21	0.00	1.85
264.71	0.00	2.80
500.00	0.00	2.41
837.21	0.00	1.86
264.71	0.00	0.99
500.00	0.00	1.01
837.21	0.00	2.79
264.71	0.00	1.48
500.00	0.00	2.31
837.21	0.00	0.91
264.71	0.00	1.47
500.00	0.00	1.89
837.21	0.00	1.36
264.71	0.00	3.29
500.00	0.00	0.90
837.21	0.00	0.95
264.71	0.00	1.59
500.00	0.00	1.01
837.21	0.00	2.80
264.71	0.00	0.93
500.00	0.00	0.90
837.21	0.00	0.91
264.71	0.00	2.42
500.00	0.00	3.31
837.21	0.00	0.95
264.71	0.00	1.59
500.00	0.00	1.56
837.21	0.00	1.49
264.71	0.00	1.35
500.00	0.00	1.38
837.21	0.00	0.90
264.71	0.00	1.55
500.00	0.00	1.53
837.21	0.00	2.82
264.71	0.00	2.85
500.00	0.00	0.48
837.21	0.00	1.39
264.71	0.00	2.26
500.00	0.00	0.46
837.21	0.00	0.91
264.71	0.00	2.29
500.00	0.00	1.85
837.21	0.00	0.93
264.71	0.00	1.44
500.00	0.00	1.54
837.21	0.00	2.83
264.71	0.00	1.55
500.00	0.00	2.88
837.21	0.00	1.94
264.71	0.00	1.47
500.00	0.00	0.90
837.21	0.00	1.39
264.71	0.00	1.93
500.00	0.00	2.44
837.21	0.00	1.92
264.71	0.00	2.58
500.00	0.00	2.44
837.21	0.00	1.96
264.71	0.00	1.49
500.00	0.00	1.46
837.21	0.00	1.38
264.71	0.00	2.56
500.00	0.00	2.98
837.21	0.00	1.03
264.71	0.00	0.90
500.00	0.00	0.48
837.21	0.00	0.46
264.71	0.00	2.60
500.00	0.00	1.03
837.21	0.00	2.84
264.71	0.00	1.80
500.00	0.00	1.55
837.21	0.00	2.82
264.71	0.00	2.00
500.00	0.00	3.18
837.21	0.00	1.86
264.71	0.00	1.09
500.00	0.00	2.84
837.21	0.00	1.95
264.71	0.00	2.14
500.00	0.00	2.51
837.21	0.00	2.44
264.71	0.00	2.43
500.00	0.00	1.43
837.21	0.00	0.49
264.71	0.00	2.42
500.00	0.00	2.42
837.21	0.00	2.35
264.71	0.00	1.46
500.00	0.00	1.52
837.21	0.00	2.31
264.71	0.00	1.41
500.00	0.00	1.44
837.21	0.00	0.94
264.71	0.00	0.94
500.00	0.00	1.41
837.21	0.00	0.93
264.71	0.00	0.46
500.00	0.00	1.35
837.21	0.00	0.46
264.71	0.00	1.42
500.00	0.00	1.47
837.21	0.00	1.85
264.71	0.00	1.43
500.00	0.00	1.91
837.21	0.00	1.89
264.71	0.00	2.40
500.00	0.00	1.81
837.21	0.00	2.74
264.71	0.00	1.47
500.00	0.00	1.89
837.21	0.00	0.94
264.71	0.00	1.35
500.00	0.00	0.95
837.21	0.00	0.47
264.71	0.00	1.36
500.00	0.00	2.98
837.21	0.00	2.42
264.71	0.00	1.95
500.00	0.00	2.31
837.21	0.00	0.92
264.71	0.00	2.59
500.00	0.00	1.89
837.21	0.00	2.34
264.71	0.00	0.90
500.00	0.00	0.45
837.21	0.00	1.35
264.71	0.00	2.71
500.00	0.00	1.50
837.21	0.00	2.80
264.71	0.00	2.71
500.00	0.00	1.43
837.21	0.00	1.85
264.71	0.00	1.58
500.00	0.00	1.52
837.21	0.00	2.86
264.71	0.00	2.54
500.00	0.00	2.94
837.21	0.00	2.43
264.71	0.00	0.91
500.00	0.00	1.37
837.21	0.00	0.91
264.71	0.00	0.90
500.00	0.00	2.04
837.21	0.00	3.32
264.71	0.00	1.90
500.00	0.00	0.96
837.21	0.00	1.82
264.71	0.00	2.87
500.00	0.00	2.00
837.21	0.00	2.40
264.71	0.00	0.95
500.00	0.00	2.73
837.21	0.00	0.90
264.71	0.00	1.89
500.00	0.00	2.33
837.21	0.00	0.95
264.71	0.00	0.97
500.00	0.00	0.93
837.21	0.00	1.81
264.71	0.00	2.90
500.00	0.00	0.91
837.21	0.00	1.41
264.71	0.00	1.94
500.00	0.00	1.35
837.21	0.00	0.95
264.71	0.00	1.44
500.00	0.00	1.46
837.21	0.00	1.89
264.71	0.00	1.03
500.00	0.00	2.39
837.21	0.00	1.48
264.71	0.00	2.80
500.00	0.00	1.44
837.21	0.00	1.38
264.71	0.00	1.45
500.00	0.00	1.89
837.21	0.00	2.26
264.71	0.00	2.10
500.00	0.00	2.94
837.21	0.00	2.45
264.71	0.00	2.89
500.00	0.00	2.26
837.21	0.00	2.32
264.71	0.00	1.98
500.00	0.00	1.44
837.21	0.00	1.45
264.71	0.00	0.49
500.00	0.00	2.00
837.21	0.00	2.82
264.71	0.00	2.20
500.00	0.00	2.57
837.21	0.00	2.96
264.71	0.00	0.93
500.00	0.00	2.26
837.21	0.00	0.91
264.71	0.00	1.95
500.00	0.00	1.88
837.21	0.00	2.71
264.71	0.00	0.91
500.00	0.00	2.35
837.21	0.00	0.96
264.71	0.00	3.13
500.00	0.00	3.00
837.21	0.00	2.47
264.71	0.00	1.80
500.00	0.00	2.02
837.21	0.00	2.40
264.71	0.00	1.43
500.00	0.00	2.87
837.21	0.00	0.99
264.71	0.00	1.35
500.00	0.00	0.91
837.21	0.00	1.38
264.71	0.00	2.26
500.00	0.00	0.45
837.21	0.00	1.81
264.71	0.00	2.01
500.00	0.00	1.52
837.21	0.00	2.39
264.71	0.00	1.40
500.00	0.00	2.26
837.21	0.00	1.35
264.71	0.00	1.36
500.00	0.00	1.38
837.21	0.00	0.93
264.71	0.00	0.90
500.00	0.00	2.43
837.21	0.00	2.37
264.71	0.00	1.35
500.00	0.00	1.80
837.21	0.00	1.35
264.71	0.00	1.40
500.00	0.00	2.82
837.21	0.00	2.35
264.71	0.00	3.00
500.00	0.00	2.76
837.21	0.00	1.41
264.71	0.00	1.93
500.00	0.00	0.99
837.21	0.00	0.97
264.71	0.00	0.93
500.00	0.00	0.90
837.21	0.00	0.92
264.71	0.00	1.86
500.00	0.00	3.47
837.21	0.00	3.35
264.71	0.00	1.35
500.00	0.00	0.97
837.21	0.00	0.93
264.71	0.00	2.08
500.00	0.00	1.55
837.21	0.00	2.41
264.71	0.00	2.48
500.00	0.00	1.61
837.21	0.00	2.88
264.71	0.00	2.66
500.00	0.00	2.52
837.21	0.00	2.45
264.71	0.00	1.93
500.00	0.00	2.85
837.21	0.00	1.45
264.71	0.00	2.31
500.00	0.00	1.46
837.21	0.00	0.94
264.71	0.00	2.63
500.00	0.00	3.12
837.21	0.00	2.06
264.71	0.00	2.32
500.00	0.00	1.48
837.21	0.00	0.98
264.71	0.00	1.42
500.00	0.00	1.54
837.21	0.00	1.45
264.71	0.00	1.95
500.00	0.00	1.87
837.21	0.00	1.40
264.71	0.00	1.87
500.00	0.00	2.31
837.21	0.00	0.90
264.71	0.00	2.41
500.00	0.00	2.04
837.21	0.00	1.94
264.71	0.00	1.85
500.00	0.00	2.28
837.21	0.00	0.90
264.71	0.00	1.04
500.00	0.00	2.03
837.21	0.00	1.91
264.71	0.00	2.45
500.00	0.00	1.43
837.21	0.00	3.24
264.71	0.00	2.88
500.00	0.00	1.83
837.21	0.00	1.42
264.71	0.00	1.46
500.00	0.00	1.88
837.21	0.00	2.76
264.71	0.00	1.90
500.00	0.00	1.91
837.21	0.00	0.94
264.71	0.00	1.90
500.00	0.00	1.80
837.21	0.00	1.85
264.71	0.00	2.97
500.00	0.00	0.45
837.21	0.00	2.33
264.71	0.00	2.27
500.00	0.00	1.02
837.21	0.00	1.42
264.71	0.00	2.02
500.00	0.00	2.56
837.21	0.00	1.95
264.71	0.00	1.50
500.00	0.00	2.40
837.21	0.00	1.47
264.71	0.00	1.54
500.00	0.00	2.95
837.21	0.00	1.95
264.71	0.00	2.74
500.00	0.00	2.35
837.21	0.00	2.33
264.71	0.00	1.47
500.00	0.00	0.96
837.21	0.00	2.31
264.71	0.00	3.43
500.00	0.00	2.94
837.21	0.00	1.04
264.71	0.00	1.97
500.00	0.00	2.09
837.21	0.00	2.43
264.71	0.00	2.01
500.00	0.00	1.52
837.21	0.00	1.90
264.71	0.00	0.90
500.00	0.00	0.99
837.21	0.00	2.30
264.71	0.00	0.97
500.00	0.00	2.51
837.21	0.00	1.50
264.71	0.00	2.05
500.00	0.00	3.31
837.21	0.00	1.48
264.71	0.00	2.00
500.00	0.00	1.02
837.21	0.00	2.37
264.71	0.00	2.71
500.00	0.00	2.10
837.21	0.00	2.91
264.71	0.00	1.39
500.00	0.00	1.93
837.21	0.00	0.98
264.71	0.00	2.78
500.00	0.00	0.48
837.21	0.00	1.36
264.71	0.00	2.26
500.00	0.00	2.40
837.21	0.00	1.42
264.71	0.00	1.35
500.00	0.00	1.84
837.21	0.00	1.83
264.71	0.00	2.46
500.00	0.00	2.97
837.21	0.00	1.50
264.71	0.00	2.86
500.00	0.00	2.90
837.21	0.00	1.95
264.71	0.00	1.53
500.00	0.00	1.93
837.21	0.00	2.34
264.71	0.00	2.30
500.00	0.00	1.98
837.21	0.00	1.92
264.71	0.00	1.53
500.00	0.00	1.35
837.21	0.00	2.32
264.71	0.00	1.53
500.00	0.00	0.90
837.21	0.00	2.32
264.71	0.00	1.80
500.00	0.00	1.47
837.21	0.00	1.43
264.71	0.00	1.36
500.00	0.00	0.45
837.21	0.00	0.46
264.71	0.00	0.92
500.00	0.00	1.38
837.21	0.00	0.93
264.71	0.00	1.85
500.00	0.00	0.96
837.21	0.00	1.80
264.71	0.00	1.95
500.00	0.00	1.07
837.21	0.00	2.38
264.71	0.00	0.95
500.00	0.00	0.93
837.21	0.00	0.93
264.71	0.00	2.74
500.00	0.00	1.36
837.21	0.00	2.28
264.71	0.00	1.46
500.00	0.00	2.41
837.21	0.00	1.41
264.71	0.00	1.52
500.00	0.00	2.57
837.21	0.00	2.45
264.71	0.00	2.57
500.00	0.00	2.87
837.21	0.00	1.86
264.71	0.00	2.00
500.00	0.00	0.50
837.21	0.00	2.35
264.71	0.00	2.43
500.00	0.00	1.43
837.21	0.00	2.34
264.71	0.00	1.52
500.00	0.00	1.58
837.21	0.00	2.38
264.71	0.00	1.38
500.00	0.00	1.91
837.21	0.00	0.94
264.71	0.00	2.14
500.00	0.00	2.14
837.21	0.00	2.48
264.71	0.00	2.50
500.00	0.00	0.90
837.21	0.00	1.89
264.71	0.00	3.49
500.00	0.00	2.89
837.21	0.00	1.94
264.71	0.00	1.98
500.00	0.00	2.47
837.21	0.00	1.93
264.71	0.00	2.35
500.00	0.00	1.38
837.21	0.00	0.93
264.71	0.00	2.49
500.00	0.00	2.87
837.21	0.00	2.83
264.71	0.00	1.50
500.00	0.00	2.30
837.21	0.00	1.91
264.71	0.00	1.35
500.00	0.00	0.90
837.21	0.00	0.90
264.71	0.00	2.06
500.00	0.00	1.46
837.21	0.00	1.86
264.71	0.00	2.07
500.00	0.00	2.55
837.21	0.00	2.48
264.71	0.00	0.95
500.00	0.00	2.71
837.21	0.00	0.92
264.71	0.00	1.86
500.00	0.00	0.90
837.21	0.00	1.38
264.71	0.00	0.95
500.00	0.00	1.35
837.21	0.00	1.37
264.71	0.00	1.81
500.00	0.00	1.35
837.21	0.00	0.91
264.71	0.00	1.35
500.00	0.00	2.84
837.21	0.00	2.32
264.71	0.00	1.50
500.00	0.00	1.96
837.21	0.00	2.32
264.71	0.00	1.08
500.00	0.00	2.57
837.21	0.00	2.90
264.71	0.00	2.12
500.00	0.00	2.51
837.21	0.00	2.93
264.71	0.00	1.81
500.00	0.00	2.35
837.21	0.00	2.77
264.71	0.00	3.40
500.00	0.00	1.02
837.21	0.00	0.99
264.71	0.00	0.95
500.00	0.00	2.95
837.21	0.00	1.92
264.71	0.00	1.04
500.00	0.00	0.95
837.21	0.00	3.24
264.71	0.00	2.85
500.00	0.00	1.02
837.21	0.00	2.35
264.71	0.00	1.84
500.00	0.00	0.96
837.21	0.00	1.41
264.71	0.00	3.37
500.00	0.00	1.83
837.21	0.00	1.86
264.71	0.00	2.00
500.00	0.00	2.14
837.21	0.00	2.45
264.71	0.00	2.04
500.00	0.00	1.51
837.21	0.00	0.98
264.71	0.00	1.95
500.00	0.00	0.45
837.21	0.00	1.85
264.71	0.00	2.42
500.00	0.00	1.35
837.21	0.00	2.76
264.71	0.00	1.95
500.00	0.00	1.91
837.21	0.00	1.35
264.71	0.00	1.45
500.00	0.00	0.90
837.21	0.00	1.38
264.71	0.00	1.95
500.00	0.00	2.48
837.21	0.00	2.38
264.71	0.00	2.26
500.00	0.00	1.40
837.21	0.00	0.48
264.71	0.00	1.95
500.00	0.00	2.36
837.21	0.00	0.90
264.71	0.00	0.90
500.00	0.00	0.90
837.21	0.00	0.90
264.71	0.00	2.12
500.00	0.00	2.45
837.21	0.00	2.40
264.71	0.00	0.93
500.00	0.00	2.31
837.21	0.00	1.85
264.71	0.00	1.86
500.00	0.00	2.48
837.21	0.00	1.50
264.71	0.00	2.40
500.00	0.00	1.88
837.21	0.00	1.41
264.71	0.00	1.55
500.00	0.00	1.53
837.21	0.00	1.47
264.71	0.00	1.45
500.00	0.00	1.84
837.21	0.00	1.42
264.71	0.00	2.78
500.00	0.00	1.00
837.21	0.00	0.94
264.71	0.00	0.45
500.00	0.00	1.45
837.21	0.00	0.96
264.71	0.00	1.35
500.00	0.00	1.85
837.21	0.00	0.92
264.71	0.00	1.94
500.00	0.00	1.91
837.21	0.00	1.40
264.71	0.00	1.45
500.00	0.00	1.84
837.21	0.00	0.95
264.71	0.00	1.95
500.00	0.00	1.42
837.21	0.00	2.29
264.71	0.00	1.35
500.00	0.00	1.35
837.21	0.00	0.45
264.71	0.00	2.44
500.00	0.00	1.53
837.21	0.00	2.39
264.71	0.00	1.53
500.00	0.00	2.42
837.21	0.00	1.49
264.71	0.00	1.44
500.00	0.00	1.98
837.21	0.00	0.98
264.71	0.00	0.91
500.00	0.00	1.36
837.21	0.00	0.92
264.71	0.00	1.86
500.00	0.00	0.48
837.21	0.00	1.83
264.71	0.00	2.36
500.00	0.00	1.35
837.21	0.00	1.39
264.71	0.00	2.94
500.00	0.00	1.94
837.21	0.00	0.99
264.71	0.00	0.98
500.00	0.00	2.03
837.21	0.00	1.48
264.71	0.00	1.45
500.00	0.00	0.91
837.21	0.00	0.95
264.71	0.00	2.26
500.00	0.00	1.43
837.21	0.00	0.48
264.71	0.00	2.45
500.00	0.00	1.84
837.21	0.00	2.35
264.71	0.00	1.39
500.00	0.00	2.26
837.21	0.00	2.27
264.71	0.00	1.36
500.00	0.00	0.95
837.21	0.00	2.28
264.71	0.00	1.48
500.00	0.00	0.45
837.21	0.00	1.85
264.71	0.00	0.48
500.00	0.00	2.36
837.21	0.00	1.44
264.71	0.00	2.84
500.00	0.00	1.42
837.21	0.00	1.88
264.71	0.00	3.06
500.00	0.00	2.96
837.21	0.00	2.02
264.71	0.00	1.46
500.00	0.00	1.35
837.21	0.00	1.39
264.71	0.00	0.90
500.00	0.00	1.81
837.21	0.00	0.46
264.71	0.00	0.98
500.00	0.00	1.42
837.21	0.00	2.29
264.71	0.00	2.32
500.00	0.00	1.91
837.21	0.00	1.40
264.71	0.00	1.54
500.00	0.00	1.05
837.21	0.00	1.44
264.71	0.00	2.35
500.00	0.00	0.98
837.21	0.00	2.78
264.71	0.00	2.89
500.00	0.00	1.86
837.21	0.00	1.41
264.71	0.00	3.00
500.00	0.00	1.35
837.21	0.00	3.24
264.71	0.00	1.35
500.00	0.00	0.98
837.21	0.00	2.75
264.71	0.00	2.36
500.00	0.00	1.50
837.21	0.00	0.97
264.71	0.00	1.43
500.00	0.00	0.90
837.21	0.00	0.93
264.71	0.00	1.42
500.00	0.00	2.38
837.21	0.00	1.42
264.71	0.00	2.31
500.00	0.00	1.52
837.21	0.00	3.27
264.71	0.00	3.11
500.00	0.00	2.97
837.21	0.00	2.36
264.71	0.00	1.49
500.00	0.00	2.90
837.21	0.00	0.99
264.71	0.00	2.39
500.00	0.00	2.78
837.21	0.00	0.99
264.71	0.00	3.49
500.00	0.00	2.89
837.21	0.00	0.48
264.71	0.00	0.45
500.00	0.00	2.39
837.21	0.00	2.33
264.71	0.00	2.55
500.00	0.00	2.34
837.21	0.00	1.90
264.71	0.00	2.56
500.00	0.00	1.96
837.21	0.00	1.94
264.71	0.00	1.48
500.00	0.00	0.95
837.21	0.00	2.78
264.71	0.00	1.99
500.00	0.00	2.42
837.21	0.00	2.42
264.71	0.00	2.26
500.00	0.00	1.44
837.21	0.00	1.86
264.71	0.00	2.43
500.00	0.00	0.93
837.21	0.00	1.42
264.71	0.00	3.47
500.00	0.00	1.54
837.21	0.00	1.02
264.71	0.00	2.38
500.00	0.00	2.42
837.21	0.00	2.39
264.71	0.00	0.96
500.00	0.00	1.86
837.21	0.00	1.84
264.71	0.00	3.06
500.00	0.00	2.05
837.21	0.00	2.86
264.71	0.00	1.48
500.00	0.00	2.93
837.21	0.00	1.48
264.71	0.00	1.44
500.00	0.00	1.99
837.21	0.00	1.93
264.71	0.00	1.36
500.00	0.00	1.46
837.21	0.00	1.85
264.71	0.00	0.99
500.00	0.00	0.90
837.21	0.00	1.38
264.71	0.00	2.91
500.00	0.00	2.84
837.21	0.00	0.45
264.71	0.00	1.96
500.00	0.00	1.46
837.21	0.00	1.90
264.71	0.00	1.50
500.00	0.00	1.41
837.21	0.00	1.88
264.71	0.00	1.45
500.00	0.00	1.80
837.21	0.00	0.93
264.71	0.00	0.99
500.00	0.00	0.90
837.21	0.00	1.38
264.71	0.00	1.49
500.00	0.00	0.90
837.21	0.00	2.31
264.71	0.00	1.80
500.00	0.00	2.26
837.21	0.00	1.35
264.71	0.00	3.21
500.00	0.00	0.99
837.21	0.00	1.42
264.71	0.00	1.46
500.00	0.00	1.81
837.21	0.00	1.83
264.71	0.00	2.50
500.00	0.00	2.98
837.21	0.00	1.96
264.71	0.00	3.24
500.00	0.00	2.76
837.21	0.00	0.46
264.71	0.00	2.80
500.00	0.00	1.35
837.21	0.00	0.94
264.71	0.00	1.54
500.00	0.00	1.90
837.21	0.00	2.82
264.71	0.00	2.32
500.00	0.00	0.96
837.21	0.00	1.41
264.71	0.00	1.80
500.00	0.00	2.33
837.21	0.00	0.96
264.71	0.00	1.03
500.00	0.00	1.36
837.21	0.00	3.22
