1173.40	0.00	11.28
2344.32	0.11	10.39
1173.40	0.00	9.38
2346.81	0.00	8.83
2346.81	0.00	12.66
2341.46	0.23	8.95
966.77	50.05	58.79
1935.29	0.00	9.29
967.65	0.00	61.08
967.65	0.00	18.14
175.94	0.00	48.91
1759.36	0.00	52.43
1571.38	0.00	43.01
1571.38	0.00	34.42
1630.71	0.14	19.30
1571.38	0.00	35.36
800.25	0.11	53.62
770.28	0.00	73.69
1056.32	0.09	63.91
2036.24	0.00	15.09
1997.08	0.00	28.29
2072.08	0.16	16.14
978.96	0.00	62.28
2036.24	0.00	16.23
1898.73	0.00	11.48
1896.07	0.14	4.84
1898.73	0.00	5.07
1893.41	0.28	9.48
1898.73	0.00	8.90
1898.73	0.00	12.27
1683.61	0.11	12.01
1685.39	0.00	8.08
1683.61	0.11	10.45
1685.39	0.00	9.54
1683.03	0.14	5.38
1685.39	0.00	8.99
934.35	0.12	73.63
1856.13	0.00	35.08
928.06	0.00	84.18
1861.58	0.11	19.95
1848.70	0.00	48.03
1859.61	0.21	41.54
703.91	0.00	51.96
2388.27	0.00	28.25
1734.64	0.00	43.80
2413.41	0.00	9.99
2363.13	0.00	25.79
2413.41	0.00	23.49
2000.00	0.00	10.47
2000.00	0.00	7.31
2000.00	0.00	4.51
1998.19	0.09	7.77
2000.00	0.00	8.12
2000.00	0.00	8.57
4500.00	0.00	2.26
4500.00	0.00	5.41
4500.00	0.00	5.19
4500.00	0.00	2.26
2250.00	0.00	4.06
2250.00	0.00	7.67
214.21	0.11	41.84
2358.83	0.00	11.68
1179.41	0.00	15.12
1929.95	10.00	42.43
214.21	0.11	38.46
1179.41	0.00	18.83
1881.81	0.00	110.48
2209.07	0.00	34.76
1881.75	0.00	89.53
327.33	0.00	208.41
327.37	0.00	113.21
1881.73	0.00	104.76
2766.69	0.00	33.25
2766.69	0.00	33.02
1388.85	0.00	57.28
1377.83	0.00	33.38
1377.83	0.00	35.64
1377.83	0.00	61.80
3296.70	0.00	5.38
3292.08	0.14	3.03
3296.70	0.00	2.91
3293.22	0.11	3.02
3296.70	0.00	2.91
3296.70	0.00	2.91
1584.51	0.00	5.58
3165.14	0.12	3.12
1584.51	0.00	8.59
3161.70	0.23	6.24
3169.01	0.00	3.01
3169.01	0.00	3.01
2186.82	0.00	27.23
2186.82	0.00	27.60
2186.82	0.00	22.02
2184.51	0.11	22.42
612.31	0.00	40.81
1579.37	0.00	36.52
1947.04	0.00	73.79
1944.31	0.14	43.19
973.52	0.00	92.39
973.52	0.00	112.22
1945.48	0.00	65.28
1947.04	0.00	43.66
1849.89	0.11	17.56
925.93	0.00	13.38
925.93	0.00	9.22
1851.85	0.00	9.67
1851.85	0.00	9.67
1851.85	0.00	9.67
2250.00	0.00	9.25
2250.00	0.00	7.44
2250.00	0.00	9.02
1125.00	0.00	6.77
1125.00	0.00	7.67
2250.00	0.00	7.67
3000.00	0.00	2.26
3000.00	0.00	2.26
3000.00	0.00	3.61
3000.00	0.00	4.06
3000.00	0.00	4.51
3000.00	0.00	3.16
1083.48	0.00	97.40
2891.68	0.00	30.69
2391.35	0.00	58.90
503.56	0.00	86.20
1808.21	0.00	70.54
2888.63	0.11	12.68
858.38	0.00	83.46
1716.76	0.00	47.13
1716.76	0.00	37.54
1721.80	0.11	20.99
1712.46	0.25	39.04
858.38	0.00	87.53
2250.00	0.00	11.28
2250.00	0.00	6.32
4500.00	0.00	4.74
2250.00	0.00	10.83
2250.00	0.00	4.06
4500.00	0.00	2.26
1762.98	0.00	10.11
3525.95	0.00	11.97
1761.38	0.09	7.87
3525.95	0.00	2.75
1762.98	0.00	11.02
3525.95	0.00	5.51
2250.00	0.00	9.22
2247.96	0.09	3.71
2250.00	0.00	7.86
2250.00	0.00	7.32
2247.62	0.11	4.16
2250.00	0.00	4.06
463.24	0.00	89.48
2192.09	0.00	33.35
2191.36	0.00	25.29
1732.55	0.00	52.66
2191.36	0.00	25.67
2190.62	0.00	36.32
2004.45	0.00	8.32
2004.45	0.00	4.72
1002.23	0.00	9.00
1998.80	0.28	5.75
1002.23	0.00	8.55
2004.45	0.00	7.37
900.00	0.00	18.50
1800.00	0.00	19.85
1800.00	0.00	15.34
900.00	0.00	21.65
1800.00	0.00	11.28
900.00	0.00	27.97
1341.28	0.00	8.86
2682.56	0.00	7.86
2680.13	0.09	8.41
2682.56	0.00	3.48
1341.28	0.00	6.05
2682.56	0.00	6.50
3385.35	0.00	10.27
718.11	0.00	58.38
1867.09	0.00	46.45
1407.50	0.00	58.53
3271.62	0.09	10.54
2671.37	0.00	34.88
2596.19	0.11	12.51
2362.67	9.09	38.40
1297.88	0.12	10.11
236.27	0.00	38.35
0.00	100.00	0.00
1299.47	0.00	6.70
2117.65	0.00	9.92
2117.65	0.00	8.80
2117.65	0.00	7.89
1058.82	0.00	6.77
1058.82	0.00	8.57
2117.65	0.00	4.29
3272.73	0.00	7.22
3272.73	0.00	5.64
1636.36	0.00	5.41
3272.73	0.00	2.93
3272.73	0.00	2.93
1636.36	0.00	7.22
1654.41	0.00	8.71
1654.41	0.00	3.80
1654.41	0.00	3.80
1650.27	0.25	6.28
1651.41	0.18	7.37
1654.41	0.00	4.91
1970.48	0.09	24.46
3084.24	0.09	8.15
2786.91	0.00	17.23
1071.89	0.00	20.46
2872.66	0.00	7.73
2998.56	0.09	7.80
1821.29	0.00	55.28
603.87	0.00	118.61
608.06	0.11	118.66
1816.45	0.00	40.60
603.87	0.00	148.43
1816.45	0.00	60.04
2365.07	0.00	31.53
2995.76	0.00	15.32
2995.76	0.00	15.60
635.77	0.00	36.09
18000.00	0.00	2.44
3000.85	0.00	8.03
1954.15	0.00	43.37
973.18	0.00	78.53
1938.58	0.00	45.14
1943.64	0.14	34.97
1946.37	0.00	35.66
973.18	0.00	78.74
3342.27	0.00	27.31
697.96	0.00	75.17
585.25	0.00	75.78
3342.09	0.00	21.24
3337.58	0.14	11.44
2663.22	0.00	57.55
1560.47	0.00	70.03
1579.19	0.00	24.33
780.23	0.00	89.25
1555.79	0.30	42.58
780.23	0.00	104.47
1566.71	0.00	48.04
1684.05	0.00	28.41
3277.79	0.00	19.70
2708.53	0.00	42.07
570.17	0.00	63.61
1591.91	0.00	27.47
3274.14	0.00	18.85
1952.62	0.09	10.67
1954.40	0.00	9.21
1954.40	0.00	8.31
1954.40	0.00	4.61
1954.40	0.00	4.15
1954.40	0.00	7.86
0.00	100.00	0.00
2045.45	9.09	47.09
2250.00	0.00	4.10
2250.00	0.00	12.34
204.55	0.00	41.05
2250.00	0.00	8.16
976.14	0.00	11.93
1952.28	0.00	8.95
976.14	0.00	8.22
1952.28	0.00	4.84
1952.28	0.00	9.17
1950.21	0.11	9.51
2224.72	0.00	4.10
202.25	0.00	44.66
0.00	100.00	0.00
2224.72	0.00	9.15
0.00	100.00	0.00
2022.47	0.00	45.56
2230.53	0.00	49.26
2685.67	0.00	21.17
2699.96	0.00	21.29
2230.53	0.00	42.03
470.18	0.00	58.19
921.55	0.00	40.05
1652.39	0.12	8.27
1654.41	0.00	4.81
1652.66	0.11	3.91
1654.41	0.00	6.16
1654.41	0.00	6.61
1651.16	0.20	7.72
2409.47	0.00	45.58
507.21	0.00	69.47
2915.87	0.00	26.52
2406.22	0.00	42.88
2912.62	0.00	20.19
507.21	0.00	59.55
1445.78	0.00	10.33
2891.57	0.00	7.02
2891.57	0.00	3.26
2891.57	0.00	6.52
1442.44	0.23	10.35
2891.57	0.00	3.26
1813.48	0.00	41.48
1223.60	0.14	40.28
710.69	0.00	41.17
1837.99	0.00	13.71
612.66	0.00	63.26
1836.04	0.11	29.16
1359.54	0.00	59.01
1358.10	0.11	50.03
1066.08	0.00	72.76
1361.83	0.00	35.71
288.87	0.00	84.94
1358.30	0.09	33.86
3000.00	0.00	6.77
3000.00	0.00	5.41
3000.00	0.00	4.96
3000.00	0.00	3.16
3000.00	0.00	5.86
3000.00	0.00	3.16
340.35	0.00	174.65
1614.08	0.00	73.00
1954.21	0.00	47.00
1954.21	0.00	50.14
1952.55	0.09	33.21
1612.62	0.09	77.06
870.04	0.00	49.46
904.84	0.00	27.03
1705.27	0.00	34.54
870.04	0.00	41.14
870.04	0.00	55.97
1807.76	0.11	15.85
2712.47	0.09	3.09
2714.93	0.00	2.99
2714.93	0.00	2.99
2714.93	0.00	6.43
2712.84	0.08	5.44
2712.06	0.11	5.99
1127.11	0.00	48.43
1082.62	0.11	48.47
1083.76	0.00	59.74
1257.16	0.00	47.05
2210.88	0.00	26.63
1127.11	0.00	39.13
2884.62	0.00	5.07
2880.57	0.14	5.64
2884.62	0.00	4.17
2884.62	0.00	3.27
2884.62	0.00	5.52
2884.62	0.00	3.27
2366.86	0.00	13.72
2366.86	0.00	7.76
1182.36	0.09	11.03
1183.43	0.00	7.31
2366.86	0.00	7.76
2366.86	0.00	8.21
2298.28	0.00	23.22
1815.45	0.00	36.47
2201.72	0.00	24.43
502.15	0.00	40.77
2259.66	0.00	25.25
2182.40	0.00	30.84
1904.76	0.00	10.09
1900.42	0.23	6.84
1904.76	0.00	4.26
1904.76	0.00	8.73
1904.76	0.00	8.53
1904.76	0.00	8.07
1447.25	0.00	62.95
2490.34	0.00	31.87
524.26	0.12	75.56
1966.28	0.00	49.50
1027.16	0.00	77.15
2473.57	0.00	23.73
838.95	0.00	99.45
1677.90	0.00	38.25
1669.67	0.09	58.58
1684.61	0.00	20.92
1671.19	0.00	52.23
838.95	0.00	86.61
917.69	0.00	74.37
1828.09	0.00	49.80
1826.43	0.09	19.62
910.40	0.00	86.42
1811.88	0.09	48.47
1816.96	0.21	37.94
2250.00	0.00	10.38
2250.00	0.00	4.06
2250.00	0.00	10.83
2250.00	0.00	8.57
2250.00	0.00	4.06
2250.00	0.00	8.12
1652.89	0.00	11.18
1652.89	0.00	4.91
1647.90	0.30	8.30
1649.13	0.23	8.84
1652.89	0.00	11.18
1652.89	0.00	4.91
1607.69	0.00	32.15
1604.09	0.00	34.38
1618.50	0.00	25.67
1170.28	0.11	38.99
450.59	0.00	48.41
1604.09	0.00	23.50
2189.78	0.00	9.22
2189.78	0.00	6.41
2187.47	0.11	6.52
2189.78	0.00	3.71
2189.78	0.00	6.87
2189.78	0.00	9.22
1987.95	0.00	32.87
1556.22	0.00	49.69
421.24	0.11	59.55
1984.60	0.00	23.97
1985.85	0.11	13.18
1987.95	0.00	13.00
2889.25	0.00	5.27
2885.71	0.12	2.47
2889.25	0.00	2.36
2889.25	0.00	3.92
2889.25	0.00	4.82
2889.25	0.00	2.81
3219.50	0.11	30.65
3205.25	0.00	12.64
557.54	0.00	62.75
2644.91	0.11	53.30
2665.54	0.00	51.12
557.37	0.00	97.65
0.00	100.00	0.00
1956.52	0.00	12.45
0.00	100.00	0.00
1956.52	0.00	9.65
1956.52	0.00	59.45
1955.01	0.08	51.28
2250.00	0.00	9.92
2250.00	0.00	7.22
2250.00	0.00	7.67
2250.00	0.00	8.12
2250.00	0.00	4.06
2250.00	0.00	8.12
1876.04	0.00	22.64
1847.61	0.00	24.51
1279.12	0.00	27.88
709.98	0.09	36.56
2018.16	0.00	10.58
1847.61	0.00	16.80
1863.77	0.00	44.64
1871.23	0.00	19.31
930.06	0.20	60.30
1856.32	0.00	32.07
931.04	0.09	72.70
1861.80	0.11	18.83
1446.95	0.00	13.23
1443.89	0.21	9.09
1446.95	0.00	9.42
1446.95	0.00	11.87
1446.95	0.00	10.77
1446.95	0.00	11.22
2497.31	0.00	30.66
526.37	0.00	72.51
2493.11	0.00	32.71
2496.47	0.00	25.54
1971.78	0.00	46.17
2497.31	0.00	23.83
2496.53	0.00	8.31
2496.53	0.00	6.86
2493.89	0.11	5.51
2496.53	0.00	7.31
2496.53	0.00	3.25
2494.27	0.09	6.51
286.05	0.00	181.99
238.44	0.00	234.56
1847.78	0.00	23.28
1847.78	0.00	67.23
1562.95	0.00	76.11
1609.33	0.00	151.78
982.88	0.00	68.09
1957.96	0.00	17.85
1950.16	0.00	32.87
975.08	0.00	78.94
1948.39	0.09	34.15
1942.36	0.00	47.16
3169.01	0.00	7.03
3169.01	0.00	5.37
3164.57	0.14	6.04
3165.66	0.11	3.12
3165.66	0.11	3.12
3169.01	0.00	3.01
1767.40	0.00	50.53
374.45	0.00	83.93
2123.88	0.00	30.32
1762.54	0.11	36.92
2138.86	0.00	22.12
2131.67	0.20	22.26
1756.10	0.00	12.52
1756.10	0.00	9.70
1756.10	0.00	8.80
1756.10	0.00	9.25
1756.10	0.00	8.35
1753.29	0.16	5.20
3805.50	0.00	5.44
3805.50	0.00	6.34
3805.50	0.00	2.58
1900.08	0.14	4.83
3805.50	0.00	7.65
1900.74	0.11	7.19
2419.35	0.00	9.42
2419.35	0.00	3.81
2419.35	0.00	7.97
2419.35	0.00	6.51
2419.35	0.00	3.81
2414.24	0.21	7.18
2135.23	0.00	15.21
1067.62	0.00	9.96
1067.62	0.00	8.06
2133.29	0.09	11.42
2135.23	0.00	4.25
2132.97	0.11	8.62
1645.97	0.00	51.48
858.92	0.11	70.28
2084.66	0.00	28.09
859.83	0.00	68.19
1635.44	0.00	25.78
438.69	0.00	78.32
2368.92	0.00	47.50
2063.26	0.00	97.40
305.36	0.11	161.04
2368.92	0.00	36.33
305.70	0.00	108.68
2061.29	0.09	110.59
0.00	100.00	0.00
2288.04	0.00	44.83
2516.84	0.00	3.68
228.44	0.16	36.11
2516.84	0.00	3.68
2514.18	0.11	39.73
3598.79	0.00	18.70
3598.79	0.00	7.69
2841.47	0.00	30.30
3598.79	0.00	7.78
3598.79	0.00	7.88
757.32	0.00	41.50
1908.80	0.00	10.76
1907.07	0.09	7.61
1908.80	0.00	9.86
1906.78	0.11	8.97
1908.80	0.00	4.70
1908.80	0.00	4.70
1738.62	0.00	43.77
869.31	0.00	62.23
1729.24	0.14	33.66
868.39	0.11	86.97
1738.62	0.00	19.02
1731.67	0.00	34.52
894.18	0.00	64.13
1795.51	0.00	44.62
1788.35	0.00	35.10
1781.20	0.00	48.01
893.23	0.11	85.21
1777.44	0.21	51.65
0.00	100.00	0.00
232.85	0.11	35.87
2331.00	9.09	40.77
2331.00	0.00	7.55
2331.00	0.00	37.14
233.10	0.00	40.80
2762.84	0.23	8.69
2769.23	0.00	3.38
2769.23	0.00	6.77
1384.62	0.00	6.32
1384.62	0.00	9.68
2769.23	0.00	6.77
1265.08	0.00	35.52
4502.49	0.00	7.24
3237.41	0.00	22.03
2251.25	0.00	12.23
2241.28	0.00	11.03
4492.53	0.00	6.88
1859.46	0.11	7.28
1861.43	0.00	5.72
1861.43	0.00	4.81
1861.43	0.00	6.17
1861.43	0.00	5.26
1857.19	0.23	3.92
3260.28	0.00	27.39
3260.28	9.09	28.06
325.73	0.09	51.21
4564.39	0.00	2.19
0.00	100.00	0.00
3586.31	0.00	2.72
1384.62	0.00	9.47
1384.62	0.00	7.22
1384.62	0.00	9.92
2769.23	0.00	7.22
2769.23	0.00	7.22
1384.62	0.00	7.67
1894.74	0.00	11.95
1894.74	0.00	4.51
1894.74	0.00	4.51
947.37	0.00	10.83
947.37	0.00	12.18
1894.74	0.00	15.11
473.40	0.20	127.80
2238.14	0.00	15.68
1764.51	0.00	62.86
2223.05	0.00	39.40
2222.93	0.00	28.82
2222.90	0.00	40.82
1624.02	0.00	42.45
1340.91	0.00	87.82
1625.38	0.00	36.40
1624.92	0.00	56.88
282.81	0.11	103.32
1623.45	0.09	35.34
2493.07	0.00	8.67
2493.07	0.00	6.41
2493.07	0.00	6.87
2490.44	0.11	4.16
2493.07	0.00	3.71
2493.07	0.00	6.32
2571.43	0.00	9.47
2571.43	0.00	9.47
2571.43	0.00	3.61
2571.43	0.00	7.22
2571.43	0.00	7.22
2571.43	0.00	7.22
2838.71	0.00	8.58
2580.65	9.09	36.13
258.06	0.00	31.92
258.06	0.00	35.19
0.00	100.00	0.00
2580.65	0.00	33.27
18000.00	0.00	0.45
0.00	100.00	0.00
18000.00	0.00	0.45
0.00	100.00	0.00
0.00	100.00	0.00
0.00	100.00	0.00
2494.59	0.00	32.46
2494.45	0.00	44.17
434.43	0.00	84.87
2063.07	0.00	57.28
2060.29	0.00	57.34
433.83	0.11	91.76
1761.25	0.00	7.42
1761.25	0.00	8.32
1761.25	0.00	5.06
1759.39	0.11	4.26
1761.25	0.00	4.16
1761.25	0.00	4.16
1335.31	0.00	9.35
1335.31	0.00	6.98
2666.88	0.14	3.83
2670.62	0.00	6.98
2670.62	0.00	3.72
2670.62	0.00	7.21
2191.84	0.00	34.26
2191.84	0.00	35.79
465.00	0.00	83.90
2191.84	0.00	13.69
1729.81	0.00	55.05
2191.69	0.00	26.32
1253.48	0.00	5.92
1253.48	0.00	6.82
2506.96	0.00	3.69
2506.96	0.00	3.69
2504.69	0.09	7.20
2500.39	0.26	7.33
2050.11	0.00	9.33
2047.24	0.14	6.61
2048.25	0.09	6.88
1025.06	0.00	6.38
1023.62	0.14	5.94
2048.25	0.09	7.88
3000.00	0.00	7.22
3000.00	0.00	7.67
3000.00	0.00	5.86
3000.00	0.00	3.16
3000.00	0.00	3.16
2996.33	0.12	3.27
1580.92	0.00	61.65
572.80	0.00	79.28
2131.72	0.00	24.02
2134.47	0.00	38.54
2130.28	0.20	24.93
2135.39	0.00	13.10
3327.62	0.00	39.88
3327.62	0.00	16.15
2986.32	0.00	109.50
1690.06	0.00	29.42
341.30	0.00	138.04
1690.06	0.00	43.63
2571.43	0.00	5.86
2571.43	0.00	2.71
2571.43	0.00	3.16
2571.43	0.00	4.96
2571.43	0.00	4.06
2571.43	0.00	3.61
1443.89	0.21	17.15
1446.95	0.00	15.71
1446.95	0.00	10.50
1446.95	0.00	10.72
723.47	0.00	9.77
723.47	0.00	17.84
1243.09	0.00	8.44
1243.09	0.00	8.90
2486.19	0.00	6.31
2482.70	0.14	3.60
1243.09	0.00	5.63
1243.09	0.00	11.26
2233.77	0.00	17.57
1688.31	0.00	23.25
2259.74	0.00	8.04
2207.79	0.00	19.50
649.35	0.00	27.07
2207.79	0.00	13.27
2503.08	0.00	29.23
531.10	0.00	110.62
1039.63	0.00	78.99
2500.09	0.11	36.93
1379.10	0.00	65.69
1990.14	0.00	50.19
885.83	0.00	53.68
2444.88	0.00	25.17
1594.49	0.00	26.82
1807.09	0.00	25.87
885.83	0.00	53.23
1807.09	0.00	13.27
854.09	0.00	138.58
1701.34	0.00	78.35
854.25	0.14	107.62
1702.71	0.00	73.79
1704.07	0.00	47.12
1704.82	0.20	49.10
2449.72	0.00	55.66
426.01	0.00	126.76
2443.70	0.25	49.28
2875.73	0.00	12.02
2875.05	0.00	24.62
2875.73	0.00	12.08
1403.68	0.21	100.06
1405.53	0.00	118.21
1405.53	0.00	80.84
702.60	0.26	137.09
703.33	0.00	159.64
1406.65	0.00	58.28
1132.30	0.00	54.60
2246.63	0.00	30.22
2246.63	0.00	31.35
2255.62	0.00	16.40
1123.32	0.00	72.18
2237.64	0.00	27.17
1617.38	0.20	49.60
2035.21	0.00	32.86
435.38	0.00	42.63
431.92	0.00	68.19
2036.51	0.11	24.33
1606.74	0.00	43.00
2593.66	0.00	39.40
2849.02	0.14	8.55
2853.03	0.00	35.09
0.00	100.00	0.00
2853.03	0.00	3.30
259.37	0.00	32.21
1683.03	0.14	8.19
1685.39	0.00	4.72
1685.39	0.00	5.62
1685.39	0.00	6.52
1683.61	0.11	7.08
1683.61	0.11	5.37
1341.28	0.00	9.21
1341.28	0.00	6.41
2682.56	0.00	8.58
2682.56	0.00	3.70
2682.56	0.00	7.41
2680.13	0.09	7.24
2076.12	0.00	6.48
2073.21	0.14	2.57
2072.05	0.20	4.24
2076.12	0.00	5.13
2076.12	0.00	6.03
2076.12	0.00	3.01
1905.05	0.20	11.43
1908.80	0.00	9.61
1908.80	0.00	8.06
1908.80	0.00	9.86
1908.80	0.00	4.70
1908.80	0.00	4.70
2271.08	0.00	35.62
2868.49	0.11	17.51
2876.37	0.00	19.05
605.30	0.00	49.55
2868.49	0.11	9.00
2852.16	0.00	16.37
1090.63	0.11	68.57
606.02	0.00	70.37
601.21	0.00	108.00
1693.00	0.00	18.29
1579.03	0.21	49.65
1688.19	0.00	34.48
2000.00	0.00	12.18
2000.00	0.00	9.47
2000.00	0.00	9.02
2000.00	0.00	9.02
2000.00	0.00	16.24
2000.00	0.00	9.02
2180.25	0.00	42.02
2177.19	0.14	36.34
2180.25	0.00	38.10
1094.47	0.00	59.79
1085.78	0.00	92.37
2188.94	0.00	19.00
2338.23	0.11	3.57
2340.70	0.00	10.05
2337.84	0.12	3.58
2340.70	0.00	6.49
2334.56	0.26	7.62
2340.70	0.00	3.47
1904.76	0.11	10.98
1904.76	0.11	7.62
1906.78	0.00	7.16
1906.78	0.00	7.61
1906.78	0.00	7.97
1906.78	0.00	8.42
1101.47	0.14	41.38
2121.19	0.00	23.39
1059.63	0.09	34.49
7625.57	0.14	5.41
1060.60	0.00	53.69
1059.78	0.08	46.63
1695.33	0.00	94.03
847.80	0.00	147.78
1694.52	0.00	54.09
846.61	0.14	131.76
1699.67	0.00	33.40
1694.25	0.00	75.76
1863.35	0.00	10.51
1863.35	0.00	4.81
1859.95	0.18	12.64
1860.74	0.14	4.92
1863.35	0.00	9.62
1863.35	0.00	4.81
3000.00	0.00	3.16
3000.00	0.00	5.86
3000.00	0.00	4.51
3000.00	0.00	3.16
3000.00	0.00	3.16
3000.00	0.00	3.16
2261.31	0.00	36.31
2216.08	0.00	34.29
1130.65	0.00	56.39
1130.65	0.00	49.62
2261.31	0.00	15.34
2261.31	0.00	15.56
1684.61	0.14	11.01
1686.97	0.00	11.10
1685.44	0.09	8.75
1686.97	0.00	4.81
1685.19	0.11	8.19
1686.97	0.00	4.81
988.47	0.12	61.87
988.63	0.11	49.61
1906.04	0.00	16.16
915.53	0.09	54.39
1906.04	0.00	16.37
916.37	0.00	69.25
2250.00	0.00	6.77
2250.00	0.00	4.51
2250.00	0.00	5.41
2250.00	0.00	4.06
2250.00	0.00	3.61
2250.00	0.00	4.06
936.29	0.08	95.90
1874.03	0.00	44.93
1872.53	0.00	71.06
1874.03	0.00	45.61
1874.03	0.00	45.83
937.02	0.00	110.07
1587.31	0.11	66.03
334.83	0.00	115.32
1922.75	0.00	42.55
1922.75	0.00	43.03
1921.47	0.12	15.87
1924.89	0.00	33.80
405.53	0.00	117.51
1507.59	0.00	77.25
1910.26	0.00	31.44
1910.52	0.00	16.49
1908.53	0.09	32.05
1910.26	0.00	32.03
1985.88	0.00	43.97
0.00	100.00	0.00
2184.47	0.00	8.34
2184.47	0.00	50.69
198.59	0.00	41.34
2181.40	0.14	4.28
1762.59	0.00	41.15
373.94	0.00	101.95
1762.59	0.00	37.99
1391.05	0.00	68.39
1762.47	0.00	31.68
1762.47	0.00	48.24
18000.00	0.00	0.45
0.00	100.00	0.00
0.00	100.00	0.00
0.00	100.00	0.00
0.00	100.00	0.00
0.00	100.00	0.00
1350.07	0.00	45.55
1328.81	0.00	38.63
1328.81	0.00	44.26
1328.81	0.00	58.90
1328.81	0.00	64.98
2664.51	0.14	15.52
3272.73	0.00	30.43
1636.36	0.00	47.44
1649.35	0.00	59.05
1623.38	0.00	60.45
3259.74	0.00	25.39
1675.32	0.00	54.20
2267.00	0.00	6.50
2267.00	0.00	5.40
2267.00	0.00	2.92
2260.20	0.30	4.51
2267.00	0.00	3.48
2261.84	0.23	6.06
2350.45	0.11	6.46
2352.94	0.00	3.00
2350.45	0.11	3.10
2352.94	0.00	4.35
2350.81	0.09	3.10
2352.94	0.00	5.45
2897.88	0.00	11.39
2897.48	0.00	27.18
614.71	0.00	64.96
2897.48	0.00	10.81
2897.29	0.00	20.67
2286.71	0.00	41.47
605.16	0.14	59.41
2603.62	0.00	23.40
1099.81	0.00	48.55
1010.03	0.00	51.57
2601.61	0.08	9.61
2603.62	0.00	9.49
2423.45	0.00	86.11
421.49	0.00	113.29
2844.38	0.00	28.34
421.08	0.09	93.80
2844.92	0.00	34.59
2422.91	0.00	67.61
2976.22	0.00	22.83
2348.85	0.00	31.37
631.85	0.09	42.83
2976.22	0.00	9.27
2976.22	0.00	9.36
2975.21	0.00	17.56
1861.38	0.11	11.18
1863.35	0.00	8.71
1863.35	0.00	8.71
1863.35	0.00	4.81
1861.92	0.08	8.82
1857.73	0.30	11.19
3016.94	0.11	7.62
1510.07	0.00	4.93
3020.13	0.00	6.05
3015.90	0.14	3.25
3020.13	0.00	3.14
1510.07	0.00	5.83
1945.02	0.00	47.81
1946.96	0.14	43.30
974.85	0.00	82.46
1945.02	0.00	45.57
1941.90	0.00	53.62
974.85	0.00	96.08
1046.51	0.00	15.97
2093.02	0.00	8.89
2093.02	0.00	8.89
2093.02	0.00	4.33
2093.02	0.00	4.33
1045.70	0.08	12.82
2799.38	0.00	6.70
2796.42	0.11	7.36
2799.38	0.00	3.35
2799.38	0.00	3.35
2799.38	0.00	6.25
2796.84	0.09	3.45
2250.00	0.00	9.92
2246.40	0.16	4.18
2247.62	0.11	4.16
2250.00	0.00	4.06
2250.00	0.00	6.77
2250.00	0.00	9.47
2463.33	0.00	16.80
1223.35	0.28	53.11
1217.06	0.00	69.43
2434.12	0.00	29.10
2453.59	0.00	16.19
2453.59	0.00	15.97
2073.73	0.00	6.73
2073.73	0.00	4.72
2071.54	0.11	4.82
2068.63	0.25	3.83
2070.82	0.14	4.03
2073.73	0.00	6.28
2389.80	0.00	45.56
1204.46	0.00	64.89
2399.36	0.00	35.94
2408.92	0.00	16.56
2389.80	0.00	43.98
1194.90	0.00	70.37
1472.04	0.09	53.21
1473.37	0.00	41.05
1473.37	0.00	50.63
312.66	0.00	131.15
1162.72	0.00	98.72
1473.17	0.00	55.63
2671.22	4.76	32.83
2938.34	0.00	3.21
266.80	0.12	30.99
1467.84	0.09	11.98
2938.34	0.00	6.43
1469.17	0.00	5.98
1800.00	0.00	7.22
3600.00	0.00	2.93
1800.00	0.00	8.12
3600.00	0.00	2.93
1800.00	0.00	5.41
1800.00	0.00	6.77
2483.71	0.00	34.32
2051.90	0.00	60.53
2483.71	0.00	26.78
2483.71	0.00	27.02
431.16	0.18	93.66
2483.85	0.00	14.14
1947.63	0.00	58.52
1947.63	0.00	33.77
981.61	0.00	70.33
1955.42	0.00	18.75
1945.86	0.09	35.05
973.82	0.00	79.20
767.08	0.00	105.58
1534.15	0.00	41.57
1538.66	0.11	23.31
767.08	0.00	93.36
1528.01	0.00	37.84
1528.01	0.00	38.52
3522.50	0.00	3.93
1759.39	0.11	1.45
1761.25	0.00	3.71
3522.50	0.00	2.31
3522.50	0.00	2.31
3522.50	0.00	2.53
379.75	0.00	24.20
2088.61	0.00	6.73
4177.22	0.00	2.39
2088.61	0.00	4.34
3792.14	4.90	24.83
4177.22	0.00	4.79
0.00	100.00	0.00
1032.11	0.00	12.48
2064.22	0.00	8.87
2062.04	0.11	11.81
2064.22	0.00	8.77
2064.22	0.00	48.11
2571.43	0.00	19.38
1288.57	0.00	28.69
2565.73	0.00	19.42
1282.86	0.00	26.31
1853.03	0.00	34.53
718.40	0.00	36.25
919.18	0.14	73.38
1826.33	0.00	35.66
912.20	0.11	85.39
1831.69	0.11	20.36
1826.33	0.00	36.84
1819.02	0.00	33.59
1952.28	0.00	6.87
1952.28	0.00	4.06
1952.28	0.00	2.71
1950.21	0.11	5.07
1952.28	0.00	5.51
1952.28	0.00	5.96
866.22	0.00	12.73
1732.44	0.00	9.73
1730.32	0.12	9.84
1730.86	0.09	10.11
866.22	0.00	13.64
1728.43	0.23	10.46
1926.13	0.23	62.81
964.52	0.00	119.94
1930.59	0.00	61.34
1923.92	0.27	46.56
964.52	0.00	131.92
965.04	0.11	64.99
2071.35	0.00	6.83
2071.35	0.00	4.26
2068.44	0.14	5.28
2071.35	0.00	3.36
2066.44	0.24	6.39
2071.35	0.00	3.81
1800.00	0.00	11.28
1800.00	0.00	7.67
1800.00	0.00	4.51
1800.00	0.00	10.38
1800.00	0.00	11.28
1800.00	0.00	7.67
1360.13	0.11	7.52
1361.57	0.00	6.16
2723.15	0.00	6.41
1361.57	0.00	8.67
2723.15	0.00	6.64
2723.15	0.00	3.43
2828.57	0.00	40.48
2314.29	0.00	38.14
0.00	100.00	0.00
257.14	0.00	29.32
2828.57	0.00	3.32
257.14	0.00	35.64
1225.64	0.00	86.85
1001.23	0.00	97.66
1329.22	0.00	32.83
1310.57	0.11	41.24
1329.22	0.00	22.29
431.56	0.00	131.45
3000.00	0.00	4.96
3000.00	0.00	2.71
3000.00	0.00	4.06
3000.00	0.00	2.71
3000.00	0.00	2.71
3000.00	0.00	2.71
2350.45	0.11	5.81
2350.81	0.09	4.36
2352.94	0.00	2.91
2350.45	0.11	6.36
2352.94	0.00	4.80
2352.94	0.00	3.90
4534.00	0.00	4.39
2267.00	0.00	3.93
4526.75	0.16	2.31
4534.00	0.00	2.19
2267.00	0.00	2.82
4522.11	0.26	4.28
2000.00	0.00	10.38
2000.00	0.00	7.22
2000.00	0.00	4.06
2000.00	0.00	4.06
2000.00	0.00	9.92
2000.00	0.00	4.51
3272.73	0.00	7.22
1636.36	0.00	6.77
3272.73	0.00	8.12
1636.36	0.00	8.12
3272.73	0.00	6.09
3272.73	0.00	6.77
1828.80	0.00	39.22
387.57	0.11	99.04
1841.09	0.00	32.16
1827.27	0.08	30.77
1441.77	0.11	64.55
1827.02	0.09	46.94
3600.00	0.00	4.51
3600.00	0.00	4.06
3600.00	0.00	4.51
3600.00	0.00	3.61
3600.00	0.00	2.71
3600.00	0.00	3.61
2247.75	0.00	33.61
1123.88	0.00	49.62
2256.74	0.00	15.05
2238.76	0.00	41.21
1123.88	0.00	60.45
2247.75	0.00	15.34
1563.60	0.00	59.97
1569.80	0.00	27.19
788.00	0.00	77.70
775.59	0.00	133.53
1551.19	0.00	84.13
800.41	0.00	127.20
2193.43	0.08	10.20
2195.12	0.00	7.40
2192.44	0.12	7.51
2195.12	0.00	7.85
2195.12	0.00	8.30
2195.12	0.00	4.15
1166.76	0.08	65.96
1158.40	0.00	65.68
1175.69	0.11	71.35
1158.40	0.00	84.94
2335.33	0.00	17.97
2326.06	0.00	34.02
2571.43	0.00	8.12
2571.43	0.00	9.47
2571.43	0.00	3.61
2571.43	0.00	7.22
2571.43	0.00	3.61
2571.43	0.00	10.38
1395.67	0.00	57.84
1752.08	0.00	50.32
1764.06	0.00	36.47
1770.05	0.00	13.83
374.38	0.00	74.88
1755.07	0.00	24.54
2422.58	0.00	33.19
2422.58	0.00	33.47
1929.26	0.00	53.00
1910.26	0.14	26.92
2418.36	0.14	25.57
509.63	0.00	97.11
1165.80	0.00	11.12
1165.80	0.00	10.67
2329.14	0.11	7.97
2331.61	0.00	11.80
2331.61	0.00	13.20
2331.61	0.00	3.93
222.86	0.00	127.70
222.50	0.00	146.82
2333.44	0.00	34.49
1888.43	0.00	112.50
2333.08	0.00	25.94
2333.08	0.00	26.07
0.00	100.00	0.00
176.18	0.00	51.26
1937.95	0.00	52.66
1761.77	0.00	14.33
1932.86	0.26	9.52
1761.77	0.00	51.96
1952.28	0.00	10.67
1952.28	0.00	8.77
1950.21	0.11	4.71
1952.28	0.00	9.77
1952.28	0.00	4.61
1952.28	0.00	8.32
2127.59	0.20	39.80
1065.89	0.00	53.23
2131.77	0.00	15.89
1065.89	0.00	74.44
2131.77	0.00	16.34
2131.77	0.00	16.11
2077.54	0.09	29.23
1356.15	0.00	25.49
753.42	0.00	43.45
2079.43	0.00	17.93
2199.97	0.00	10.76
2079.43	0.00	17.93
2181.82	0.00	6.54
2181.82	0.00	4.17
2181.82	0.00	4.62
2178.33	0.16	3.84
2181.82	0.00	3.72
2181.82	0.00	6.09
645.80	0.26	96.22
1921.95	0.00	72.07
1295.00	0.00	26.97
642.36	0.00	127.86
1927.08	0.00	35.38
642.36	0.00	120.21
268.66	0.00	33.83
2686.57	9.09	64.55
2955.22	0.00	33.87
0.00	100.00	0.00
268.66	0.00	31.13
2955.22	0.00	3.20
2135.23	0.00	8.51
2135.23	0.00	4.25
2135.23	0.00	4.25
2132.97	0.11	7.71
2135.23	0.00	10.06
2133.29	0.09	7.81
2188.95	0.00	31.90
1094.48	0.00	49.81
1094.48	0.00	62.39
2180.19	0.00	27.27
2177.89	0.11	28.30
2195.02	0.12	16.49
1278.44	0.00	45.66
1861.09	0.00	36.16
2545.57	0.00	20.05
2551.23	0.00	11.00
707.10	0.00	68.12
707.10	0.00	48.27
1174.88	0.00	80.32
2312.76	0.00	44.12
2331.26	0.00	43.97
1156.38	0.00	80.77
2322.01	0.00	33.35
2328.41	0.12	18.83
832.67	0.00	159.52
831.14	0.18	148.50
832.67	0.00	134.34
829.13	0.11	164.17
830.01	0.00	184.47
830.01	0.00	177.71
1285.71	0.00	18.95
1285.71	0.00	11.73
1285.71	0.00	15.34
1285.71	0.00	6.77
1285.71	0.00	17.59
1285.71	0.00	14.89
2875.28	0.00	23.68
2875.28	0.00	19.10
2266.88	0.00	33.09
2875.28	0.00	20.35
608.73	0.11	45.10
2891.72	0.11	10.65
2945.99	0.00	11.02
2945.99	0.00	6.41
1473.00	0.00	37.23
2945.99	0.00	3.21
1473.00	0.00	33.07
1471.44	0.11	6.07
1952.28	0.00	7.42
1952.28	0.00	3.71
1952.28	0.00	4.61
1952.28	0.00	5.51
1950.21	0.11	4.26
1952.28	0.00	4.16
1954.40	0.00	10.75
1954.40	0.00	7.05
1954.40	0.00	9.30
1954.40	0.00	4.15
1952.89	0.08	4.25
1952.62	0.09	4.70
493.12	0.09	54.34
1626.94	0.00	37.80
1188.22	0.00	41.24
2467.83	0.00	15.83
457.01	0.00	30.15
1261.34	0.00	40.71
950.88	0.00	92.68
1894.16	0.00	45.83
1901.77	0.00	34.09
958.49	0.00	67.24
1907.36	0.11	20.11
1899.76	0.11	35.62
1000.00	0.00	53.68
2000.00	0.00	16.69
2000.00	0.00	13.98
1998.46	0.08	10.83
1000.00	0.00	9.02
1000.00	0.00	60.00
1207.67	0.00	46.09
1198.08	0.00	62.70
2386.58	0.00	37.14
1207.67	0.00	29.54
2396.17	0.00	14.21
1198.08	0.00	40.60
0.00	100.00	0.00
2132.70	0.00	93.98
2130.45	0.11	4.36
2128.51	0.20	9.54
2132.70	0.00	8.52
0.00	100.00	0.00
18000.00	0.00	0.45
0.00	100.00	0.00
0.00	100.00	0.00
0.00	100.00	0.00
0.00	100.00	0.00
0.00	100.00	0.00
1949.36	0.00	40.62
1949.36	0.00	41.49
1947.29	0.11	23.98
1949.36	0.00	28.09
550.15	0.00	45.92
1407.87	0.00	45.76
2482.31	0.14	30.26
2483.54	0.09	24.28
527.29	0.00	76.00
523.94	0.00	52.44
1962.69	0.00	48.92
1962.69	0.00	48.08
1636.36	0.00	17.14
1636.36	0.00	10.38
1636.36	0.00	5.41
1636.36	0.00	13.98
1636.36	0.00	5.41
1636.36	0.00	10.83
925.93	0.00	16.98
925.93	0.00	14.74
1851.85	0.00	9.90
1851.85	0.00	4.84
923.91	0.22	14.86
1851.85	0.00	14.96
2192.45	0.00	3.70
2192.45	0.00	9.76
2190.13	0.11	3.81
2192.45	0.00	8.86
2192.45	0.00	6.96
2190.46	0.09	6.61
1017.32	0.00	84.27
2042.77	0.00	40.78
2042.77	0.00	36.20
1017.32	0.00	59.60
1015.46	0.18	57.91
1017.32	0.00	82.18
1360.13	0.11	16.55
1361.57	0.00	18.34
1361.57	0.00	12.38
1361.57	0.00	15.18
1361.57	0.00	18.34
1361.57	0.00	17.89
2158.45	0.11	37.25
391.44	0.00	90.81
1769.30	0.00	52.41
391.08	0.09	66.41
2552.17	0.00	9.61
2549.04	0.00	18.47
2137.77	0.00	7.50
2137.77	0.00	4.25
2137.77	0.00	4.25
2137.77	0.00	4.25
2133.86	0.18	4.71
2137.77	0.00	4.25
2571.43	0.00	5.86
2571.43	0.00	3.16
2571.43	0.00	3.16
2571.43	0.00	3.16
2571.43	0.00	5.41
2571.43	0.00	3.61
4501.53	0.00	17.67
4471.02	0.00	16.45
4495.42	0.00	14.35
956.44	0.00	46.76
4496.95	0.00	7.65
3546.61	0.00	28.38
1004.46	0.00	57.04
2008.93	0.00	11.90
1004.46	0.00	64.67
2007.11	0.09	9.09
2005.71	0.16	4.61
1004.46	0.00	12.80
2168.44	0.00	14.98
197.13	0.00	42.09
2168.44	0.00	45.88
2166.47	0.09	8.49
1971.31	0.00	43.49
0.00	100.00	0.00
1132.14	0.25	10.85
1134.93	0.00	7.81
2269.86	0.00	4.30
2263.05	0.30	8.35
2267.80	0.09	8.48
2269.86	0.00	8.38
2523.92	0.00	8.21
478.99	0.00	39.37
2468.66	0.00	14.55
2468.66	0.00	14.80
460.57	0.00	30.71
1564.02	0.12	30.09
2250.00	0.00	7.89
2250.00	0.00	5.86
1125.00	0.00	5.41
2250.00	0.00	7.89
1125.00	0.00	9.02
2250.00	0.00	4.06
1952.62	0.09	6.96
1954.40	0.00	7.41
1954.40	0.00	4.61
1954.40	0.00	5.51
1954.40	0.00	4.15
1954.40	0.00	3.25
1906.78	0.11	10.52
1908.80	0.00	7.25
1907.07	0.09	7.71
1908.80	0.00	9.96
1908.80	0.00	8.06
1908.80	0.00	4.70
4500.00	0.00	4.06
4500.00	0.00	2.26
4500.00	0.00	2.26
4500.00	0.00	2.26
4500.00	0.00	4.51
4500.00	0.00	2.26
1267.17	0.00	74.46
1275.26	0.00	57.18
1265.14	0.00	88.05
2530.28	0.00	33.90
1271.89	0.11	35.85
2528.26	0.00	48.00
470.59	0.00	119.31
2704.47	0.00	70.55
470.44	0.00	117.15
4116.15	0.00	23.09
2705.07	0.00	66.29
3172.15	0.11	14.60
2434.88	0.00	37.48
2435.71	0.00	29.60
1923.70	0.11	44.49
2438.99	0.00	12.26
513.26	0.00	68.70
2434.88	0.00	22.10
1569.71	0.00	45.66
1571.54	0.11	29.24
1570.12	0.20	37.77
1136.20	0.00	54.30
1573.21	0.00	29.75
440.50	0.00	55.28
2893.89	0.00	7.06
2890.83	0.11	2.91
2893.89	0.00	6.61
2893.89	0.00	2.81
2893.89	0.00	6.06
2893.89	0.00	3.26
468.64	0.12	57.77
1704.55	0.00	51.76
2181.09	0.00	12.45
2181.09	0.00	32.41
2177.42	0.00	23.73
2175.45	0.09	24.29
2548.37	0.00	9.19
2548.37	0.00	7.65
2548.37	0.00	7.27
1697.12	0.11	9.57
2544.80	0.14	3.75
1694.46	0.26	8.45
2000.00	0.00	11.73
2000.00	0.00	12.18
2000.00	0.00	9.02
2000.00	0.00	9.02
2000.00	0.00	9.02
2000.00	0.00	9.02
1045.90	0.00	12.37
2091.81	0.00	8.67
1045.90	0.00	17.33
2091.81	0.00	13.00
1044.95	0.09	8.32
2091.81	0.00	18.73
2571.43	0.00	7.67
2571.43	0.00	3.16
2571.43	0.00	3.16
2571.43	0.00	3.16
2571.43	0.00	7.67
2571.43	0.00	5.41
2578.80	0.00	28.15
857.31	0.00	75.66
2578.80	0.00	14.77
857.31	0.00	96.32
2578.80	0.00	15.07
855.06	0.26	91.81
465.16	0.00	91.09
2191.71	0.00	26.03
2191.71	0.00	26.32
2191.71	0.00	26.42
1729.82	0.00	51.78
2191.71	0.00	39.05
2181.82	0.00	9.46
2181.82	0.00	6.64
2181.82	0.00	10.36
2178.33	0.16	4.29
2179.84	0.09	6.74
2181.82	0.00	10.36
1906.78	0.00	7.07
1906.78	0.00	4.71
1904.45	0.12	5.72
1906.78	0.00	6.62
1906.78	0.00	7.07
1905.05	0.09	4.81
1311.16	0.00	63.23
2258.53	0.00	12.77
477.47	0.00	71.60
1781.05	0.00	51.83
2254.74	0.00	27.67
928.42	0.00	74.34
1762.98	0.00	15.98
1762.98	0.00	5.06
1762.98	0.00	5.06
1762.98	0.00	14.08
1761.38	0.09	13.28
1762.98	0.00	10.11
1688.36	0.00	52.79
1688.36	0.00	53.17
1690.64	0.00	31.76
1688.85	0.11	32.36
1333.90	0.11	60.94
355.57	0.09	96.80
2944.72	0.00	28.70
314.94	0.00	171.57
2621.09	0.00	72.00
271.50	0.00	110.78
2358.36	8.43	86.27
2941.61	0.11	11.73
1574.80	0.00	12.11
1573.14	0.11	13.58
1573.37	0.09	8.96
1574.80	0.00	5.16
1574.80	0.00	9.31
1574.80	0.00	12.11
2017.60	0.00	34.97
2559.96	0.00	9.33
2555.62	0.00	17.74
541.79	0.11	41.74
2585.99	0.00	9.71
2538.27	0.00	16.68
1797.20	0.00	32.96
1297.98	0.00	51.01
1797.20	0.00	25.94
1797.20	0.00	26.31
1801.20	0.00	14.38
499.22	0.00	64.06
1500.00	0.00	12.63
1500.00	0.00	9.02
1500.00	0.00	10.38
1500.00	0.00	10.83
1500.00	0.00	9.92
1500.00	0.00	11.28
1800.00	0.00	7.67
1800.00	0.00	4.51
1800.00	0.00	4.96
1800.00	0.00	4.06
1800.00	0.00	6.32
1800.00	0.00	7.22
2505.56	0.00	27.97
1904.21	0.09	39.31
2514.12	0.00	9.49
2514.12	0.00	9.58
535.38	0.00	41.40
2506.32	0.14	9.37
2803.74	0.00	6.24
2803.74	0.00	3.35
2803.74	0.00	3.35
2803.74	0.00	5.70
2801.19	0.09	3.45
2801.19	0.09	3.45
1533.58	0.00	56.35
1949.13	0.00	12.70
1134.61	0.28	30.77
1942.53	0.00	35.17
412.25	0.00	70.85
808.01	0.00	39.24
1212.58	0.08	56.51
978.64	0.00	47.55
978.64	0.00	61.93
1017.79	0.00	62.00
1213.52	0.00	48.58
1953.15	0.21	30.37
2187.12	0.00	10.33
2187.12	0.00	11.34
2184.81	0.11	8.44
2187.12	0.00	4.16
2184.45	0.12	4.27
2187.12	0.00	7.52
2555.51	0.00	28.04
2017.74	0.00	56.99
538.15	0.09	70.94
2555.51	0.00	11.80
2551.21	0.00	31.17
2552.93	0.00	11.71
199.07	0.00	45.40
2189.78	0.00	49.56
0.00	100.00	0.00
2189.78	0.00	12.58
1990.71	0.00	50.64
2187.47	0.11	4.26
2072.15	0.00	71.60
2508.95	0.00	26.78
436.93	0.00	73.51
2508.95	0.00	29.45
2508.81	0.00	39.90
2508.95	0.00	13.43
1678.39	0.27	38.71
1680.03	0.00	41.75
1327.10	0.12	53.75
1682.86	0.00	32.07
1668.69	0.00	39.17
356.97	0.00	70.47
1902.75	0.00	10.56
1902.75	0.00	7.19
1898.07	0.25	8.66
1902.75	0.00	9.45
1902.75	0.00	4.27
1900.08	0.14	4.83
1798.57	0.00	50.32
1798.57	0.00	39.99
1805.73	0.00	21.93
895.70	0.00	78.49
895.70	0.00	93.83
1784.24	0.00	51.41
1263.16	0.00	11.50
2522.27	0.16	3.78
1263.16	0.00	6.88
2526.32	0.00	3.67
2526.32	0.00	11.67
1263.16	0.00	6.88
18000.00	0.00	0.45
0.00	100.00	0.00
0.00	100.00	0.00
0.00	100.00	0.00
0.00	100.00	0.00
0.00	100.00	0.00
593.13	0.00	60.07
2202.93	0.00	37.45
2773.64	0.09	26.09
2794.16	0.00	20.72
592.18	0.00	47.81
2199.83	0.14	36.19
2486.19	0.00	8.68
2486.19	0.00	6.42
2486.19	0.00	6.87
2486.19	0.00	6.87
2486.19	0.00	7.33
2482.70	0.14	4.17
3000.53	0.00	51.31
3000.85	0.00	40.47
1961.60	0.00	70.43
3000.53	0.00	31.15
3001.17	0.00	17.15
1000.82	0.00	98.79
724.18	0.00	55.39
2566.00	0.00	18.89
2568.99	0.11	10.26
1853.22	0.00	35.45
2566.00	0.00	19.31
2571.71	0.00	10.46
2889.25	0.00	5.41
2889.25	0.00	2.71
2889.25	0.00	2.71
2889.25	0.00	4.51
2889.25	0.00	4.96
2885.71	0.12	5.52
2186.94	0.00	32.59
1723.61	0.00	53.98
2184.27	0.12	33.14
2183.23	0.00	33.96
464.08	0.00	60.10
2184.72	0.00	12.94
862.37	0.00	49.53
718.64	0.00	59.99
1437.29	0.00	28.64
1293.56	0.00	37.31
718.64	0.00	42.55
1981.36	0.11	31.37
0.00	100.00	0.00
2213.53	0.00	8.24
2012.30	9.09	49.95
2213.53	0.00	4.12
2213.53	0.00	4.12
200.77	0.23	45.17
1956.52	0.00	7.85
1956.52	0.00	4.15
1956.52	0.00	6.50
1956.52	0.00	6.95
1955.01	0.08	9.30
1956.52	0.00	6.04
2219.48	0.00	13.51
1109.74	0.00	7.77
2219.48	0.00	11.65
2219.48	0.00	4.11
1108.57	0.11	7.88
2219.48	0.00	8.22
2186.07	0.00	45.74
1097.43	0.00	62.21
1095.67	0.16	53.00
2186.07	0.00	27.42
2194.85	0.00	15.26
2193.16	0.08	16.07
1277.45	0.00	62.75
2524.73	0.00	30.18
1256.00	0.11	74.07
5094.36	0.11	10.05
2524.73	0.00	32.87
5079.63	0.00	9.19
1419.65	0.00	101.83
709.83	0.00	117.27
1417.55	0.23	77.00
1418.15	0.11	59.66
709.83	0.00	159.42
1419.65	0.00	59.09
2571.43	0.00	7.67
2571.43	0.00	6.32
2571.43	0.00	3.61
2571.43	0.00	7.22
2571.43	0.00	3.61
2571.43	0.00	6.32
4000.00	0.00	2.48
2000.00	0.00	6.77
2000.00	0.00	9.92
1997.19	0.14	4.17
4000.00	0.00	4.74
1997.89	0.11	6.31
1800.00	0.00	7.67
1800.00	0.00	4.51
1800.00	0.00	5.41
1800.00	0.00	6.32
1800.00	0.00	4.51
1800.00	0.00	7.22
1936.07	0.00	210.74
2422.71	0.11	52.73
2425.28	0.00	59.57
489.47	0.00	120.02
248.75	0.00	181.54
2425.28	0.00	20.56
1604.28	0.00	14.28
1602.58	0.11	14.30
1604.28	0.00	5.51
1604.28	0.00	11.02
1604.28	0.00	13.28
1604.28	0.00	11.02
2777.78	0.00	4.73
2777.78	0.00	5.63
2777.78	0.00	2.71
2769.94	0.28	4.29
2777.78	0.00	2.71
2777.78	0.00	2.71
18000.00	0.00	0.45
0.00	100.00	0.00
0.00	100.00	0.00
0.00	100.00	0.00
0.00	100.00	0.00
0.00	100.00	0.00
1912.81	0.11	37.53
533.08	0.00	55.96
1914.84	0.00	21.93
1383.09	0.21	46.71
1927.63	0.00	12.82
1914.84	0.00	22.28
2973.42	0.00	36.08
7788.83	0.00	9.39
3603.23	0.00	16.51
630.82	0.00	43.76
1841.99	0.00	22.25
1741.06	0.00	21.74
3000.00	0.00	6.32
2454.55	18.18	33.38
272.73	0.00	33.38
0.00	100.00	0.00
272.73	0.00	33.38
3000.00	0.00	6.32
1954.40	0.00	6.41
1952.62	0.09	7.41
1954.40	0.00	4.61
1954.40	0.00	3.70
1954.40	0.00	3.70
1954.40	0.00	5.96
2124.67	0.14	6.29
2127.66	0.00	4.72
2127.66	0.00	7.18
2125.41	0.11	3.92
2127.66	0.00	3.82
2127.66	0.00	6.73
1906.78	0.00	11.32
1906.78	0.00	11.77
1906.78	0.00	14.58
1904.76	0.11	8.98
1904.76	0.11	9.53
1906.78	0.00	4.71
1638.14	0.00	53.24
815.81	0.00	89.77
815.81	0.00	99.69
1631.62	0.00	40.15
1638.14	0.00	22.24
1631.62	0.00	41.05
1636.36	0.00	12.63
1632.58	0.23	8.34
1636.36	0.00	8.12
1636.36	0.00	8.12
1636.36	0.00	8.57
1636.36	0.00	11.73
2258.21	0.00	35.42
609.73	0.14	43.12
605.74	0.00	50.63
2270.68	0.09	35.42
609.94	0.11	33.30
2253.36	0.00	33.52
2137.77	0.00	4.30
2137.77	0.00	45.06
2133.86	0.18	13.06
1068.88	0.00	8.05
0.00	100.00	0.00
0.00	100.00	0.00
1892.35	0.00	40.91
1854.50	0.00	39.08
1854.50	0.00	40.46
946.17	0.00	62.52
1892.35	0.00	17.55
945.44	0.08	54.04
1210.81	0.00	75.04
2393.01	0.00	52.57
1210.81	0.00	44.84
2393.01	0.00	31.90
2393.01	0.00	31.23
1191.74	0.00	80.30
2819.99	0.00	18.98
1410.00	0.00	24.67
2816.54	0.12	21.77
3947.99	0.00	6.84
1410.00	0.00	23.66
1410.00	0.00	25.23
2000.00	0.00	6.77
2000.00	0.00	7.67
2000.00	0.00	3.61
2000.00	0.00	3.61
2000.00	0.00	3.61
2000.00	0.00	6.32
697.46	0.14	96.16
1363.62	0.00	61.40
1369.16	0.00	46.61
1369.16	0.00	47.29
692.90	0.00	108.10
1358.08	0.00	74.37
2189.78	0.00	14.73
1094.89	0.00	11.93
0.00	100.00	0.00
2187.47	0.11	49.26
2189.78	0.00	12.38
2189.78	0.00	4.16
1893.94	0.00	41.50
1886.36	0.00	45.29
1886.36	0.00	30.80
1901.51	0.00	17.52
946.97	0.00	76.69
946.11	0.09	68.57
2776.61	0.00	8.77
0.00	100.00	0.00
2776.61	0.00	8.77
2774.09	0.09	37.27
2524.19	0.00	36.87
252.42	0.00	36.32
3274.58	0.00	24.51
1929.17	0.00	13.92
2607.43	0.00	33.60
3288.55	0.25	17.03
1384.33	0.00	17.53
694.94	0.00	45.39
865.58	0.00	105.67
1710.72	0.00	42.68
851.95	0.00	107.81
1710.72	0.00	43.58
1717.53	0.00	23.94
1703.90	0.00	66.09
2309.79	0.00	28.10
1808.17	0.00	46.20
2313.67	0.00	25.49
2309.79	0.00	22.40
2309.79	0.00	22.21
489.95	0.00	52.36
2220.85	0.00	10.34
2220.85	0.00	7.99
1110.43	0.00	12.01
2220.85	0.00	7.99
1110.43	0.00	13.82
2218.84	0.09	3.98
1443.46	0.00	15.52
1439.63	0.27	11.95
1443.46	0.00	15.52
1443.46	0.00	14.51
1443.46	0.00	11.70
1443.46	0.00	16.42
2201.48	0.00	36.79
2201.48	0.00	28.38
388.17	0.00	88.58
1439.38	0.00	89.13
2200.86	0.00	27.28
386.93	0.00	123.60
421.89	0.14	63.04
1984.41	0.00	35.81
1985.00	0.11	26.10
1988.45	0.00	13.90
1566.64	0.00	47.56
1987.10	0.00	26.23
949.35	0.00	79.21
941.82	0.00	100.60
1891.17	0.00	48.75
1891.17	0.00	39.54
1898.70	0.00	20.81
1883.63	0.00	55.71
1783.78	0.00	17.31
0.00	100.00	0.00
1621.62	9.09	56.43
1783.78	0.00	16.85
1783.78	0.00	10.01
162.16	0.00	55.49
2119.03	0.00	29.01
596.71	0.00	64.82
592.01	0.00	39.38
2114.33	0.00	22.18
1527.02	0.00	40.95
1527.02	0.00	33.31
2572.89	0.00	35.05
1281.32	0.00	75.78
1281.32	0.00	61.80
2583.14	0.00	16.33
2583.14	0.00	16.56
2572.89	0.00	15.28
2457.54	0.00	24.88
2506.69	0.00	11.57
2504.04	0.11	12.13
1277.92	0.00	22.36
1228.77	0.00	34.92
2457.54	0.00	10.90
2239.64	0.21	8.36
2244.39	0.00	5.90
1120.82	0.12	5.68
2244.39	0.00	7.74
2241.24	0.14	4.18
1119.64	0.23	9.36
1599.47	0.12	12.31
1601.42	0.00	12.40
1599.18	0.14	8.35
1601.42	0.00	10.59
1601.42	0.00	9.69
1601.42	0.00	10.14
1362.60	0.00	15.08
1362.60	0.00	10.92
1362.60	0.00	10.47
1362.60	0.00	6.41
1362.60	0.00	10.92
1361.37	0.09	11.48
2122.38	0.11	29.69
1282.10	0.00	59.18
475.54	0.14	50.89
1758.31	0.00	25.59
860.84	0.00	50.59
457.89	0.00	85.09
868.10	0.00	186.40
931.81	0.00	167.69
1800.42	0.00	25.64
1322.99	0.00	124.08
473.85	0.00	207.05
1799.73	0.00	86.23
1917.76	0.16	12.70
1920.84	0.00	19.22
174.41	0.12	52.74
1744.63	9.17	59.27
0.00	100.00	0.00
1746.22	0.00	9.78
1121.08	0.00	81.20
2242.15	0.00	30.22
1121.08	0.00	50.97
1130.04	0.00	62.65
2242.15	0.00	30.22
1121.08	0.00	63.15
3272.73	0.00	4.96
3272.73	0.00	5.86
1636.36	0.00	3.61
1636.36	0.00	3.16
3272.73	0.00	4.96
3272.73	0.00	2.71
2547.64	0.00	27.98
2104.69	0.00	51.15
2544.77	0.14	11.85
443.65	0.00	60.25
2548.35	0.00	11.59
2544.80	0.00	21.17
1602.00	0.00	38.46
3141.70	0.00	39.65
3141.71	0.00	13.78
2736.33	0.00	69.42
1535.93	0.21	39.27
405.40	0.00	95.94
1714.19	0.00	68.79
575.97	0.00	136.23
1712.64	0.09	43.46
1714.19	0.00	39.40
571.40	0.00	104.08
571.40	0.00	140.48
0.00	100.00	0.00
2557.15	0.00	10.88
232.47	0.00	35.83
2324.68	9.09	42.64
2324.68	0.00	38.06
232.01	0.20	39.26
2137.54	0.00	30.16
2137.54	0.00	24.53
675.82	0.09	51.45
2137.54	0.00	40.21
676.44	0.00	74.00
784.67	0.00	66.91
2002.22	0.00	48.41
2199.36	0.14	4.25
2002.22	9.09	49.90
0.00	100.00	0.00
2196.93	0.25	9.73
200.22	0.00	81.26
810.57	0.30	108.12
1632.56	0.00	54.07
1626.05	0.00	40.65
1626.05	0.00	41.32
813.03	0.00	70.99
1632.56	0.00	23.04
2167.47	0.00	39.59
2156.87	0.09	32.30
1079.42	0.00	70.39
2158.83	0.00	31.12
1078.44	0.09	52.31
2147.92	0.11	28.55
866.44	0.16	94.64
1715.15	0.00	43.20
1715.15	0.00	43.88
854.16	0.00	110.52
1715.15	0.00	44.78
1720.42	0.09	25.23
2269.99	0.09	53.64
1136.94	0.00	91.39
2270.24	0.00	39.34
1132.89	0.20	102.24
2272.06	0.00	21.82
2270.24	0.00	40.51
0.00	100.00	0.00
2493.07	0.00	3.71
2266.43	0.00	47.63
2493.07	0.00	3.71
2493.07	0.00	39.99
0.00	100.00	0.00
3441.68	0.00	8.52
3441.68	0.00	2.81
3437.47	0.12	2.92
3441.68	0.00	2.81
3441.68	0.00	5.60
3438.56	0.09	5.71
1570.63	0.09	10.89
1569.85	0.14	8.54
1572.05	0.00	8.98
1572.05	0.00	13.23
1572.05	0.00	12.32
1572.05	0.00	11.42
1794.77	0.00	29.08
1790.74	0.00	31.30
1806.84	0.00	23.48
1307.85	0.00	35.05
503.02	0.00	43.76
1790.74	0.00	21.29
1520.27	0.00	12.03
1518.89	0.09	13.49
1519.10	0.08	8.68
1520.27	0.00	5.24
1520.27	0.00	9.04
1517.28	0.20	12.05
1468.85	0.00	39.71
2011.19	0.00	39.62
2576.13	0.00	19.23
1013.67	0.32	35.51
1468.85	0.00	29.43
564.94	0.00	40.93
2988.28	0.00	28.13
3058.59	0.00	11.80
1019.53	0.00	63.78
1054.69	0.00	63.53
3023.44	0.00	12.06
878.91	0.00	73.53
824.15	0.00	93.67
1577.65	0.00	56.15
423.85	0.00	79.66
2001.49	0.00	34.59
1163.89	0.00	55.41
1998.13	0.00	25.82
2181.92	0.09	34.19
380.18	0.09	112.24
1805.20	0.00	68.13
1791.40	0.09	58.02
2184.51	0.00	13.73
2183.90	0.00	13.41
1988.95	0.00	11.69
1988.95	0.00	8.79
1985.04	0.20	9.00
1988.95	0.00	8.79
994.48	0.00	14.42
993.08	0.14	8.18
2189.78	0.00	10.22
2189.78	0.00	4.16
2189.78	0.00	9.67
2189.78	0.00	4.16
2187.47	0.11	4.26
2189.78	0.00	10.67
2408.24	0.00	13.18
675.13	0.00	62.78
2405.00	0.00	23.04
2428.73	0.00	12.95
2403.15	0.08	23.69
1752.53	0.00	46.74
0.00	100.00	0.00
1783.78	0.00	20.46
1783.78	0.00	10.01
162.16	0.00	55.49
1783.78	0.00	10.05
1621.62	9.09	68.30
2081.96	0.18	7.35
2085.75	0.00	4.89
2083.85	0.09	5.89
2085.75	0.00	3.80
2085.75	0.00	6.79
2085.75	0.00	4.34
394.53	0.00	125.57
2191.13	0.09	28.73
1798.59	0.00	72.03
1801.03	0.00	65.12
382.31	0.00	79.36
2193.73	0.00	14.85
2250.00	0.00	9.02
2250.00	0.00	9.47
2250.00	0.00	3.61
2250.00	0.00	3.61
2250.00	0.00	3.61
2250.00	0.00	9.02
1950.16	0.00	10.69
1950.16	0.00	4.16
1947.78	0.12	4.27
1950.16	0.00	4.16
1950.16	0.00	7.88
1950.16	0.00	9.33
1948.05	0.00	10.36
1945.32	0.14	7.55
1948.05	0.00	7.89
1948.05	0.00	8.34
1948.05	0.00	4.62
1948.05	0.00	7.09
3308.82	0.00	6.71
3305.82	0.09	4.81
3304.78	0.12	5.37
3308.82	0.00	2.91
3308.82	0.00	5.81
3308.82	0.00	2.91
837.04	0.00	54.30
836.28	0.09	64.94
870.52	0.00	38.14
1506.67	0.00	23.90
2407.29	0.14	12.09
2410.67	0.00	27.68
1761.25	0.00	6.87
1761.25	0.00	7.77
1759.39	0.11	4.62
1761.25	0.00	3.71
1761.25	0.00	3.71
1761.25	0.00	5.96
2413.15	0.12	3.02
2416.11	0.00	4.47
2416.11	0.00	5.37
2413.55	0.11	3.92
2416.11	0.00	3.81
2416.11	0.00	3.81
2186.61	0.00	37.89
2187.27	0.11	23.81
1726.27	0.00	43.63
2189.58	0.00	23.51
2189.58	0.00	23.92
464.05	0.00	56.07
952.14	0.00	68.02
1896.73	0.00	48.08
944.58	0.00	82.55
944.58	0.00	78.49
1889.17	0.00	35.41
944.58	0.00	90.67
2192.45	0.00	6.41
4384.90	0.00	5.19
2190.46	0.09	4.97
4384.90	0.00	2.71
4384.90	0.00	5.01
4384.90	0.00	5.69
2112.82	0.00	57.73
2112.82	0.00	50.04
2557.59	0.00	30.01
445.07	0.09	67.86
2110.90	0.09	25.29
444.77	0.00	89.90
1201.52	0.14	6.87
2406.42	0.00	3.83
2406.42	0.00	3.83
2406.42	0.00	14.16
2399.67	0.28	7.66
1203.21	0.00	7.20
911.75	0.00	115.86
1795.01	0.00	45.65
1795.01	0.00	46.32
1802.14	0.00	56.83
890.38	0.00	120.89
1787.89	0.00	64.03
2096.22	0.11	27.31
1049.22	0.00	31.41
2098.44	0.00	27.16
1972.53	0.00	11.92
1882.61	0.32	27.73
1048.27	0.09	40.61
2000.00	0.00	10.83
2000.00	0.00	7.67
2000.00	0.00	8.12
2000.00	0.00	4.51
2000.00	0.00	4.51
2000.00	0.00	8.57
2571.43	0.00	6.32
2571.43	0.00	3.16
2571.43	0.00	3.16
2571.43	0.00	3.16
2571.43	0.00	5.86
2571.43	0.00	3.61
1828.79	0.00	55.03
1827.26	0.00	34.92
1508.06	0.11	75.90
318.12	0.00	125.15
1827.26	0.00	31.28
1823.00	0.32	51.71
1570.68	0.00	9.89
1568.48	0.14	9.00
1570.68	0.00	9.44
1570.68	0.00	11.79
1569.02	0.11	5.27
1570.68	0.00	13.15
2088.17	0.00	10.14
1044.08	0.00	7.33
1044.08	0.00	11.49
1044.08	0.00	6.42
2088.17	0.00	10.37
1042.62	0.14	7.44
2571.43	0.00	10.53
2571.43	0.00	8.87
857.14	0.00	12.63
857.14	0.00	9.92
857.14	0.00	7.22
2571.43	0.00	3.61
0.00	100.00	0.00
2571.43	0.00	3.61
0.00	100.00	0.00
2337.66	0.00	37.89
2571.43	0.00	3.61
2571.43	0.00	38.79
1123.22	0.00	62.07
2248.26	0.14	14.20
621.25	0.00	100.41
626.22	0.00	65.52
1744.47	0.00	31.51
1635.13	0.00	46.58
2897.06	0.00	41.62
1449.69	0.00	51.43
1447.37	0.00	59.47
1448.37	0.09	71.79
2892.43	0.00	43.67
1447.37	0.00	79.67
2482.76	0.00	7.50
2482.76	0.00	5.36
2482.76	0.00	6.03
1241.38	0.00	6.54
2478.79	0.16	3.84
1241.38	0.00	4.62
2243.88	0.11	43.47
596.21	0.11	82.01
1072.60	0.00	70.81
595.89	0.00	110.01
2246.26	0.00	16.86
2239.41	0.26	32.95
1952.51	0.00	43.32
2724.44	0.11	15.62
975.22	0.11	80.32
976.26	0.00	103.39
968.51	0.00	74.70
968.51	0.00	103.01
995.78	0.00	112.10
1995.56	0.00	56.50
999.78	0.00	88.42
995.78	0.00	81.30
499.89	0.00	88.42
499.89	0.00	101.50
1320.65	0.00	55.41
1529.50	0.16	55.92
2636.11	0.20	32.26
1320.65	0.00	35.42
1320.65	0.00	41.02
1320.65	0.00	37.22
2190.46	0.09	6.87
2192.45	0.00	4.51
2192.45	0.00	4.51
2192.45	0.00	3.61
2192.45	0.00	5.86
2192.45	0.00	3.61
929.87	0.00	50.64
1818.96	0.20	36.86
1821.13	0.08	34.46
1896.93	0.00	14.42
1896.93	0.00	14.42
967.06	0.00	27.42
1285.71	0.00	10.38
2571.43	0.00	44.21
2571.43	0.00	7.22
1285.71	0.00	6.77
1285.71	0.00	17.59
0.00	100.00	0.00
3454.89	0.00	5.15
3454.89	0.00	2.80
3454.89	0.00	2.80
3454.89	0.00	2.80
3451.76	0.09	5.25
3454.89	0.00	2.80
2080.80	0.09	34.64
1644.97	0.00	54.07
2080.49	0.11	27.23
2082.69	0.00	27.32
438.42	0.00	81.01
2082.69	0.00	13.62
1302.93	0.00	18.83
1954.40	0.00	12.76
1954.40	0.00	13.03
1954.40	0.00	4.61
651.47	0.00	16.52
1952.62	0.09	12.63
2489.63	0.00	6.07
2486.58	0.12	4.72
2489.63	0.00	3.71
2489.63	0.00	6.07
2489.63	0.00	3.71
2489.63	0.00	6.52
2418.42	0.11	23.13
2490.15	0.00	10.13
899.22	0.00	38.03
864.64	0.00	32.64
864.64	0.00	42.45
1553.03	0.21	28.20
18000.00	0.00	0.45
18000.00	0.00	0.45
0.00	100.00	0.00
0.00	100.00	0.00
0.00	100.00	0.00
0.00	100.00	0.00
2484.91	0.12	32.82
2487.95	0.00	29.02
1243.97	0.00	44.40
2475.38	0.11	25.23
2478.00	0.00	24.73
1243.97	0.00	55.19
1691.73	0.00	11.05
1688.41	0.20	9.17
1691.73	0.00	7.60
1690.19	0.09	8.71
1691.73	0.00	9.15
1691.73	0.00	5.25
2898.55	0.00	7.41
1449.28	0.00	8.40
2895.92	0.09	10.76
2898.55	0.00	3.25
1449.28	0.00	9.31
2898.55	0.00	3.25
2120.14	0.00	9.92
2120.14	0.00	8.45
2117.17	0.14	7.67
2120.14	0.00	4.73
2120.14	0.00	8.11
2116.75	0.16	4.40
2131.44	0.00	11.20
1063.10	0.25	11.56
1063.63	0.20	13.01
2131.44	0.00	11.70
2131.44	0.00	4.54
2131.44	0.00	8.84
0.00	100.00	0.00
1161.16	0.14	43.42
1162.79	0.00	16.78
2325.58	0.00	7.89
1162.79	0.00	54.96
2325.58	0.00	45.16
1601.42	0.00	17.02
1601.42	0.00	11.04
1601.42	0.00	12.05
1601.42	0.00	14.76
1597.22	0.26	11.63
1601.42	0.00	11.95
2660.11	0.00	44.87
461.49	0.21	103.48
2663.81	0.00	21.11
466.17	0.00	46.78
2179.14	0.00	51.40
3118.87	0.00	18.82
1863.04	0.00	49.93
2261.37	0.00	12.36
2236.28	0.00	40.81
395.19	0.00	64.44
2251.96	0.00	25.84
2251.96	0.00	23.09
1178.01	0.00	33.83
2403.14	0.00	11.94
1178.01	0.00	48.72
2403.14	0.00	12.38
2403.14	0.00	12.60
2403.14	0.00	12.38
1531.03	0.14	41.44
429.70	0.00	82.51
1532.50	0.00	30.70
1116.05	0.11	60.94
1532.50	0.00	31.24
1532.50	0.00	47.21
1534.39	0.00	61.99
412.47	0.00	85.08
1948.10	0.11	32.73
1946.86	0.00	24.25
1946.86	0.00	24.54
1947.78	0.12	13.47
2120.85	0.11	155.71
217.75	0.00	342.67
2123.09	0.00	134.61
2340.84	0.00	44.00
3647.36	0.00	15.63
2333.82	0.30	47.12
2422.91	0.00	10.05
1211.45	0.00	10.73
220.03	0.11	37.45
2202.64	0.00	45.25
1211.45	0.00	7.15
2422.91	0.00	3.80
1604.28	0.00	13.38
1604.28	0.00	5.06
1604.28	0.00	13.83
1602.58	0.11	10.68
1604.28	0.00	10.57
1604.28	0.00	14.18
1109.74	0.00	12.38
2219.48	0.00	10.75
2219.48	0.00	11.88
2219.48	0.00	12.83
2219.48	0.00	4.11
1108.57	0.11	7.88
1758.02	0.00	50.87
1755.87	0.12	42.22
1758.02	0.00	52.90
882.51	0.00	71.99
875.51	0.00	97.10
1749.42	0.09	40.12
2478.79	0.00	29.19
2478.79	0.00	29.19
525.27	0.14	53.05
1953.62	0.00	43.37
2476.54	0.09	11.78
2477.95	0.00	21.80
1601.97	16.55	353.85
146.24	0.00	835.78
1754.77	0.00	279.23
1753.18	0.09	256.48
1901.01	0.00	73.84
169.63	0.00	411.17
1382.06	0.00	61.35
1382.06	0.00	31.13
2786.24	0.00	14.10
2753.07	0.00	36.46
1382.06	0.00	22.10
1382.06	0.00	42.40
2776.68	0.11	45.60
317.23	0.14	172.72
2779.64	0.00	45.35
696.32	0.00	169.22
1829.15	0.00	177.85
1511.99	0.00	30.45
1954.40	0.00	11.11
1954.40	0.00	11.11
1954.40	0.00	7.86
1954.40	0.00	9.21
1950.85	0.18	8.42
1954.40	0.00	8.76
779.45	0.00	95.49
773.26	0.00	103.89
773.26	0.00	100.73
2313.60	0.00	45.01
2325.97	0.00	16.30
2323.13	0.12	16.75
2667.97	0.00	44.34
3210.38	0.00	28.28
562.20	0.00	62.69
3227.12	0.12	10.36
3210.58	0.11	20.17
3229.27	0.00	9.75
2250.00	0.00	6.32
2250.00	0.00	4.06
2250.00	0.00	4.96
2250.00	0.00	2.71
2250.00	0.00	5.86
2250.00	0.00	4.06
1988.51	0.00	12.83
2185.05	0.11	8.43
198.85	0.00	45.80
1984.61	9.27	51.92
1093.68	0.00	7.88
0.00	100.00	0.00
1953.91	0.00	58.43
2364.57	0.00	25.21
411.32	0.00	84.86
2360.10	0.11	12.97
2361.94	0.00	24.32
2362.07	0.11	25.35
298.46	0.00	25.76
3280.06	0.09	7.43
2387.66	0.00	28.98
3283.04	0.00	5.85
298.46	0.00	30.91
298.46	0.00	30.46
0.00	100.00	0.00
1898.19	0.00	4.81
1896.47	0.09	4.87
345.13	0.00	28.76
3796.38	0.00	2.59
3451.25	9.09	31.11
2571.43	0.00	3.61
2571.43	0.00	6.32
2571.43	0.00	3.61
2571.43	0.00	6.77
2571.43	0.00	7.22
2571.43	0.00	6.32
738.87	0.00	50.70
2005.05	0.11	33.44
733.06	0.00	38.63
2711.14	0.00	17.86
1890.82	0.00	29.28
2705.32	0.00	24.71
2250.00	0.00	5.41
2250.00	0.00	4.51
2250.00	0.00	4.96
2250.00	0.00	3.61
2250.00	0.00	6.77
2250.00	0.00	6.32
2188.36	0.00	30.52
2051.20	0.00	32.70
2811.83	0.00	10.44
777.92	0.18	45.99
1402.80	0.00	26.09
778.51	0.11	41.75
1793.19	0.00	55.12
1793.17	0.00	40.30
311.98	0.00	186.18
1791.28	0.11	41.27
1788.47	0.26	44.77
1481.67	0.00	108.12
3522.50	0.00	6.92
3522.50	0.00	6.69
3522.50	0.00	3.03
1761.25	0.00	7.87
3522.50	0.00	9.04
1759.39	0.11	7.42
2480.24	0.00	44.54
2486.87	0.00	34.27
828.96	0.00	94.13
828.96	0.00	65.13
828.96	0.00	75.92
2483.83	0.12	14.78
1234.60	0.00	44.00
418.27	0.00	123.56
1170.11	0.00	40.94
2404.44	0.00	29.10
2404.58	0.00	31.69
1983.63	0.00	66.66
1800.00	0.00	12.18
1800.00	0.00	8.57
1800.00	0.00	4.51
1800.00	0.00	10.38
1800.00	0.00	13.98
1800.00	0.00	9.92
2884.62	0.00	6.63
2884.62	0.00	5.17
2884.62	0.00	3.27
2880.57	0.14	5.74
2881.57	0.11	3.37
2884.62	0.00	4.72
2343.75	0.00	6.27
2343.75	0.00	2.81
2341.27	0.11	4.26
2343.75	0.00	2.81
2343.75	0.00	3.36
2337.99	0.25	5.83
1989.35	0.00	47.10
1006.66	0.00	64.00
1997.34	0.00	31.80
998.67	0.00	77.14
1997.34	0.00	34.96
1989.35	0.00	45.29
1265.56	0.09	43.30
1266.71	0.00	14.72
2533.43	0.00	8.31
1266.71	0.00	10.56
1266.71	0.00	49.57
1266.71	0.00	14.72
2776.54	0.00	30.42
1386.80	0.11	41.95
1388.27	0.00	51.07
2772.10	0.16	13.42
2776.54	0.00	30.25
2776.54	0.00	12.97
2155.12	0.00	25.42
2200.49	0.00	10.74
612.51	0.00	36.07
2127.19	0.25	19.18
1474.55	0.00	35.40
2130.79	0.08	19.34
1992.00	0.00	47.56
2000.00	0.00	16.24
2000.00	0.00	16.47
1000.00	0.00	62.70
1000.00	0.00	73.08
2000.00	0.00	36.99
1947.72	0.00	66.50
1949.28	0.00	54.63
974.64	0.00	113.53
1949.28	0.00	43.39
1946.90	0.12	44.58
974.64	0.00	84.18
3005.76	0.00	20.22
2083.54	0.12	35.83
2552.66	0.00	24.74
1098.13	0.09	28.77
560.78	0.00	41.23
1458.02	0.00	22.58
2676.54	0.00	26.42
2665.88	0.00	31.13
2665.88	0.00	31.13
1332.94	0.00	55.97
2662.14	0.14	13.44
1332.94	0.00	49.78
1761.25	0.00	8.22
1761.25	0.00	3.61
1759.39	0.11	5.52
1761.25	0.00	4.16
1761.25	0.00	6.87
1761.25	0.00	7.77
2571.43	0.00	3.61
2571.43	0.00	8.57
2571.43	0.00	6.77
2571.43	0.00	3.61
2571.43	0.00	6.77
2571.43	0.00	7.67
0.00	100.00	0.00
2000.00	0.00	12.18
1998.19	0.09	52.38
2000.00	0.00	9.02
2000.00	0.00	13.98
2000.00	0.00	61.80
1070.98	0.11	63.74
1481.17	0.00	41.23
1484.47	0.00	36.25
415.65	0.00	56.08
1471.27	0.00	27.74
1467.97	0.00	38.05
1474.20	0.00	16.07
1474.20	0.00	15.62
1474.20	0.00	11.92
1472.86	0.09	12.02
1474.20	0.00	16.97
1474.20	0.00	16.07
1823.44	0.00	33.93
2370.48	0.00	18.24
2396.53	0.00	9.14
2318.38	0.00	28.21
2344.43	0.00	23.41
650.73	0.08	44.66
2224.29	0.00	13.58
1091.16	0.00	36.72
1091.16	0.00	52.86
2140.36	0.00	26.95
1049.20	0.00	52.08
1047.28	0.18	57.61
1986.33	0.00	40.25
1557.58	0.00	51.21
1989.68	0.00	25.61
1989.68	0.00	32.91
421.61	0.11	60.41
1989.68	0.00	12.80
2186.59	0.00	38.71
1093.29	0.00	51.81
1093.29	0.00	64.39
2184.28	0.11	16.08
2186.59	0.00	15.96
2186.59	0.00	16.19
2484.49	0.14	43.30
1243.99	0.00	65.88
2478.03	0.00	43.48
1243.99	0.00	75.89
2491.96	0.00	43.96
2493.95	0.00	18.82
936.78	0.08	15.53
937.50	0.00	12.81
1875.00	0.00	7.98
2812.50	0.00	10.32
937.50	0.00	20.48
2812.50	0.00	3.34
2098.79	0.00	25.81
1462.79	0.00	34.03
2066.99	0.00	29.54
2254.62	0.14	10.26
2225.99	0.00	18.42
795.00	0.00	27.48
2777.78	0.00	8.10
2777.78	0.00	6.30
2769.99	0.28	6.32
2777.78	0.00	6.30
2777.78	0.00	3.37
2777.78	0.00	6.75
1604.05	0.00	56.01
1606.22	0.00	33.33
1606.22	0.00	33.62
338.12	0.00	100.60
1268.63	0.00	73.46
1604.05	0.00	31.85
3284.67	0.00	7.29
3284.67	0.00	7.42
3284.67	0.00	2.92
3284.67	0.00	5.72
3275.46	0.28	6.08
3284.67	0.00	2.92
1335.31	0.00	8.79
2670.62	0.00	9.74
2666.88	0.14	3.78
2670.62	0.00	6.65
1335.31	0.00	6.42
2670.62	0.00	6.65
1125.00	0.00	15.34
2250.00	0.00	10.83
2045.45	0.00	125.18
0.00	100.00	0.00
0.00	100.00	0.00
0.00	100.00	0.00
995.22	0.00	54.49
956.07	0.09	56.05
956.94	0.00	49.00
995.22	0.00	54.06
1952.15	0.00	29.60
2028.71	0.00	16.05
2000.00	0.00	11.28
1000.00	0.00	9.02
2000.00	0.00	8.80
1000.00	0.00	8.57
2000.00	0.00	10.15
2000.00	0.00	4.51
2135.23	0.00	10.06
2133.29	0.09	8.16
2132.97	0.11	4.36
2135.23	0.00	4.25
2132.97	0.11	4.36
2132.23	0.14	3.82
1363.64	9.09	43.76
1500.00	0.00	13.53
3000.00	0.00	3.16
272.73	0.00	30.22
1363.64	52.38	35.19
3000.00	0.00	6.32
2287.77	0.00	11.94
2201.44	0.00	31.02
1079.14	0.00	47.20
2155.99	0.11	23.07
1079.14	0.00	45.75
2158.27	0.00	24.50
1739.13	0.00	9.84
1736.69	0.14	7.10
868.65	0.11	5.74
1739.13	0.00	10.75
1739.13	0.00	4.67
869.57	0.00	10.35
2261.31	0.00	10.78
2259.25	0.09	8.05
1130.65	0.00	10.10
1130.65	0.00	11.45
2257.69	0.16	4.16
2261.31	0.00	3.82
3314.92	0.00	6.80
3314.92	0.00	6.80
3311.91	0.09	6.71
3314.92	0.00	2.90
3311.41	0.11	3.00
3314.92	0.00	2.90
3025.21	0.00	6.05
1512.61	0.00	4.37
3018.32	0.23	4.70
3025.21	0.00	2.91
1512.61	0.00	7.28
3025.21	0.00	2.63
2250.00	0.00	6.32
2250.00	0.00	6.77
2250.00	0.00	4.51
2250.00	0.00	3.16
2250.00	0.00	5.41
2250.00	0.00	3.61
1561.21	0.00	82.40
1979.54	0.00	31.02
209.17	0.00	87.77
209.17	0.00	136.60
1981.09	0.09	35.50
1767.10	0.09	55.50
0.00	100.00	0.00
0.00	100.00	0.00
3000.00	0.00	25.26
3000.00	0.00	8.57
3000.00	0.00	37.44
2997.28	0.09	3.26
1755.35	0.14	11.85
1757.81	0.00	11.95
1757.81	0.00	9.24
1757.81	0.00	8.79
1757.81	0.00	9.69
1757.81	0.00	8.79
1542.42	0.00	12.44
1542.42	0.00	8.07
1542.42	0.00	8.53
1542.42	0.00	10.78
1541.23	0.08	10.08
1538.37	0.26	10.66
1754.43	0.12	44.80
1458.57	0.00	77.41
1756.08	0.00	48.90
318.66	0.00	119.51
1448.24	0.00	95.79
307.84	0.00	96.41
1876.96	0.00	12.75
937.49	0.11	61.18
938.48	0.00	55.39
938.48	0.00	13.48
1876.96	0.00	4.78
1871.69	0.28	9.57
755.03	0.00	12.20
3017.39	0.09	6.27
2265.10	0.00	7.77
755.03	0.00	11.21
1510.07	0.00	5.60
1510.07	0.00	14.01
2994.92	0.00	19.15
2994.92	0.00	15.70
2364.41	0.00	29.47
3000.00	0.00	8.51
635.59	0.00	36.54
2994.92	0.00	8.04
1514.91	0.00	39.96
3017.89	0.00	14.04
1502.98	0.00	54.60
1491.05	0.00	59.09
2982.11	0.00	24.36
1502.98	0.00	25.51
1481.33	0.20	52.83
887.86	0.30	52.76
1424.87	0.00	19.42
1484.24	0.00	39.34
742.12	0.00	49.03
742.12	0.00	62.63
2090.59	0.00	11.60
1045.30	0.00	10.47
1044.19	0.11	7.32
2090.59	0.00	8.17
2090.59	0.00	7.99
2090.59	0.00	8.22
2571.43	0.00	9.02
2571.43	0.00	6.77
2571.43	0.00	7.22
2571.43	0.00	3.61
2571.43	0.00	7.22
2571.43	0.00	6.77
2571.43	0.00	8.12
2571.43	0.00	6.77
2571.43	0.00	3.16
2571.43	0.00	5.86
2571.43	0.00	7.67
2571.43	0.00	3.61
3722.32	0.00	18.73
800.77	0.00	34.45
787.15	0.14	24.69
3722.32	0.00	7.88
2934.06	0.00	28.06
2909.04	0.00	30.20
0.00	100.00	0.00
4285.71	0.00	2.39
3893.10	9.16	26.09
4285.71	0.00	2.39
389.61	0.00	21.29
4285.71	0.00	2.35
2561.20	0.00	27.16
2563.11	0.14	21.02
2561.20	0.00	16.13
688.49	0.00	42.51
2561.20	0.00	16.49
1900.24	0.00	31.87
1534.75	0.00	127.77
1725.23	0.00	30.52
2108.29	0.00	31.54
613.90	0.00	83.94
312.96	0.00	122.70
2098.58	0.00	45.34
1343.28	0.00	10.19
2686.57	0.00	6.95
2684.49	0.08	37.29
0.00	100.00	0.00
2686.57	0.00	10.42
2686.57	0.00	3.47
1863.31	0.11	11.07
1863.31	0.11	9.27
1863.59	0.09	8.71
1865.29	0.00	4.25
1865.29	0.00	4.80
1865.29	0.00	4.80
1487.95	0.00	93.11
1726.02	0.00	74.56
1488.42	0.00	34.42
1499.38	0.00	34.17
2676.90	0.11	20.92
2678.78	0.00	35.94
1202.85	0.21	72.85
1654.17	0.00	38.40
1654.17	0.00	31.34
463.61	0.00	77.95
1653.43	0.00	28.97
1651.68	0.11	29.62
1652.89	0.00	12.28
1650.87	0.12	9.39
1651.14	0.11	9.84
1652.89	0.00	5.36
1649.37	0.21	9.94
1652.89	0.00	5.36
1636.36	0.00	13.53
1636.36	0.00	9.02
1636.36	0.00	9.47
1636.36	0.00	5.41
1636.36	0.00	12.63
1636.36	0.00	5.41
1539.47	0.00	27.76
2901.32	0.00	23.25
3078.95	0.00	9.54
3019.74	0.00	9.73
1480.26	0.00	32.93
3019.74	0.00	9.95
1032.11	0.00	8.32
2064.22	0.00	8.77
2064.22	0.00	16.81
2064.22	0.00	8.77
1032.11	0.00	12.03
2062.04	0.11	8.88
