0.00	100.00	0.00
2178.79	0.02	19.08
2179.18	0.00	8.35
1981.07	0.00	43.67
2179.18	0.00	45.62
198.11	0.00	41.44
1060.65	0.05	93.84
2130.85	0.00	52.91
1052.60	0.02	106.91
2122.05	0.02	42.10
2139.27	0.00	22.41
2130.85	0.00	41.76
3355.91	0.02	7.26
3050.83	9.11	35.06
3356.50	0.00	2.91
3356.50	0.00	2.87
305.08	0.02	31.99
0.00	100.00	0.00
2357.01	0.02	29.98
3125.26	0.02	10.65
1802.40	0.05	41.41
2441.06	0.00	37.12
789.29	0.00	51.73
658.61	0.00	61.22
371.15	0.02	203.70
2875.70	0.00	15.28
1395.00	0.00	98.43
2504.06	0.04	89.37
1107.56	0.00	117.48
2873.30	0.00	29.20
3600.00	0.00	6.32
3599.37	0.02	6.38
3600.00	0.00	5.02
3600.00	0.00	4.96
3600.00	0.00	2.77
3600.00	0.00	2.71
877.45	0.02	125.80
1749.08	0.04	42.30
877.65	0.00	88.93
1748.29	0.00	77.00
1750.79	0.02	23.32
1747.98	0.02	58.03
3119.58	0.00	8.94
1559.79	0.00	9.32
3118.33	0.04	6.68
3119.58	0.00	3.05
3119.58	0.00	3.05
1559.79	0.00	5.66
1542.15	0.02	8.60
1542.15	0.02	12.85
3084.83	0.00	3.31
1542.42	0.00	5.72
3084.83	0.00	6.17
3083.59	0.04	7.00
892.46	0.02	113.98
1754.67	0.04	38.63
891.03	0.02	82.81
1746.73	0.00	76.51
1774.63	0.04	97.16
1751.82	0.04	81.18
0.00	100.00	0.00
0.00	100.00	0.00
0.00	100.00	0.00
1697.20	0.04	104.35
1866.59	0.05	106.37
1867.57	0.00	53.12
3742.35	0.02	73.99
3743.20	0.00	26.01
3742.53	0.02	64.93
482.91	0.02	131.68
483.00	0.00	93.45
4226.19	0.00	12.59
1915.14	0.00	85.47
820.45	0.04	107.79
1491.25	0.00	132.68
1504.90	0.00	104.19
410.15	0.05	293.84
1915.01	0.00	71.02
764.42	0.04	90.45
2391.51	0.02	42.82
1626.96	0.02	25.90
13406.46	0.02	3.86
3003.68	0.00	29.55
2385.40	0.02	43.30
811.46	0.04	71.26
2777.68	0.04	38.56
1404.94	0.00	46.58
2928.51	0.00	10.29
1411.18	0.00	45.75
2160.10	0.02	33.17
1738.24	0.02	59.07
1819.13	0.02	71.20
1818.81	0.04	68.73
587.20	0.02	66.27
505.63	0.00	133.19
2326.69	0.00	28.90
305.02	0.02	33.75
0.00	100.00	0.00
3050.31	9.11	31.27
3355.93	0.00	2.87
3355.34	0.02	6.30
3355.34	0.02	9.68
2698.64	0.00	68.71
2698.04	0.02	72.54
1518.58	0.00	37.91
399.65	0.04	144.84
3097.12	0.02	36.05
1518.18	0.02	23.84
3339.52	0.00	6.73
3338.35	0.04	5.32
3338.93	0.02	5.31
3339.52	0.00	2.88
3338.93	0.02	2.94
3339.52	0.00	2.88
4183.37	0.02	7.79
4365.94	0.00	13.52
4179.62	0.02	7.37
1171.62	0.00	33.45
3046.22	0.00	22.26
4179.62	0.02	14.53
1236.84	0.00	43.77
671.96	0.04	71.85
2527.46	0.00	20.97
2424.86	0.02	21.64
1747.10	0.04	37.65
1209.53	0.04	49.33
2382.47	0.00	33.19
1190.82	0.04	50.73
1190.82	0.04	32.32
2572.61	0.02	12.90
2382.47	0.00	20.31
2477.33	0.02	12.66
2250.00	0.00	8.57
2250.00	0.00	7.22
2250.00	0.00	9.02
2250.00	0.00	6.77
2250.00	0.00	4.06
2250.00	0.00	7.22
993.82	0.00	42.51
1501.04	0.02	16.57
570.92	0.00	42.36
951.20	0.04	61.83
1394.85	0.05	47.74
2917.52	0.02	21.28
2723.75	0.00	7.76
281.95	0.02	67.16
2717.04	0.00	14.39
995.77	0.02	55.19
2719.28	0.00	7.58
1443.31	0.02	58.82
2829.38	0.00	11.48
257.17	0.02	33.17
257.22	0.00	32.47
2314.95	0.00	33.25
2828.74	0.02	3.38
2828.88	0.02	11.48
534.16	0.02	116.80
534.20	0.04	115.74
2537.02	0.04	56.59
2534.04	0.02	52.67
3071.44	0.00	25.12
3070.94	0.02	13.17
348.97	0.04	26.27
3838.84	0.04	29.68
349.05	0.02	28.69
2791.88	11.14	29.42
349.11	0.00	23.14
0.00	100.00	0.00
2530.93	0.00	37.52
374.85	0.02	226.37
2155.40	0.02	84.40
2530.93	0.00	15.30
2155.15	0.04	97.14
2156.02	0.00	69.09
1860.38	0.06	56.80
2361.85	0.00	29.27
2361.85	0.00	30.71
2360.90	0.04	24.71
501.19	0.00	56.41
2361.85	0.00	12.12
1747.09	0.02	47.49
1443.36	0.02	36.65
1442.62	0.04	97.33
1746.91	0.00	56.43
1746.61	0.02	34.49
303.79	0.00	146.41
511.21	0.04	179.97
2241.76	0.00	33.06
1517.20	0.02	79.81
720.12	0.00	148.08
262.95	0.02	148.52
260.87	0.02	210.36
2555.92	0.04	36.13
0.00	100.00	0.00
2812.50	0.00	3.34
255.64	0.02	35.61
2812.50	0.00	39.40
2811.86	0.02	3.40
0.00	100.00	0.00
2435.30	0.02	13.34
2435.30	0.02	40.97
2435.30	0.02	8.14
2435.72	0.00	3.78
0.00	100.00	0.00
304.89	0.02	183.67
305.18	0.02	174.04
3278.45	0.02	13.29
2724.32	0.00	80.38
727.57	76.89	210.22
2237.86	0.04	82.50
1250.36	0.04	12.09
2501.30	0.02	7.45
1250.58	0.02	15.87
2501.30	0.02	12.34
2501.74	0.00	7.39
2501.74	0.00	3.70
360.42	0.06	238.08
2794.26	0.02	41.13
2433.71	0.02	89.16
2794.25	0.02	52.28
2793.76	0.04	49.04
2434.12	0.00	103.00
2145.41	0.00	11.36
2144.66	0.04	50.76
2145.41	0.00	4.24
0.00	100.00	0.00
1950.03	9.11	46.44
0.00	100.00	0.00
1944.27	0.00	42.99
3887.29	0.00	14.98
1943.64	0.00	44.14
1943.64	0.00	27.71
3886.61	0.02	15.79
17556.85	0.00	5.74
1960.81	0.04	86.76
2396.96	0.02	41.62
0.00	100.00	0.00
0.00	100.00	0.00
217.87	0.04	41.68
217.91	0.02	80.86
2098.14	0.00	70.51
2539.97	0.02	32.18
2539.26	0.02	35.07
2540.41	0.00	32.15
2540.41	0.00	12.81
442.34	0.02	68.59
2003.91	0.00	27.20
2003.91	0.00	28.39
1567.97	0.00	42.35
439.45	0.00	49.62
1986.33	0.00	28.44
2000.39	0.00	20.91
1568.00	0.04	32.88
2225.83	0.02	33.14
863.09	0.00	29.79
3082.46	0.00	8.43
1540.96	0.02	14.96
3075.07	0.02	15.59
1690.14	0.00	13.39
1689.25	0.05	11.99
1689.55	0.04	12.95
1690.14	0.00	11.02
1690.14	0.00	5.26
1690.14	0.00	10.51
2524.54	0.00	9.57
229.50	0.00	39.50
2524.54	0.00	44.58
0.00	100.00	0.00
2295.04	0.00	37.56
2524.10	0.02	7.39
3727.06	0.00	7.89
1862.88	0.04	34.81
0.00	100.00	0.00
3388.24	9.09	27.20
1863.20	45.01	28.12
338.70	0.04	33.82
0.00	100.00	0.00
2009.83	0.00	42.19
0.00	100.00	0.00
0.00	100.00	0.00
2210.81	0.00	53.23
2210.81	0.00	44.98
2224.07	0.00	37.21
3798.27	0.00	52.34
562.81	0.00	82.55
4357.48	0.00	10.25
1121.11	0.00	80.62
3236.33	0.00	61.19
1700.15	0.00	8.40
309.12	0.00	26.49
0.00	100.00	0.00
1545.05	9.12	64.39
1854.39	0.02	7.52
1545.32	0.02	64.44
1997.13	0.02	34.86
2014.27	0.00	10.90
1493.05	0.06	49.17
1997.13	0.02	23.84
1997.48	0.00	21.30
436.42	0.00	49.10
1262.19	0.06	54.86
1213.92	0.04	64.06
1311.49	0.00	46.32
2574.41	0.00	27.97
2720.13	0.00	14.70
1262.48	0.04	45.54
5675.52	0.00	33.35
1881.70	0.00	91.76
941.15	0.00	136.50
1881.70	0.00	52.85
1881.40	0.00	74.63
940.69	0.02	147.72
335.96	0.00	159.61
1916.22	0.00	42.12
1926.72	0.04	103.03
2261.72	0.05	69.51
2262.12	0.04	36.14
2262.52	0.02	32.69
1210.58	0.04	101.74
1212.72	0.02	71.36
1209.07	0.00	112.97
3384.25	0.00	15.78
3382.32	0.00	15.79
2361.81	0.02	75.90
18000.00	0.00	0.45
0.00	100.00	0.00
0.00	100.00	0.00
0.00	100.00	0.00
0.00	100.00	0.00
0.00	100.00	0.00
2475.37	0.02	9.84
2475.93	0.00	9.39
2250.84	9.09	44.05
0.00	100.00	0.00
0.00	100.00	0.00
2475.49	0.02	3.79
2250.00	0.00	14.44
2249.61	0.02	95.41
2250.00	0.00	49.17
0.00	100.00	0.00
2250.00	0.00	4.06
0.00	100.00	0.00
2246.90	0.00	24.65
2246.90	0.00	19.87
2270.15	0.02	10.72
2270.03	0.02	10.97
662.13	0.02	35.75
1537.08	0.02	34.90
8692.41	0.00	2.80
2177.46	8.78	43.41
235.17	0.00	33.67
60.97	0.05	31.73
2473.59	0.02	7.50
2473.59	0.00	3.72
2324.68	9.09	39.05
232.47	0.00	70.99
2324.68	0.00	42.95
1278.35	0.02	19.57
1278.35	0.02	19.61
0.00	100.00	0.00
1939.76	0.06	38.42
1942.11	0.02	29.83
197.86	0.00	122.48
1234.03	0.02	82.58
510.26	0.02	107.44
886.90	0.04	88.04
440.91	0.02	119.42
1214.59	0.02	114.35
1299.79	0.02	88.79
2087.41	0.06	76.19
2515.10	0.00	15.15
440.15	0.00	95.23
1437.70	0.00	14.30
1437.45	0.02	11.87
1436.94	0.05	14.30
1437.70	0.00	11.41
1437.70	0.00	5.65
1437.20	0.04	10.51
0.00	100.00	0.00
2250.00	0.00	3.83
0.00	100.00	0.00
2250.00	0.00	42.73
0.00	100.00	0.00
2250.00	33.33	46.14
2188.33	0.00	30.20
2174.42	0.00	37.78
1599.52	0.00	46.55
584.07	0.02	62.34
2179.05	0.00	29.44
2154.74	0.05	31.41
2875.40	0.00	8.92
2875.40	0.00	8.41
2874.39	0.04	13.05
2875.40	0.00	6.61
2875.40	0.00	3.27
2875.40	0.00	7.00
1452.78	0.00	9.26
2905.06	0.02	9.48
2905.57	0.00	5.79
1452.53	0.02	6.10
4358.35	0.00	2.31
1452.78	0.00	6.04
4092.18	0.00	5.93
371.95	0.02	27.00
2045.37	0.04	7.06
2046.09	0.00	7.12
3347.56	10.02	26.37
371.95	0.02	20.85
2054.79	0.00	50.30
0.00	100.00	0.00
2054.79	0.00	4.43
2054.79	0.00	53.61
1027.22	0.02	17.34
0.00	100.00	0.00
4126.82	0.00	10.57
1046.12	0.00	71.05
2017.40	0.04	60.65
2075.40	0.02	19.55
1029.64	0.00	66.83
2058.57	0.04	37.93
3334.41	0.02	18.96
3307.61	0.00	15.80
689.08	0.00	59.45
1295.48	0.00	37.92
1239.92	0.04	43.38
1378.17	0.00	23.38
2112.68	0.00	13.28
2112.68	0.00	10.00
2112.31	0.02	11.30
2111.94	0.04	12.77
2112.31	0.02	11.92
2112.68	0.00	4.29
2311.09	0.00	43.84
1155.34	0.02	55.95
1155.34	0.02	64.42
2356.90	0.02	16.50
1155.34	0.02	63.85
1155.55	0.00	51.32
633.19	0.00	64.27
2080.12	0.02	22.37
1040.06	0.02	43.15
633.19	0.00	30.97
1469.39	0.04	40.98
1017.09	0.05	56.95
217.60	0.00	41.61
0.00	100.00	0.00
2393.20	0.02	10.18
2392.78	0.04	7.81
2393.20	0.02	41.68
0.00	100.00	0.00
232.09	0.00	350.89
2008.91	18.00	179.72
244.19	89.86	366.28
2043.34	9.72	129.29
506.86	0.00	73.46
229.23	0.00	167.48
1560.85	0.02	106.32
1040.82	0.00	271.99
520.34	0.02	399.56
1023.19	0.02	261.42
1560.49	0.04	80.34
1561.11	0.00	110.91
2058.19	11.14	56.00
257.36	0.00	35.91
210.53	0.02	43.09
2314.93	0.06	12.06
2104.96	7.25	48.26
0.00	100.00	0.00
1437.70	0.00	12.20
2874.90	0.02	3.33
2875.40	0.00	6.78
1437.45	0.02	48.86
1437.20	0.04	41.35
1437.70	0.00	9.37
3464.26	0.02	33.08
3464.87	0.00	2.82
1732.44	0.00	5.20
0.00	100.00	0.00
3464.87	0.00	5.65
3464.87	0.00	2.82
2155.25	0.00	46.04
4292.30	0.02	33.39
1273.73	0.02	54.75
1090.71	0.00	65.36
3254.69	0.00	12.67
1090.33	0.04	61.80
266.41	0.02	228.94
264.81	0.02	145.27
2832.21	0.02	54.62
2303.60	8.42	105.14
2567.49	0.02	25.60
2566.42	0.00	71.65
616.89	0.02	307.50
1110.38	0.02	271.84
1229.79	0.02	219.13
1850.31	0.04	115.49
719.81	0.00	219.54
1850.98	0.00	41.04
1878.28	0.02	58.12
2391.32	0.00	11.86
2362.86	0.02	31.21
500.69	0.00	84.66
2378.88	0.02	22.05
2379.30	0.00	11.42
2179.18	0.00	7.84
2179.18	0.00	5.47
2179.18	0.00	4.18
2178.79	0.02	7.00
2178.41	0.04	6.49
2179.18	0.00	8.30
0.00	100.00	0.00
1780.10	0.02	48.66
197.82	0.00	45.22
2176.06	0.00	45.68
2176.06	0.00	8.37
197.79	0.02	41.56
1306.24	50.00	55.42
1306.01	0.02	43.11
1306.24	0.00	7.57
2612.02	0.02	11.44
2612.02	0.02	9.78
1306.01	0.02	34.97
0.00	100.00	0.00
2214.02	0.00	7.96
2214.02	0.00	10.73
2213.63	0.02	51.84
0.00	100.00	0.00
2213.63	0.02	7.96
3673.47	0.02	115.19
439.64	0.00	116.84
376.77	0.02	174.10
3674.11	0.00	109.85
376.70	0.04	228.40
3610.67	0.02	69.50
355.92	0.00	85.09
3366.80	0.00	27.38
355.36	0.00	77.83
3367.17	0.02	9.46
2647.67	0.02	62.62
3366.21	0.02	29.45
1715.85	0.04	67.12
364.94	0.00	148.54
1353.25	0.00	80.14
1716.73	0.02	49.14
1717.31	0.02	35.26
1352.78	0.04	86.58
2522.77	0.00	68.51
2523.47	0.00	52.17
2961.48	0.00	23.12
1312.63	0.00	23.96
1648.57	0.02	37.21
438.64	0.02	125.54
1888.77	0.00	11.99
1888.44	0.02	11.99
1888.34	0.02	4.81
1888.01	0.04	9.63
1888.44	0.02	4.81
1888.77	0.00	11.09
1941.31	0.02	13.33
1941.75	0.00	4.63
1941.75	0.00	11.13
1941.07	0.04	17.96
1941.75	0.00	4.63
1941.75	0.00	8.76
4500.00	0.00	5.41
2249.21	0.04	6.04
2250.00	0.00	4.06
4499.21	0.02	4.68
4500.00	0.00	4.51
4500.00	0.00	2.26
1867.49	0.02	41.61
1867.01	0.00	51.43
504.01	0.00	105.66
1866.26	0.04	30.59
1381.75	0.04	71.48
1866.69	0.02	32.18
2006.85	0.02	63.06
835.10	0.00	114.17
299.07	0.02	155.74
873.38	0.00	116.63
1707.78	0.02	49.75
2016.81	0.00	19.09
0.00	100.00	0.00
2816.90	0.00	6.67
256.04	0.02	32.22
2816.90	0.00	7.24
2560.37	0.02	33.92
2816.41	0.02	39.40
0.00	100.00	0.00
1916.93	0.00	58.85
1916.60	0.02	4.75
1915.93	0.05	18.93
174.27	0.00	47.05
1742.67	0.00	54.05
2693.36	0.00	30.46
1128.30	0.00	32.66
909.76	0.02	37.85
1019.11	0.00	26.63
2510.93	0.02	24.50
2364.96	0.04	34.96
1000.66	0.02	247.06
211.00	0.02	337.81
211.10	0.00	320.41
1422.52	0.02	96.49
1211.38	0.04	150.27
1422.59	0.02	75.43
1848.58	0.02	52.05
487.58	0.00	58.60
491.37	0.02	70.85
877.34	0.04	78.74
1361.32	0.00	58.35
2311.74	0.06	32.82
3428.56	0.04	9.48
1402.84	10.02	35.55
311.80	0.00	29.38
311.80	0.00	26.52
3429.76	0.00	2.82
1402.84	18.20	32.73
1717.51	0.00	70.94
2079.27	0.02	38.16
1062.73	0.04	91.44
2078.69	0.02	28.43
1003.95	0.04	96.20
363.73	0.04	96.01
1190.85	0.00	100.44
2363.08	0.00	53.50
1172.03	0.02	78.41
2353.78	0.00	39.27
1162.53	0.04	105.85
1172.24	0.00	57.09
1944.18	0.00	48.56
1930.39	0.04	40.22
410.99	0.00	93.04
1929.74	0.04	51.12
1524.01	0.00	61.51
1930.05	0.05	44.99
985.76	0.00	14.61
985.76	0.00	14.16
1970.83	0.04	50.23
985.76	0.00	11.90
2957.28	0.00	3.20
985.76	0.00	45.81
964.24	0.04	14.98
0.00	100.00	0.00
0.00	100.00	0.00
2893.89	0.00	34.44
2893.89	0.00	3.26
2893.38	0.02	37.72
1050.29	0.04	91.83
2118.12	0.00	19.11
2109.72	0.00	43.07
2117.75	0.02	20.10
2109.35	0.02	18.27
1050.10	0.05	89.12
2241.13	0.04	219.85
2466.81	0.02	25.86
1160.62	0.02	125.95
225.28	0.02	251.09
1160.82	0.00	50.23
2466.80	0.02	25.73
0.00	100.00	0.00
2001.01	26.67	48.47
727.64	0.00	45.92
2728.65	0.00	6.85
2728.65	0.00	3.43
2480.16	8.55	70.20
0.00	100.00	0.00
0.00	100.00	0.00
0.00	100.00	0.00
2392.78	0.04	8.20
2392.36	0.05	49.26
2393.20	0.02	43.87
1916.93	0.00	11.18
1916.93	0.00	9.26
1916.93	0.00	4.63
1915.93	0.05	13.50
1916.60	0.02	11.12
1916.93	0.00	9.77
3540.41	0.00	19.03
876.19	0.02	51.23
1787.73	0.00	41.75
981.33	0.02	39.59
876.03	0.04	53.48
2593.96	0.00	26.70
2783.54	0.02	8.70
252.96	0.05	38.77
0.00	100.00	0.00
0.00	100.00	0.00
2530.05	9.12	41.98
2783.54	0.02	3.43
1111.57	0.04	58.40
1283.03	0.00	47.73
3335.28	0.02	25.40
3249.76	0.02	28.04
1283.03	0.00	25.98
1068.63	0.05	53.34
3237.38	0.00	21.26
1168.15	0.04	28.22
2131.93	0.00	35.14
426.31	0.02	48.15
710.40	0.04	51.16
2352.20	0.04	38.78
1594.75	0.04	59.49
1510.44	0.02	89.67
1522.52	0.02	61.76
1522.79	0.00	29.67
3106.01	0.00	18.20
1582.39	0.05	101.28
784.47	0.06	82.37
304.26	0.02	82.92
2648.96	0.02	8.84
1567.16	0.02	56.25
2644.59	0.00	16.07
1325.92	0.00	56.21
1447.69	0.00	66.32
723.72	0.02	101.61
1447.69	0.00	26.10
1435.95	0.02	70.50
1435.70	0.04	93.64
717.85	0.04	141.67
1347.78	0.00	320.79
200.95	80.19	953.21
1548.49	0.02	86.61
158.85	0.00	454.82
1548.45	0.02	62.33
1385.85	0.04	317.06
2967.33	0.02	11.37
1483.92	0.00	8.63
2967.85	0.00	8.43
1483.92	0.00	9.14
1483.92	0.00	9.14
1483.92	0.00	6.37
2816.90	0.00	10.79
1408.20	0.02	12.94
1408.45	0.00	9.10
2816.41	0.02	3.39
2815.42	0.05	12.71
2816.41	0.02	8.39
1196.39	0.04	14.14
2392.78	0.04	7.84
2393.20	0.02	3.90
1196.60	0.02	11.71
2393.62	0.00	7.72
2393.20	0.02	3.90
1168.69	0.02	144.92
2339.65	0.00	28.16
1164.96	0.02	163.27
2339.65	0.00	28.38
1178.01	0.02	115.26
1170.55	0.02	75.89
1921.44	0.00	49.10
1517.61	0.00	75.80
405.06	0.02	92.46
1918.85	0.00	40.52
1921.75	0.02	15.44
1922.09	0.00	15.35
2371.13	0.02	10.30
2370.71	0.04	55.83
0.00	100.00	0.00
1185.77	0.00	45.96
1185.09	0.06	45.02
1185.77	0.00	7.30
1391.23	0.00	12.62
2528.62	0.04	35.68
2781.34	0.04	36.10
252.86	0.04	42.28
0.00	100.00	0.00
1391.23	0.00	9.64
1870.30	0.04	120.24
909.50	0.00	40.86
961.59	0.00	39.77
325.68	0.02	281.73
1870.77	0.04	109.39
2196.81	0.00	18.96
2816.90	0.00	3.33
2816.41	0.02	3.39
2816.90	0.00	6.67
2815.42	0.05	10.06
2816.41	0.02	3.39
2816.90	0.00	8.92
1969.70	0.02	31.37
2400.47	0.02	42.01
418.08	0.00	120.02
1969.31	0.04	83.01
2400.95	0.00	15.19
2400.08	0.04	29.86
1344.05	0.02	13.49
2688.57	0.00	8.83
1344.05	0.02	15.81
1344.05	0.02	9.83
1344.29	0.00	9.77
2688.57	0.00	6.97
0.00	100.00	0.00
1688.56	0.00	64.13
1687.96	0.04	21.22
0.00	100.00	0.00
844.13	0.02	16.35
1688.56	0.00	58.84
1407.96	0.04	13.97
1408.45	0.00	6.22
1408.20	0.02	13.96
1407.96	0.04	15.44
1408.45	0.00	11.53
1407.96	0.04	20.69
1323.45	0.04	36.03
2853.78	0.00	8.22
1911.66	0.04	30.13
764.80	0.02	38.13
1353.34	0.00	32.63
2794.45	0.02	8.18
2607.21	0.02	16.25
2369.65	0.04	109.35
0.00	100.00	0.00
2607.67	0.00	7.13
236.98	0.04	42.54
2607.07	0.02	3.63
5777.91	0.00	5.57
3611.19	9.09	26.14
1986.16	0.00	6.86
361.06	0.02	23.00
0.00	100.00	0.00
1985.81	0.02	4.60
337.39	0.02	262.75
1587.66	0.00	38.46
1924.75	0.02	60.61
1924.69	0.02	61.62
1924.66	0.02	57.91
1589.65	0.04	126.23
1906.35	0.02	16.02
1732.74	0.04	48.66
1906.78	0.00	99.17
173.34	0.00	47.29
0.00	100.00	0.00
0.00	100.00	0.00
2760.25	0.02	3.45
0.00	100.00	0.00
2759.77	0.04	6.90
1380.37	0.00	9.73
2760.74	0.00	39.62
2760.25	0.02	10.24
0.00	100.00	0.00
0.00	100.00	0.00
1891.30	0.00	52.42
1890.97	0.02	15.31
1718.37	0.06	101.19
1719.36	0.00	9.92
1790.22	0.04	124.57
2154.11	0.04	70.41
321.11	0.00	174.42
2165.34	0.00	17.20
320.69	0.04	164.21
1843.91	0.02	107.12
584.99	0.02	86.56
1036.21	0.04	76.33
575.78	0.02	125.75
1630.60	0.02	36.94
1635.20	0.02	20.20
1630.60	0.02	37.62
2006.34	0.02	14.42
2006.34	0.02	14.23
668.90	0.00	10.67
668.78	0.02	16.32
2006.69	0.00	10.07
668.90	0.00	12.47
627.81	0.00	141.28
2499.77	0.06	70.24
1268.44	0.02	111.99
1148.11	0.02	86.07
726.84	0.04	151.95
626.81	0.00	79.22
0.00	100.00	0.00
1027.22	0.02	12.53
2054.79	0.00	48.60
0.00	100.00	0.00
2054.43	0.02	54.65
1027.40	0.00	7.84
2022.47	0.00	10.17
2022.12	0.02	10.66
1011.24	0.00	11.30
2022.47	0.00	8.76
1011.24	0.00	8.03
2021.66	0.04	8.57
1318.45	0.02	8.41
2636.90	0.02	10.11
1318.68	0.00	7.90
2636.90	0.02	3.84
2637.36	0.00	3.78
2636.90	0.02	6.86
1490.60	0.04	37.64
3221.00	0.00	11.90
1550.58	0.02	47.11
1669.85	0.02	21.65
3101.70	0.00	10.81
1490.94	0.02	41.09
2022.65	0.05	20.58
1011.50	0.04	17.02
183.91	0.04	47.15
1839.42	0.02	50.14
1011.68	0.02	13.00
2023.36	0.02	4.52
2456.48	0.04	12.80
1228.24	0.04	15.60
1228.67	0.00	11.35
2456.91	0.02	13.98
2456.91	0.02	3.81
1228.67	0.00	7.06
0.00	100.00	0.00
0.00	100.00	0.00
2461.31	0.00	41.52
1230.65	0.00	10.89
1230.44	0.02	10.89
2236.38	9.14	49.15
246.95	0.04	37.36
2470.06	0.02	7.24
246.92	0.05	38.26
0.00	100.00	0.00
2470.06	9.11	40.27
2469.19	0.05	42.75
1689.84	0.02	11.08
3072.98	4.76	33.45
3380.28	0.00	2.85
307.30	0.00	26.87
1689.84	0.02	8.20
3379.10	0.04	5.86
468.12	0.00	65.68
1300.29	0.04	83.16
468.12	0.00	87.07
2676.78	0.00	23.41
1300.52	0.02	86.39
2677.53	0.00	12.35
1021.71	0.04	65.57
2483.97	0.02	22.60
2483.97	0.02	22.81
2484.41	0.00	17.92
424.55	0.00	50.24
1053.33	0.02	48.27
2612.33	0.02	35.34
1691.89	0.00	74.90
469.89	0.04	100.07
845.87	0.00	97.56
2537.75	0.00	14.26
2145.35	0.02	58.70
2792.37	0.02	33.06
279.24	0.02	61.23
1535.54	0.04	17.83
1535.72	0.02	9.09
1536.07	0.00	9.24
2792.37	4.78	32.24
1021.89	0.02	124.36
1184.35	0.05	99.97
958.68	0.04	117.22
331.00	0.02	109.85
328.37	0.02	99.14
2910.69	0.02	10.87
629.95	0.00	45.01
620.10	0.00	52.44
2288.08	0.02	43.53
3543.45	0.00	20.54
3543.45	0.00	17.17
2938.11	0.00	10.50
279.07	0.00	35.65
2510.75	10.03	66.20
1534.88	50.00	33.60
1534.35	0.04	38.96
1534.88	0.00	8.61
278.96	0.04	63.03
0.00	100.00	0.00
221.09	0.02	44.82
2210.41	9.13	43.36
2210.53	9.12	48.75
2985.26	0.00	7.27
221.13	0.00	74.73
2447.20	0.02	37.79
2762.42	0.04	42.14
2447.20	0.02	146.44
2763.54	0.00	19.35
2763.54	0.00	19.08
315.78	0.02	229.62
472.76	0.02	70.52
2569.73	0.04	36.67
3043.48	0.00	7.76
3043.48	0.00	7.83
2044.89	0.02	34.83
469.09	0.00	44.50
1711.03	0.00	7.57
3422.05	0.00	2.82
3422.05	0.00	2.82
1710.73	0.02	5.26
1710.43	0.04	17.07
3421.45	0.02	5.71
331.60	0.05	316.65
244.20	0.02	200.31
1891.85	0.02	63.67
1552.24	0.02	122.89
1647.37	0.04	92.23
1892.18	0.00	36.09
1910.15	0.00	8.10
0.00	100.00	0.00
1909.48	0.04	16.01
424.33	77.79	35.27
3183.59	11.76	28.66
1910.15	0.00	4.70
2220.27	0.00	39.34
386.73	0.04	119.77
1437.38	0.04	45.00
2207.64	0.02	39.32
1758.71	0.04	92.57
463.30	0.00	118.78
214.44	0.02	250.08
1020.49	0.04	116.27
1876.37	0.02	48.82
1239.82	0.05	255.74
1876.70	0.00	48.68
641.54	0.02	228.97
2483.38	0.00	3.72
2482.95	0.02	36.97
2482.95	0.02	3.78
225.76	0.00	41.05
2257.22	9.11	49.37
0.00	100.00	0.00
5119.40	0.00	64.04
660.68	0.00	88.87
1315.84	0.02	45.44
3164.86	0.00	24.86
2720.88	0.00	41.90
1827.69	0.00	32.77
1642.01	0.04	74.66
824.59	0.00	72.83
1649.18	0.00	38.64
824.59	0.00	94.13
1648.60	0.04	40.01
1655.78	0.00	22.52
849.16	0.04	15.33
849.16	0.04	13.02
1698.53	0.02	13.86
1698.91	0.00	8.09
3397.83	0.00	2.84
3397.23	0.02	2.90
2616.05	0.04	12.42
1308.49	0.00	9.98
237.91	0.00	36.70
2379.06	0.00	3.86
1308.49	0.00	6.66
2378.65	0.02	38.34
694.89	0.00	62.26
4023.48	0.00	30.08
4112.43	0.00	12.65
694.62	0.04	99.23
3866.04	0.02	53.22
5941.06	0.00	42.26
2076.14	0.00	38.36
1593.85	0.05	65.68
2075.78	0.02	30.60
2076.14	0.00	31.22
576.45	0.00	116.86
1499.69	0.00	33.11
3535.71	0.00	32.19
321.43	0.00	26.16
3214.29	0.00	27.56
0.00	100.00	0.00
0.00	100.00	0.00
3535.71	0.00	2.75
195.95	0.00	46.07
1959.50	0.00	48.94
2155.08	0.02	10.36
2155.45	0.00	46.11
2155.45	0.00	4.22
0.00	100.00	0.00
3052.90	9.11	33.70
3358.78	0.00	2.87
305.24	0.04	35.25
305.29	0.02	30.32
0.00	100.00	0.00
3052.37	0.04	34.00
3392.20	0.00	8.36
3390.83	0.04	24.84
2659.99	0.00	31.08
3408.76	0.02	8.81
3391.01	0.04	24.83
720.64	0.02	36.62
2870.31	0.02	7.86
2870.81	0.00	7.01
2870.31	0.02	6.11
2870.16	0.02	5.60
2870.81	0.00	3.28
2870.81	0.00	6.05
1001.87	0.02	62.75
2512.83	0.00	24.91
1464.53	0.00	46.16
400.82	0.00	53.79
400.82	0.00	52.92
2497.41	0.00	8.98
2873.10	0.00	8.48
1436.23	0.02	9.89
2872.60	0.02	7.07
2872.60	0.02	6.36
2873.10	0.00	6.78
1436.30	0.02	10.35
1359.80	0.00	74.31
2713.09	0.00	59.86
2015.32	0.00	87.81
1359.56	0.02	36.26
677.07	0.02	166.76
2036.63	0.02	69.96
1916.93	0.00	10.73
1916.26	0.04	15.48
1916.93	0.00	4.69
1916.93	0.00	4.69
1916.93	0.00	4.69
1916.60	0.02	8.92
398.15	0.00	164.27
1034.79	0.02	55.76
1034.48	0.04	106.84
1748.37	0.04	34.96
1812.35	0.02	38.55
716.31	0.02	84.86
174.24	0.02	51.80
0.00	100.00	0.00
1742.06	0.04	64.01
1916.93	0.00	14.06
1916.60	0.02	10.34
1916.93	0.00	14.06
958.91	0.04	136.86
1915.42	0.00	44.98
1910.15	0.04	85.87
1920.02	0.00	24.20
1913.55	0.02	67.93
959.08	0.02	125.19
2996.22	0.00	24.21
2364.80	0.00	35.57
2995.70	0.02	24.28
635.59	0.02	61.84
2994.88	0.02	18.68
2995.41	0.00	18.51
2145.04	0.02	9.32
2145.04	0.02	7.90
2145.04	0.02	6.04
2145.41	0.00	3.73
2145.04	0.02	3.73
2145.04	0.02	8.36
2289.49	0.00	38.02
1142.01	0.02	53.62
2289.49	0.00	22.87
639.64	0.00	57.49
1141.61	0.05	50.62
1649.56	0.02	42.82
327.94	0.00	118.99
2136.99	0.04	57.54
2072.21	0.02	73.28
2725.31	0.00	22.32
326.37	0.00	156.52
2398.52	0.02	12.96
1981.82	0.04	61.36
678.82	0.02	84.00
681.00	0.02	48.24
2547.39	0.00	51.20
679.91	0.02	68.74
2546.06	0.05	57.22
1179.55	0.00	13.32
2359.11	0.00	8.91
2359.11	0.00	11.68
2358.70	0.02	7.85
1179.55	0.00	10.61
1179.35	0.02	20.83
2233.14	0.00	26.54
2233.14	0.00	21.45
651.33	0.00	37.66
1511.49	0.04	41.08
2256.40	0.00	25.65
2232.74	0.02	22.18
2022.45	0.02	72.95
1011.40	0.00	101.38
1014.46	0.02	67.85
1011.05	0.04	115.11
2021.99	0.04	49.19
2022.45	0.02	43.90
804.61	0.00	117.46
2707.27	0.04	55.59
401.32	0.00	133.32
2708.32	0.00	15.18
1969.82	0.04	101.51
2211.95	0.00	27.74
758.75	0.00	61.11
2011.12	0.04	32.34
2793.57	0.00	6.93
298.90	0.00	58.83
1206.67	0.04	46.80
2770.57	0.00	6.84
1139.06	0.04	88.83
1157.35	0.02	36.37
2278.93	0.00	36.88
1129.83	0.05	92.03
2287.97	0.00	43.79
1139.26	0.02	50.95
1437.20	0.04	13.50
2875.40	0.00	3.30
2875.40	0.00	3.30
1437.70	0.00	6.16
2874.90	0.02	6.67
1437.70	0.00	6.16
381.49	0.00	111.96
3233.25	0.02	31.78
1426.77	0.00	35.99
2484.58	0.04	63.47
380.27	0.00	107.12
1426.77	0.00	28.01
2176.33	0.02	65.71
2105.94	0.00	49.76
446.70	0.02	64.80
2562.73	0.00	36.61
446.70	0.02	75.86
2549.15	0.00	21.80
1799.95	0.00	90.26
380.51	0.02	118.53
378.64	0.04	128.03
1799.95	0.00	67.70
2179.33	0.00	15.66
1796.29	0.04	90.26
1565.48	0.00	56.14
2829.89	0.02	31.18
3156.01	0.00	13.03
3156.01	0.00	30.68
1564.93	0.04	55.42
3156.01	0.00	13.50
2153.59	0.02	46.25
473.03	0.04	84.68
473.11	0.02	51.12
3100.35	0.00	16.68
3100.35	0.00	8.52
2622.92	0.02	39.50
1251.94	0.02	59.64
2464.44	0.02	45.88
2474.30	0.02	31.13
2474.73	0.00	31.60
2484.59	0.00	15.96
1232.22	0.02	74.66
1809.93	0.00	40.69
1946.83	0.00	42.02
2201.98	0.00	51.04
3325.75	0.05	114.88
1809.93	0.00	27.57
380.22	0.02	179.17
0.00	100.00	0.00
2586.21	0.00	8.55
2586.21	0.00	7.14
2585.75	0.02	3.65
2350.69	9.11	43.74
235.07	0.02	40.07
2670.43	0.04	29.17
2086.27	0.04	40.84
2587.30	0.02	14.30
2420.93	0.00	32.56
2587.89	0.00	14.41
2504.41	0.00	25.82
1912.69	0.00	14.61
1507.46	0.00	73.39
1521.19	0.04	45.29
1911.39	0.00	29.37
406.53	0.00	85.07
1506.67	0.05	48.80
1527.09	0.02	58.22
3054.72	0.00	58.60
265.18	0.00	309.74
1322.91	0.04	62.49
3054.19	0.02	43.49
2584.65	0.04	168.73
575.82	0.02	97.27
2728.95	0.02	23.39
2728.47	0.04	24.34
2729.61	0.00	12.36
2729.61	0.00	24.55
2138.95	0.04	42.04
975.80	0.04	15.44
975.97	0.02	14.02
1951.59	0.04	14.28
975.80	0.04	14.54
976.14	0.00	17.08
975.57	0.06	17.43
2820.41	0.00	27.18
2069.58	0.04	45.33
2794.23	0.04	29.27
2795.43	0.04	25.99
2794.72	0.02	21.64
754.91	0.00	71.82
1751.67	0.06	8.43
5258.03	0.00	2.00
1752.68	0.00	6.95
1752.68	0.00	8.87
1752.68	0.00	8.81
5258.03	0.00	2.00
0.00	100.00	0.00
2337.25	0.02	75.41
2571.43	0.00	38.79
0.00	100.00	0.00
2570.98	0.02	39.70
0.00	100.00	0.00
1408.20	0.02	13.45
1407.96	0.04	16.28
2816.41	0.02	10.32
2816.41	0.02	8.65
2816.90	0.00	6.92
2816.90	0.00	3.33
364.99	0.02	114.50
3182.52	0.04	27.74
2629.39	0.02	44.86
2514.74	0.04	64.59
3196.05	0.00	8.85
312.90	0.00	101.98
1340.24	0.00	47.85
1393.85	0.00	33.68
1608.29	0.00	45.95
2841.32	0.00	12.47
1339.77	0.04	43.22
2733.62	0.02	12.47
1624.01	0.00	41.15
4390.83	0.00	18.06
3368.31	0.00	18.65
3127.17	0.02	10.76
3127.71	0.00	10.78
1503.18	0.04	40.38
1567.97	0.00	70.60
568.28	0.00	82.04
2508.78	0.04	45.73
566.36	0.02	125.42
2512.38	0.00	13.40
1019.28	0.04	85.97
2524.10	0.02	5.53
2524.10	0.02	5.53
2524.54	0.00	3.67
2524.54	0.00	2.31
2524.54	0.00	4.57
2524.54	0.00	5.02
868.31	0.00	83.88
1750.51	0.00	48.72
875.10	0.02	86.75
1728.76	0.05	71.13
868.31	0.00	79.19
868.31	0.00	95.23
2661.80	0.00	25.43
2713.99	0.00	11.75
2713.99	0.00	11.75
1356.99	0.00	39.94
16072.34	0.02	3.60
1304.34	0.04	43.58
2194.24	0.02	29.21
2183.71	0.02	26.91
2180.74	0.00	27.40
2177.26	0.00	24.69
2173.41	0.02	75.57
2169.94	0.02	75.42
234.59	0.00	269.10
1348.59	0.02	154.52
1348.53	0.00	154.94
1583.35	0.00	56.21
234.58	0.00	310.44
1348.29	0.02	158.93
0.00	100.00	0.00
3233.93	0.02	34.05
3234.50	0.00	6.85
1617.25	0.00	8.63
1617.25	0.00	8.24
1617.25	0.00	8.69
2154.79	0.02	24.05
2154.42	0.04	20.00
3400.38	0.00	7.36
1197.11	0.02	24.98
3352.49	0.00	6.96
3591.95	0.00	7.44
1205.09	0.04	100.11
670.80	0.00	70.42
670.65	0.02	73.50
1318.87	0.02	68.80
2409.95	0.00	46.43
2524.61	0.00	14.87
662.40	0.00	120.58
1382.84	0.00	101.46
1027.27	0.00	57.66
2103.97	0.02	17.27
368.08	0.02	91.10
1736.05	0.00	82.09
3426.98	0.00	28.55
1759.07	0.02	36.30
1662.59	0.02	33.27
2839.22	0.02	37.85
602.39	0.02	52.26
1759.28	0.00	25.28
1893.70	0.02	47.11
1893.80	0.02	36.22
1507.92	0.02	98.87
398.50	0.02	197.11
1494.91	0.04	93.61
1893.80	0.02	36.51
783.01	0.04	106.06
1487.93	0.00	94.22
2262.65	0.02	35.17
394.41	0.02	76.96
1865.09	0.02	68.07
1098.30	0.02	38.21
1711.97	0.02	44.64
363.99	0.00	130.12
1716.36	0.00	13.27
171.74	0.02	124.92
1709.92	0.06	55.78
1179.03	0.02	108.17
1616.35	26.69	90.50
2424.53	0.04	17.26
808.32	0.02	47.80
2424.96	0.02	3.86
220.49	0.00	37.28
2425.38	0.00	7.60
436.39	0.00	214.01
2547.87	0.02	157.85
1361.49	0.00	67.25
1724.13	0.02	85.98
1204.41	0.00	39.45
470.53	78.77	308.03
302.16	0.02	171.10
591.36	0.04	249.10
1723.40	0.06	123.06
845.00	0.04	182.13
302.21	0.00	125.38
2025.60	0.04	56.62
1543.22	0.00	71.42
1546.66	0.02	57.42
772.58	0.04	143.29
773.95	0.02	137.60
1540.48	0.02	75.99
1538.97	0.04	89.47
1607.74	0.02	75.99
1626.95	0.02	25.84
800.53	0.04	128.89
1601.33	0.02	82.64
813.62	0.00	104.78
1614.14	0.02	24.81
2520.44	0.02	3.74
2521.01	0.00	3.67
2521.01	0.00	3.67
2521.01	0.00	8.30
2521.01	0.00	10.30
2520.13	0.04	9.91
1503.73	0.00	83.46
1491.57	0.00	34.40
2563.92	0.02	61.79
2559.82	0.04	71.32
1439.91	0.00	67.47
380.42	0.02	117.57
1130.77	0.05	47.95
2262.73	0.00	11.02
2262.33	0.02	8.39
2262.21	0.02	4.36
1131.36	0.00	7.63
1131.17	0.02	49.80
2435.48	0.02	67.06
2805.88	0.00	30.07
2806.47	0.00	12.87
370.57	0.00	91.73
369.78	0.05	165.66
2124.16	0.02	86.05
3431.54	0.00	6.77
2807.63	0.00	29.56
3430.94	0.02	5.69
311.96	0.00	24.17
311.83	0.04	27.51
3431.54	0.00	6.10
1089.40	0.02	13.04
2179.18	0.00	14.00
2178.79	0.02	9.32
2179.18	0.00	14.90
1089.40	0.02	14.00
1089.59	0.00	7.90
2704.16	0.00	45.86
1357.23	0.02	67.12
2704.16	0.00	29.25
1346.69	0.00	73.19
2714.93	0.00	15.92
2714.46	0.02	16.44
2577.27	0.00	72.79
2085.41	0.02	123.35
442.38	0.00	105.94
3027.90	0.00	10.77
245.50	0.02	161.58
245.50	0.02	181.39
2006.89	0.00	12.14
182.44	0.00	49.42
0.00	100.00	0.00
1823.81	4.80	145.12
0.00	100.00	0.00
0.00	100.00	0.00
1377.77	0.04	12.52
2756.51	0.00	3.40
2755.88	0.02	3.46
2756.03	0.02	6.79
1378.25	0.00	6.34
1377.77	0.04	13.60
2524.54	0.00	3.61
2524.10	0.02	9.53
2524.54	0.00	7.28
2524.54	0.00	3.67
2524.54	0.00	3.67
2524.54	0.00	3.67
2794.24	0.00	40.68
0.00	100.00	0.00
254.02	0.00	86.07
254.02	0.00	36.14
2540.22	9.09	58.82
2285.40	18.21	65.27
1494.13	0.02	55.04
746.90	0.04	57.70
1120.60	0.02	11.91
2241.59	0.00	4.16
2240.69	0.04	8.43
1120.60	0.02	12.09
2390.44	0.00	81.65
2382.46	0.02	215.10
2390.02	0.02	39.71
796.67	0.02	453.21
1593.35	0.02	229.38
2390.02	0.02	38.88
2569.66	0.00	27.90
2569.66	0.00	12.20
2619.08	0.00	12.18
1235.20	0.02	48.17
1235.42	0.00	45.29
2520.25	0.00	22.01
2760.25	0.02	7.81
1380.37	0.00	6.73
1380.37	0.00	6.33
2759.29	0.05	13.44
2760.25	0.02	6.84
2760.74	0.00	3.39
840.24	0.02	491.46
1680.77	0.00	266.89
2521.16	0.00	94.88
2512.75	0.02	204.91
2521.16	0.00	37.86
2521.16	0.00	78.85
2280.33	10.02	72.32
253.41	0.00	40.57
0.00	100.00	0.00
0.00	100.00	0.00
253.33	87.50	40.59
2534.14	0.00	3.66
1236.44	0.04	79.14
2473.75	0.00	43.55
2483.57	0.00	19.05
1246.69	0.00	48.56
1226.85	0.02	84.58
2463.94	0.00	49.06
2918.48	0.00	21.04
1517.61	0.00	18.44
1517.61	0.00	18.88
1517.34	0.02	16.88
1459.24	0.00	26.06
1459.24	0.00	26.91
1207.24	0.00	6.85
1207.24	0.00	43.67
1207.03	0.02	17.54
1207.03	0.02	42.32
2413.94	0.02	3.88
2413.22	0.05	11.27
1705.76	0.02	43.67
870.29	0.02	48.11
1705.76	0.02	32.24
870.44	0.00	53.75
870.29	0.02	37.95
1775.70	0.00	14.39
698.47	0.00	200.74
780.13	0.02	170.17
2168.61	0.00	45.04
672.64	0.00	177.63
1343.98	0.02	124.32
823.03	0.04	186.14
198.76	0.00	90.45
198.69	0.04	45.55
198.76	0.00	41.30
1987.28	9.11	55.28
0.00	100.00	0.00
1788.87	10.00	94.40
2234.00	0.02	50.59
1117.00	0.02	73.65
1152.26	0.04	77.85
1108.33	0.00	101.94
1108.14	0.02	78.81
1116.81	0.04	79.48
2528.07	0.00	11.09
1663.20	0.00	45.72
2494.80	0.00	23.90
415.73	0.02	92.86
1246.96	0.04	61.06
415.80	0.00	104.25
2125.38	0.00	15.37
2125.00	0.02	8.65
193.22	0.00	51.97
1931.48	9.12	64.60
1932.16	0.00	4.65
0.00	100.00	0.00
2846.46	0.00	8.56
2587.24	0.02	36.41
2846.46	0.00	6.71
0.00	100.00	0.00
2846.46	0.00	35.27
258.72	0.02	62.32
2523.31	0.00	59.82
3055.17	0.00	28.07
531.67	0.04	115.54
3058.04	0.02	11.99
3058.57	0.00	11.84
2522.70	0.02	53.79
912.55	0.00	50.79
527.25	0.00	38.71
2331.67	0.02	9.08
2311.40	0.02	16.86
2332.08	0.00	9.05
912.39	0.02	44.48
2777.39	0.00	11.63
487.89	0.00	61.94
1432.87	0.04	77.72
1340.14	0.00	73.28
2790.11	0.02	11.98
2788.07	0.04	36.37
2024.39	0.02	15.37
2024.39	0.02	8.98
1012.37	0.00	16.04
2024.75	0.00	7.16
1012.37	0.00	8.47
2024.04	0.04	13.05
1379.49	54.17	67.09
2896.93	0.02	7.47
2634.04	8.30	34.39
263.40	0.00	31.28
1517.44	47.40	35.81
275.95	0.00	33.21
1978.53	0.00	26.62
1020.32	0.02	39.90
1353.49	0.02	42.43
1978.18	0.02	24.16
1020.32	0.02	31.12
562.32	0.00	41.09
0.00	100.00	0.00
1394.02	0.02	6.33
2788.54	0.00	3.36
2787.56	0.04	36.70
2788.05	0.02	6.76
2788.54	0.00	6.70
341.54	0.05	329.53
3331.75	0.00	17.15
3330.58	0.04	56.49
2990.03	0.00	112.64
2990.03	0.00	18.66
2989.51	0.02	119.38
1943.40	0.02	69.77
1943.74	0.00	39.35
1428.74	0.00	112.79
1943.23	0.02	56.90
511.72	0.00	165.73
1943.74	0.00	39.59
1890.43	0.02	11.36
1890.76	0.00	9.82
1890.43	0.02	8.47
1890.43	0.02	8.53
1890.43	0.02	11.41
1890.76	0.00	5.14
3064.10	0.00	49.62
362.60	0.02	85.82
419.94	0.02	104.04
2368.65	0.04	26.68
2933.82	0.02	54.78
2415.83	0.00	11.47
484.30	0.02	119.02
3675.79	0.00	13.00
3751.77	0.04	31.61
1839.07	0.00	46.29
1839.07	0.00	52.89
3268.93	0.00	62.18
1373.38	0.04	67.07
2758.36	0.02	33.42
2746.89	0.04	26.09
2735.28	0.06	34.43
2758.85	0.00	13.94
1384.68	0.02	48.05
2049.08	0.02	91.63
1600.93	0.02	42.82
311.72	0.02	138.55
1258.89	61.87	133.20
3619.77	0.00	10.95
1810.38	0.00	19.89
1770.31	0.00	30.09
2068.33	0.02	82.24
534.25	0.02	183.45
2603.51	0.00	13.53
2216.28	0.04	90.89
386.02	0.02	119.70
0.00	100.00	0.00
0.00	100.00	0.00
4000.00	0.00	2.48
0.00	100.00	0.00
4000.00	0.00	25.74
4000.00	0.00	25.74
2935.20	0.04	11.13
2936.38	0.00	3.22
2936.38	0.00	3.22
2936.38	0.00	6.95
2936.38	0.00	6.43
2935.86	0.02	6.49
1598.58	0.00	6.43
1598.58	0.00	8.75
1598.58	0.00	7.84
3197.16	0.00	2.99
3196.60	0.02	3.05
3197.16	0.00	6.04
1852.97	13.01	48.57
3412.96	0.02	19.92
3414.95	0.04	20.85
345.66	0.04	84.78
3076.07	0.00	7.28
1175.45	0.02	43.96
2376.82	0.02	30.78
216.07	0.02	76.57
216.11	0.00	42.20
2160.37	9.12	44.06
2161.12	0.00	40.27
0.00	100.00	0.00
2206.48	0.00	35.42
1284.69	0.04	78.82
2202.52	0.00	30.62
498.06	0.04	102.36
498.24	0.00	104.42
1704.29	0.00	51.70
623.75	0.02	159.54
269.79	0.02	115.50
2204.08	0.02	77.20
269.84	0.00	97.09
2821.85	0.00	10.27
2827.83	0.02	20.46
2713.36	0.00	42.27
3428.32	0.02	21.20
2808.42	0.04	41.91
600.20	0.02	46.04
697.31	0.00	34.47
601.26	0.00	39.98
2231.30	0.04	190.72
322.61	0.04	377.02
2232.12	0.02	174.48
591.62	0.02	174.58
1287.55	0.02	74.04
1535.50	0.04	58.67
1776.90	0.00	13.71
1776.28	0.04	11.46
1776.90	0.00	9.20
1776.90	0.00	5.02
1776.90	0.00	5.02
1776.90	0.00	12.36
441.64	0.02	127.01
370.02	0.02	223.34
2497.65	0.02	86.19
2867.14	0.04	65.81
2868.17	0.00	31.34
2435.51	0.02	108.53
1837.28	0.02	61.54
706.65	61.55	64.85
1837.28	0.02	45.92
1837.60	0.00	11.15
0.00	100.00	0.00
0.00	100.00	0.00
15531.43	0.02	2.99
980.35	0.04	47.43
1921.14	0.05	32.65
980.52	0.02	33.12
1764.63	0.04	27.54
980.52	0.02	32.43
228.75	0.02	43.80
2287.52	0.02	41.90
2516.84	0.00	7.35
2288.04	0.00	43.29
228.71	0.04	39.75
6634.15	0.02	3.50
4202.05	0.02	24.56
2126.51	0.00	47.48
4219.54	0.00	25.75
4218.80	0.02	11.97
4219.54	0.00	11.21
2093.02	0.00	46.89
0.00	100.00	0.00
2479.34	0.00	41.67
2479.34	0.00	3.73
2478.47	0.04	90.06
0.00	100.00	0.00
0.00	100.00	0.00
180.00	0.00	50.07
1980.00	0.00	57.41
0.00	100.00	0.00
0.00	100.00	0.00
1979.65	0.02	50.18
0.00	100.00	0.00
1990.11	0.00	43.16
1985.88	0.00	37.72
2492.68	0.05	27.12
529.28	0.00	40.16
533.52	0.00	47.41
2510.93	0.00	19.48
2773.23	0.04	73.04
482.49	0.00	115.61
2774.35	0.00	63.75
3256.99	0.00	30.85
3256.99	0.00	12.28
483.11	0.00	95.77
2200.23	0.00	25.79
2196.51	0.00	36.98
1746.04	0.00	41.39
2211.40	0.00	23.26
469.00	0.02	54.03
2192.40	0.02	39.86
2816.90	0.00	7.29
2815.91	0.04	6.28
2816.41	0.02	3.39
2816.41	0.02	3.39
2816.90	0.00	7.18
2816.41	0.02	7.81
2997.03	0.00	37.97
1844.09	0.00	53.49
631.43	0.02	57.81
1844.09	0.00	49.00
3626.92	0.02	18.27
3626.92	0.02	21.96
1372.14	0.00	61.62
2787.69	0.02	17.20
1371.89	0.02	69.17
2766.22	0.00	16.29
1383.11	0.00	28.10
1372.14	0.00	52.91
1221.27	0.02	71.50
1221.48	0.00	66.46
1240.81	0.02	51.41
1221.21	0.02	38.21
1221.06	0.04	62.90
1221.48	0.00	26.84
2397.46	0.02	101.76
2155.63	0.00	32.31
242.15	0.04	290.29
2155.99	15.24	130.09
242.23	0.00	213.24
2639.63	0.02	32.63
1695.32	0.02	34.84
687.41	0.00	52.38
1053.85	0.02	48.83
2077.15	0.02	22.70
2062.24	0.00	19.11
381.83	0.02	83.40
463.63	0.00	310.75
2647.65	0.02	95.60
2650.24	0.04	113.41
2276.19	0.02	52.46
835.13	0.00	54.39
3111.17	0.02	16.74
374.02	0.02	124.79
732.12	0.00	117.46
1341.73	0.00	41.22
2512.17	0.00	15.24
1456.34	0.05	117.11
799.78	0.02	170.57
0.00	100.00	0.00
4581.68	9.11	20.40
5039.85	0.02	6.27
2519.93	0.02	5.54
2520.37	0.00	3.67
458.17	0.02	18.09
3508.16	0.02	9.26
0.00	100.00	0.00
3189.79	9.09	28.67
318.98	0.00	25.91
3508.77	0.00	5.53
3508.77	0.00	2.77
509.41	0.00	116.71
2224.75	0.02	27.73
224.64	0.00	98.87
472.27	0.00	106.12
1715.73	0.00	72.91
1529.73	0.02	85.95
2829.80	0.00	23.83
2829.80	0.00	12.30
2828.84	0.00	29.63
600.74	0.02	73.15
2827.88	0.00	22.39
2227.22	0.04	56.48
3543.31	0.00	16.69
1842.52	0.00	27.33
1771.65	0.00	26.61
1842.52	0.00	16.05
3613.54	0.02	18.50
1771.34	0.02	20.93
3448.71	0.00	62.26
4048.38	0.02	22.24
4048.33	0.00	51.79
4048.48	0.00	21.83
599.77	0.00	84.97
599.56	0.04	83.91
2386.38	0.02	35.08
670.45	0.00	45.05
1743.17	0.00	37.78
2391.74	0.02	18.72
2386.80	0.00	24.51
2397.53	0.00	9.98
2344.01	0.04	71.42
586.91	0.00	145.82
586.81	0.02	148.99
1173.83	0.00	34.63
1172.89	0.00	117.76
1168.93	0.02	116.21
2652.09	0.02	12.25
1326.28	0.00	11.73
241.14	0.00	36.21
2410.99	0.02	38.25
2652.56	0.00	3.51
1326.05	0.02	15.56
1149.60	0.00	79.07
2298.80	0.02	47.44
1149.60	0.00	93.86
2299.21	0.00	38.34
2299.21	0.00	19.45
2289.21	0.04	47.18
784.69	0.02	169.60
2338.29	0.05	66.92
780.95	0.02	78.67
779.84	0.00	162.51
779.70	0.02	154.55
780.95	0.02	61.93
0.00	100.00	0.00
0.00	100.00	0.00
2524.54	0.00	39.95
2295.04	0.00	37.56
2524.10	0.02	43.23
229.50	0.00	39.50
1213.69	61.57	85.38
2887.77	0.00	44.31
1498.15	0.02	26.68
298.73	0.00	87.09
296.36	0.00	103.87
1576.66	0.00	72.95
320.61	0.04	186.63
2164.11	0.00	98.43
2484.77	0.00	61.16
2163.23	0.04	96.87
1267.03	0.02	29.98
1267.23	0.00	44.73
3214.94	0.00	10.12
1516.21	0.02	38.51
1577.14	0.00	28.34
3154.28	0.00	10.78
1515.95	0.04	38.51
1516.48	0.00	23.89
2075.32	0.00	66.32
1290.35	0.00	37.15
2075.32	0.00	36.36
436.72	0.04	104.41
1289.20	0.04	35.01
2512.19	0.00	25.20
2679.64	0.04	86.83
2680.25	7.78	72.77
282.06	0.04	159.45
3245.37	0.02	11.00
3246.39	0.00	26.50
282.01	0.05	185.43
3421.45	0.02	4.69
3422.05	0.00	3.73
3422.05	0.00	2.82
3422.05	0.00	4.18
3422.05	0.00	2.82
3421.45	0.02	5.20
1545.36	0.02	43.70
355.63	0.00	49.97
888.92	0.02	39.35
3050.22	0.00	14.29
3063.36	0.02	6.62
3050.22	0.00	12.49
1175.85	0.05	48.23
1175.79	0.06	13.82
2352.53	0.02	7.13
1176.26	0.02	47.25
2352.53	0.02	8.15
2352.53	0.02	3.45
2054.79	0.00	14.85
2054.79	0.00	13.94
1027.04	0.04	22.36
1027.40	0.00	14.00
11301.37	0.00	1.20
1027.04	0.04	21.40
1198.35	0.00	40.88
1858.85	0.04	28.45
2024.79	0.00	22.21
1032.88	0.02	33.53
2066.12	0.00	11.40
2024.79	0.00	21.08
697.95	0.00	71.00
2207.79	0.00	76.46
2581.40	0.02	69.65
3292.18	0.00	24.35
386.99	0.02	136.62
387.06	0.00	82.21
1608.28	0.00	49.19
3165.48	0.04	35.15
1558.31	0.00	48.68
2841.31	0.02	19.42
2841.81	0.00	112.24
324.66	0.04	226.21
4235.89	0.00	20.67
4235.89	0.00	13.58
500.37	0.02	53.18
4236.69	0.00	13.75
500.37	0.02	51.83
3238.41	0.02	36.76
317.95	0.02	119.85
1427.55	0.02	59.38
2615.62	0.00	28.30
871.84	0.00	70.73
1429.57	0.02	27.87
2614.96	0.02	23.35
492.67	0.02	128.64
1949.05	0.00	198.11
2441.11	0.02	83.11
2441.54	0.00	21.27
250.36	0.02	188.12
2441.54	0.00	41.14
842.77	0.04	128.39
843.06	0.00	101.65
983.40	0.02	75.94
2542.57	0.00	18.62
836.23	0.02	132.20
1538.39	0.04	50.13
2997.20	0.00	21.54
2996.68	0.02	21.94
2206.45	0.00	11.27
2072.17	0.02	29.50
2863.29	0.00	23.16
796.99	0.02	45.20
2560.82	9.09	41.55
2816.41	0.02	8.66
2815.91	0.04	11.56
256.08	0.00	35.55
0.00	100.00	0.00
2816.41	0.02	6.73
1726.45	9.09	58.05
1898.43	0.04	64.70
0.00	100.00	0.00
1898.33	0.04	9.63
172.62	0.02	95.55
0.00	100.00	0.00
1081.91	0.00	204.04
1079.80	0.04	222.66
2160.33	0.02	64.49
2160.71	0.00	89.39
2161.06	0.00	31.75
2159.61	0.04	91.81
937.24	0.02	262.96
2061.28	0.02	80.06
1093.15	0.02	156.58
1124.71	0.00	232.96
968.24	0.02	160.97
936.78	0.04	308.35
1712.73	0.02	36.66
2544.62	0.02	7.79
2545.07	0.00	14.96
2528.75	0.00	14.76
407.86	0.00	45.67
407.79	0.02	44.89
573.14	0.00	111.07
1488.75	0.04	55.75
563.92	0.04	123.20
1606.33	0.02	47.55
2052.67	0.04	30.05
1484.50	0.02	57.74
2392.81	0.06	13.43
1957.86	18.22	47.30
0.00	100.00	0.00
217.58	0.04	43.55
217.65	0.00	36.74
2393.78	0.02	76.91
658.38	0.00	15.73
1316.06	0.05	27.26
1316.29	0.04	10.44
1974.09	0.05	44.87
1316.52	0.02	9.90
658.38	0.00	51.25
1940.72	0.00	53.80
1031.11	0.00	43.38
1940.26	0.02	57.75
180.60	0.00	180.70
700.40	0.02	131.05
1059.70	44.99	139.80
3000.00	0.00	6.37
2999.47	0.02	6.04
3000.00	0.00	5.02
2999.47	0.02	5.08
2999.47	0.02	5.92
3000.00	0.00	3.16
1408.45	0.00	6.16
2816.41	0.02	6.73
2815.91	0.04	15.26
2816.41	0.02	3.39
1408.45	0.00	6.22
2816.90	0.00	3.33
2179.18	0.00	13.60
1089.59	0.00	9.65
1089.21	0.04	12.03
2179.18	0.00	10.16
2178.79	0.02	11.57
2179.18	0.00	8.61
3968.04	0.02	6.18
3607.94	0.00	26.41
3968.73	0.00	5.76
2525.56	0.00	6.30
2524.98	0.02	6.11
360.79	0.00	26.69
0.00	100.00	0.00
2435.34	0.04	46.22
2436.32	0.00	3.78
2436.32	0.00	3.78
2214.45	0.02	75.12
0.00	100.00	0.00
1672.70	0.02	58.73
1646.36	0.02	59.40
3345.41	0.02	15.16
1672.70	0.02	29.15
1659.82	0.00	26.17
1645.70	0.06	67.21
1217.86	0.00	6.61
1217.86	0.00	10.96
2435.72	0.00	3.78
1217.22	0.05	15.60
2435.30	0.02	7.63
2435.30	0.02	7.63
1277.25	0.00	145.28
1252.31	0.02	99.20
1079.48	0.00	123.81
2315.13	0.02	49.57
1194.43	0.04	136.05
1038.28	0.00	87.45
2001.15	0.05	33.50
1131.68	0.00	50.73
469.89	0.04	57.73
435.11	0.04	44.29
435.19	0.02	58.20
1549.26	0.02	40.55
2434.87	0.04	50.64
0.00	100.00	0.00
0.00	100.00	0.00
1992.52	10.02	41.30
221.35	0.04	43.35
221.43	90.91	46.67
2329.91	0.02	36.05
2961.76	0.00	8.88
2966.77	0.00	8.74
2956.75	0.00	16.55
626.32	0.02	47.40
2951.22	0.02	15.92
2491.92	0.00	30.49
2925.42	0.00	14.87
436.28	0.00	152.02
2349.53	0.00	86.11
575.89	0.00	231.36
4626.00	0.00	10.68
0.00	100.00	0.00
1980.72	9.11	50.02
1089.59	0.00	33.10
1089.59	0.00	54.60
1089.21	0.04	31.64
198.07	0.02	49.92
1450.87	27.83	133.74
2359.34	0.00	87.26
1257.74	0.00	110.38
472.56	0.00	189.61
349.53	0.00	154.47
2009.56	0.04	128.88
0.00	100.00	0.00
2060.35	0.04	41.91
229.01	0.00	35.91
229.01	0.00	45.16
2519.08	0.00	44.58
2519.08	0.00	39.54
872.32	0.02	53.28
810.15	0.00	94.57
841.31	0.00	60.54
778.72	0.04	103.39
1682.62	0.00	21.09
1619.73	0.04	55.60
274.76	0.00	155.85
2403.13	0.02	42.91
2402.71	0.04	56.28
1623.49	0.02	220.91
777.88	0.02	165.94
2403.90	0.00	38.55
1460.45	0.00	63.53
2190.29	0.02	53.07
2190.67	0.00	11.59
730.10	0.02	54.71
0.00	100.00	0.00
730.10	0.02	16.71
314.86	0.00	147.70
2673.89	0.02	24.67
2046.81	0.02	95.23
2036.38	0.04	43.58
314.70	0.02	144.25
627.48	0.04	65.65
1526.72	0.04	53.25
2090.80	0.02	46.11
2123.69	0.02	13.13
2123.69	0.02	13.13
2105.27	0.00	24.49
596.70	0.02	44.24
5271.43	0.00	3.14
256.99	90.48	40.59
2570.98	0.02	67.71
257.14	0.00	34.40
2828.57	0.00	3.35
5270.50	0.02	2.05
1740.20	0.02	13.91
1739.90	0.04	20.14
1423.55	0.04	51.47
158.20	0.02	55.96
1582.28	0.00	11.44
158.23	0.00	50.81
329.72	0.02	240.71
1638.22	0.00	89.18
1692.66	13.48	157.96
1651.23	51.77	112.99
1914.64	0.00	33.60
3937.60	0.00	23.80
1901.72	0.02	38.36
500.34	0.04	83.16
500.36	0.04	70.55
1921.73	0.02	25.83
500.54	0.00	89.77
1381.01	0.04	45.73
231.53	0.02	71.55
231.53	0.02	46.25
0.00	100.00	0.00
2315.71	9.09	43.82
2083.77	18.20	43.82
2315.30	0.02	8.62
1943.84	0.00	10.61
1943.84	0.00	4.63
1943.50	0.02	8.30
1943.84	0.00	4.12
1943.84	0.00	7.84
1943.50	0.02	4.69
954.27	0.00	75.96
953.72	0.06	81.19
1908.53	0.00	35.61
1763.18	0.02	47.17
1908.20	0.02	36.52
954.27	0.00	38.55
1482.27	0.02	29.70
829.48	0.00	77.03
1481.21	0.00	30.63
822.90	0.00	49.44
3784.01	0.00	18.86
2328.72	0.02	41.43
3852.01	0.04	48.84
5291.27	0.00	15.24
6076.05	0.00	15.85
784.64	0.02	55.27
6055.21	0.00	7.19
1442.73	0.00	33.02
1951.92	0.00	35.89
706.01	0.00	47.73
518.95	0.04	62.38
1349.49	0.02	41.34
1017.49	0.00	25.80
2346.04	0.02	28.04
2499.79	0.00	23.39
700.82	0.00	62.33
2483.23	0.00	29.00
2488.31	0.02	23.67
1793.13	0.02	41.06
2499.79	0.00	11.46
3335.85	0.00	17.27
3351.75	0.04	24.96
2646.58	0.02	27.84
3356.34	0.00	8.46
711.57	0.00	36.90
3358.62	0.00	8.68
0.00	100.00	0.00
0.00	100.00	0.00
2213.25	0.04	47.59
2214.02	0.00	10.56
2214.02	0.00	15.52
2214.02	0.00	4.12
2633.50	0.00	10.32
2633.50	0.00	8.74
2632.91	0.02	6.62
1316.75	0.00	9.45
2633.04	0.02	7.13
1316.52	0.02	6.68
1751.97	0.04	10.29
3505.36	0.00	5.53
1752.68	0.00	7.46
3505.36	0.00	4.86
1752.68	0.00	10.23
3505.36	0.00	5.79
712.56	0.02	78.23
4809.61	0.02	45.17
15856.65	0.00	4.50
5523.10	0.00	9.19
5523.11	0.00	9.31
5523.10	0.00	9.25
2509.26	0.00	12.93
2509.26	0.00	12.69
2506.02	0.02	50.20
437.01	0.04	107.08
2070.31	0.02	61.11
2070.68	0.00	61.44
982.93	0.02	112.48
1963.07	0.00	72.55
1964.64	0.00	48.72
1962.28	0.04	74.48
1963.95	0.04	48.02
981.02	0.05	133.86
1920.28	9.11	45.57
0.00	100.00	0.00
2112.68	0.00	49.67
192.03	0.02	42.01
0.00	100.00	0.00
2112.68	0.00	4.25
3546.99	0.00	18.43
2590.50	0.00	18.74
996.17	0.02	23.42
3586.22	0.02	15.48
17870.48	0.00	2.39
3562.31	0.02	6.79
219.43	0.00	41.24
0.00	100.00	0.00
2413.75	0.00	10.09
219.43	0.00	45.02
2193.93	0.02	41.67
2193.55	9.12	49.04
2816.41	0.02	8.65
2816.90	0.00	3.33
2816.41	0.02	3.39
2816.90	0.00	6.73
2815.42	0.05	11.48
2816.90	0.00	7.18
2339.41	0.04	27.58
1459.81	0.02	30.62
1880.19	0.00	34.59
499.96	0.02	62.82
579.96	0.02	39.63
1860.19	0.00	26.24
3829.93	4.78	23.22
0.00	100.00	0.00
4212.19	0.04	26.54
0.00	100.00	0.00
382.99	0.02	24.08
4213.66	0.00	2.38
1429.77	0.04	92.76
0.00	100.00	0.00
2145.41	0.00	8.47
2145.41	0.00	48.30
714.89	0.04	46.45
2145.04	0.02	4.30
1466.26	44.45	31.37
1612.88	0.02	5.54
3225.77	0.02	6.02
1466.00	9.12	33.67
3225.77	0.02	10.06
293.30	0.00	28.11
2479.34	0.00	3.47
2479.34	0.00	3.47
1239.67	0.00	7.39
2478.47	0.04	10.45
1239.45	0.02	5.59
2479.34	0.00	7.20
1769.02	0.02	131.15
589.67	0.02	624.90
1760.68	0.00	292.86
1769.33	0.00	104.70
1179.35	0.02	313.71
1769.33	0.00	99.28
264.47	0.00	148.59
1876.04	0.00	71.65
1927.76	0.02	59.67
2400.24	0.02	11.84
2399.94	0.00	32.91
262.32	0.02	158.65
706.78	0.00	76.95
2514.44	0.04	45.86
706.43	0.02	81.21
3217.35	0.00	31.39
2537.93	0.00	42.86
3217.58	0.00	22.03
2345.92	0.04	24.72
2346.33	0.02	21.24
2393.68	0.00	12.11
2440.61	0.00	11.14
1173.17	0.02	30.77
1173.17	0.02	39.53
933.38	0.00	43.39
1902.96	0.02	52.14
515.30	0.02	51.83
2402.45	0.00	24.46
994.26	0.00	42.64
913.09	0.00	40.31
2200.40	0.02	37.25
1105.09	0.02	34.35
1100.39	0.00	42.43
616.08	0.02	59.38
1686.98	0.02	41.41
2205.29	0.02	12.25
4158.40	8.79	132.03
416.35	0.00	210.47
2897.64	0.00	54.50
2897.64	0.00	35.98
4159.35	0.00	18.98
2896.54	0.04	56.26
2478.90	0.02	9.35
3719.01	0.00	6.40
1239.45	0.02	15.87
1239.67	0.00	6.49
1239.45	0.02	11.18
3719.01	0.00	2.46
2320.53	0.00	113.09
2320.53	0.00	86.34
2314.14	0.00	248.46
1546.75	0.02	259.47
773.24	0.04	543.90
2320.12	0.02	43.97
4353.08	0.02	14.14
4363.16	0.00	6.29
3189.71	0.00	31.86
586.72	0.00	40.55
4353.84	0.00	12.13
582.06	0.00	32.97
304.90	0.02	166.38
1752.89	0.00	107.27
2057.07	0.04	77.53
2057.36	0.02	45.81
2057.81	0.00	36.97
2057.47	0.02	19.34
2930.93	0.02	8.31
2931.60	0.00	8.76
2931.60	0.00	6.44
2931.60	0.00	3.22
2931.60	0.00	9.21
2931.60	0.00	3.22
2690.05	0.02	100.34
7377.35	0.00	15.54
2690.75	0.00	82.72
347.07	0.04	137.15
3037.94	0.00	15.10
347.14	0.02	116.33
1176.21	0.00	60.84
1175.80	0.04	79.35
1157.69	0.00	51.09
2343.16	0.00	19.21
1157.48	0.02	95.29
2333.49	0.02	37.89
851.87	0.02	35.60
763.61	0.04	63.63
2203.12	0.02	38.10
734.24	0.04	70.86
1438.87	0.05	50.99
763.88	0.00	49.32
1207.33	0.00	86.26
2404.66	0.02	31.73
1197.06	0.06	79.56
2395.08	0.02	43.96
2414.67	0.00	17.19
2424.25	0.00	17.56
656.74	0.00	141.46
1279.29	0.02	100.43
1650.63	0.02	84.11
2219.34	0.00	26.63
561.53	0.02	64.47
283.03	0.02	151.71
2816.90	0.00	8.53
2816.90	0.00	8.14
2816.41	0.02	6.22
2815.91	0.04	6.73
2816.90	0.00	3.33
2816.90	0.00	3.33
1939.05	0.00	31.59
565.46	0.02	43.41
1959.24	0.00	12.19
1413.64	0.02	37.95
525.16	0.00	55.48
1312.44	0.04	45.32
1448.29	0.04	60.81
2909.19	0.00	12.93
1448.80	0.00	58.32
2886.01	0.00	32.16
2897.09	0.02	23.66
2909.19	0.00	13.18
2376.48	0.00	33.21
2376.16	0.00	37.10
504.46	0.00	87.43
2375.90	0.02	27.97
2376.48	0.00	13.24
1874.75	0.04	55.76
375.39	0.02	114.12
1775.04	0.00	81.72
744.67	0.04	131.83
1760.69	0.00	87.62
1389.54	0.04	110.95
374.26	0.00	108.43
3270.53	0.02	43.90
660.17	0.00	127.36
2653.77	0.02	184.41
3271.10	0.00	35.71
335.44	0.02	186.70
3270.35	0.02	17.86
1722.63	0.00	54.71
3458.44	0.02	27.45
1736.11	0.02	34.51
3472.83	0.00	12.71
1722.33	0.02	48.57
1722.33	0.02	38.06
1981.10	0.04	57.26
2326.16	0.00	17.76
1361.70	0.02	154.77
344.65	0.00	197.45
1030.66	0.00	71.18
961.92	0.04	111.80
1575.46	0.00	49.01
525.06	0.02	76.80
2079.25	0.02	22.79
525.06	0.02	70.25
524.97	0.04	84.54
2100.62	0.00	12.38
1144.03	0.02	40.87
1144.03	0.02	52.54
1059.10	0.04	49.40
3008.37	0.02	19.64
2075.84	0.04	31.08
1059.29	0.02	50.24
2714.26	0.04	25.85
2714.26	0.04	30.07
2141.96	0.04	66.83
2713.89	0.04	34.21
576.18	0.00	79.78
2715.21	0.00	12.45
2093.36	0.00	23.71
991.42	0.02	38.19
2556.10	0.00	8.60
1873.00	0.00	29.86
550.69	0.04	48.87
550.79	0.02	50.05
259.85	0.00	643.87
2858.38	0.00	59.09
2588.71	10.48	679.47
2598.01	9.11	913.00
261.47	0.02	1399.09
2858.38	0.00	59.22
352.46	0.02	141.69
1762.62	0.00	47.12
761.32	0.02	87.80
719.15	0.00	77.08
704.80	0.04	103.98
1733.51	0.05	51.71
1623.82	0.00	6.86
2435.30	0.02	6.52
811.91	0.00	7.12
2435.30	0.02	3.84
2435.72	0.00	3.78
2435.30	0.02	3.84
3068.26	0.02	35.47
3067.64	0.02	28.50
454.48	0.06	153.67
3067.26	0.04	28.69
2614.20	0.00	77.88
3068.34	0.00	14.37
198.98	0.00	45.55
2188.81	0.00	4.16
2188.05	0.04	45.55
2188.05	0.04	14.84
1989.13	0.04	59.18
0.00	100.00	0.00
0.00	100.00	0.00
0.00	100.00	0.00
3422.05	0.00	2.88
3420.85	0.04	62.52
3422.05	0.00	7.69
3422.05	0.00	6.27
1408.20	0.02	9.10
1408.20	0.02	11.53
2816.90	0.00	13.48
2816.41	0.02	7.63
2816.90	0.00	3.33
2816.41	0.02	3.39
1725.65	0.02	52.79
172.57	0.02	52.70
1898.22	0.02	15.25
0.00	100.00	0.00
1898.22	0.02	54.30
1897.89	0.04	11.42
3174.06	0.00	24.32
3174.06	0.00	21.08
1770.15	0.00	18.29
1525.99	0.00	48.15
3173.51	0.02	10.86
1586.75	0.02	35.83
469.37	0.04	67.26
2497.91	0.00	17.12
920.28	0.00	20.28
469.29	0.05	66.75
1220.57	0.02	48.87
1614.63	0.04	44.68
2549.03	8.36	245.15
290.30	0.00	286.75
346.48	0.00	253.00
2888.47	7.44	162.14
2597.71	0.02	201.27
290.30	0.00	418.56
2471.30	9.11	67.28
247.17	0.00	40.24
1647.25	0.04	15.76
0.00	100.00	0.00
247.17	0.00	32.15
3295.07	0.02	2.97
0.00	100.00	0.00
218.36	0.02	42.95
0.00	100.00	0.00
2401.49	0.04	46.43
0.00	100.00	0.00
0.00	100.00	0.00
2575.33	0.04	114.70
2870.81	0.00	34.70
294.39	0.02	153.14
2870.81	0.00	17.40
2870.81	0.00	17.45
4047.87	0.02	14.01
2303.50	0.00	49.31
2788.12	0.00	21.35
485.31	0.02	71.11
2783.27	0.04	30.76
2787.64	0.02	11.03
2788.12	0.00	21.35
0.00	100.00	0.00
18000.00	0.00	0.90
2759.77	0.04	20.34
2760.74	0.00	3.39
2759.77	0.04	20.37
5521.47	0.00	1.92
2239.72	0.02	69.96
2317.97	0.00	68.50
488.77	0.00	155.71
566.59	0.04	125.19
2806.74	0.00	25.75
2223.77	0.02	71.26
1369.12	0.02	46.02
2716.65	0.02	30.07
1358.56	0.00	53.83
2728.00	0.00	13.80
2661.85	0.04	29.56
2704.84	0.05	37.66
1069.74	0.00	105.66
2200.78	0.00	38.01
2200.78	0.00	29.34
1118.39	0.04	99.99
1817.32	0.02	69.49
383.27	0.00	81.13
0.00	100.00	0.00
1935.33	0.02	4.66
1935.67	0.00	16.60
1759.09	16.70	99.64
0.00	100.00	0.00
175.94	0.02	45.70
3338.79	0.00	15.69
853.10	0.02	41.90
2986.37	0.00	7.13
482.19	0.02	51.88
3357.34	0.00	6.53
1576.38	0.02	31.31
1937.65	0.02	45.68
2659.06	0.02	20.97
745.38	0.00	56.64
1342.88	0.00	31.15
2655.95	0.00	10.60
2653.56	0.00	26.34
1273.25	0.00	102.70
1273.25	0.00	88.84
2544.48	0.00	39.32
2546.51	0.00	41.32
1271.22	0.00	104.67
1271.00	0.02	75.78
189.81	0.00	47.53
0.00	100.00	0.00
2086.74	0.06	18.45
1897.47	0.04	92.46
2087.95	0.00	13.08
0.00	100.00	0.00
1090.46	0.02	66.29
1108.11	0.00	23.82
1963.18	0.00	47.17
3253.95	0.02	11.28
3236.50	0.02	10.82
1963.18	0.00	37.33
1689.84	0.02	10.57
3379.69	0.02	6.31
3379.69	0.02	6.53
1689.84	0.02	9.16
1689.84	0.02	5.31
3380.28	0.00	2.85
3633.06	0.02	31.19
1816.21	0.04	10.47
0.00	100.00	0.00
330.28	0.02	28.57
1816.53	0.02	7.48
3633.69	0.00	2.69
0.00	100.00	0.00
304.41	0.02	30.52
0.00	100.00	0.00
304.47	0.00	27.12
304.36	0.04	30.58
3043.59	9.12	55.85
2103.97	0.02	32.73
914.77	0.02	47.26
1524.88	0.00	26.15
762.31	0.02	38.30
762.31	0.02	50.16
1372.15	0.02	32.86
2874.90	0.02	45.78
0.00	100.00	0.00
2875.40	0.00	39.55
2875.40	0.00	3.27
0.00	100.00	0.00
0.00	100.00	0.00
1084.67	0.00	40.91
1079.11	0.04	86.62
1079.11	0.04	99.44
2160.70	0.00	55.12
1079.30	0.02	57.83
1079.48	0.00	118.64
2714.46	0.02	12.16
2714.93	0.00	9.39
2714.93	0.00	7.82
1357.47	0.00	12.36
2714.93	0.00	3.44
1357.47	0.00	10.10
2414.06	0.02	13.65
0.00	100.00	0.00
1207.03	0.02	49.80
1207.24	0.00	3.84
2413.64	0.04	45.99
1207.24	0.00	46.91
3737.89	10.00	21.96
2283.46	0.04	12.91
2284.26	0.00	6.32
4567.73	0.02	2.29
415.32	0.00	19.07
415.25	0.02	23.08
0.00	100.00	0.00
0.00	100.00	0.00
733.97	0.02	50.14
2201.90	0.02	43.04
1468.19	0.00	54.59
2202.28	0.00	46.85
1179.88	0.04	41.55
1180.30	0.00	43.41
2312.57	0.04	27.06
1227.29	0.02	18.21
2407.81	0.00	12.00
2455.02	0.00	12.23
2047.70	0.00	63.84
2478.32	0.02	32.38
2478.76	0.00	25.35
431.06	0.00	119.76
2047.70	0.00	57.29
2479.01	0.02	13.56
2179.18	0.00	8.81
2179.18	0.00	7.00
2179.18	0.00	12.02
2179.18	0.00	6.49
4358.35	0.00	2.31
2178.41	0.04	7.00
1708.47	0.00	50.29
1080.42	0.00	54.43
1426.89	0.04	66.76
553.29	0.02	49.86
1524.01	0.00	17.29
3126.53	0.02	18.13
662.51	0.00	103.44
2622.07	0.02	82.38
767.15	0.02	96.58
661.45	0.00	117.62
1982.95	0.02	97.88
3307.27	0.00	14.15
2175.63	0.02	39.13
2393.62	0.00	10.18
2392.78	0.04	11.65
217.56	0.02	42.70
2392.78	0.04	41.75
0.00	100.00	0.00
1448.92	0.00	57.19
2908.92	0.02	22.30
2886.25	0.00	31.23
1448.67	0.02	55.44
2908.92	0.02	13.87
2897.84	0.00	12.76
1669.47	0.02	8.26
3338.93	0.02	5.82
1669.17	0.04	14.65
3338.93	0.02	2.94
1669.76	0.00	8.65
3339.52	0.00	2.88
1452.53	0.02	18.07
1452.78	0.00	10.61
1452.78	0.00	10.61
1452.78	0.00	5.53
1452.53	0.02	10.67
1452.53	0.02	17.56
2598.78	0.00	95.95
2932.94	0.04	72.59
1337.84	0.02	47.81
1338.01	0.00	78.01
335.36	0.00	124.36
1596.11	0.00	35.08
284.63	0.02	62.93
2846.25	4.78	36.31
1565.71	0.00	5.64
3131.43	0.00	7.32
2846.25	0.02	32.34
0.00	100.00	0.00
1087.23	0.04	21.49
2174.85	0.02	11.48
2175.23	0.00	8.63
1087.61	0.00	16.79
3262.10	0.02	3.00
1087.61	0.00	13.01
2244.72	9.12	46.24
2470.06	0.00	12.97
2469.07	0.04	12.08
2470.06	0.00	3.70
224.55	0.00	34.12
0.00	100.00	0.00
1097.19	0.04	94.35
1106.34	0.00	84.87
1115.05	0.00	35.07
1088.92	0.00	65.05
2177.84	0.00	68.27
1088.73	0.02	91.55
3117.96	9.09	34.10
311.80	0.00	26.49
0.00	100.00	0.00
3429.16	0.02	2.88
3116.87	0.04	31.02
0.00	100.00	0.00
1070.48	0.02	76.70
1070.48	0.02	69.93
2149.89	0.00	17.75
2140.95	0.02	35.87
2140.95	0.02	16.41
2141.33	0.00	16.43
1466.75	0.04	78.27
514.46	0.02	77.18
1885.33	0.00	53.13
2375.22	0.02	41.57
1406.72	0.02	57.11
502.31	0.04	83.38
2400.92	0.02	22.44
2400.92	0.02	18.40
1737.56	0.04	27.50
673.87	0.00	34.26
2401.34	0.00	29.21
2400.92	0.02	9.46
0.00	100.00	0.00
2811.37	0.04	73.49
2812.50	0.00	3.27
0.00	100.00	0.00
2812.01	0.02	3.33
2812.01	0.02	3.33
1863.56	0.04	256.64
239.52	0.00	270.24
471.22	0.02	136.30
2095.02	0.04	200.23
239.52	0.00	201.45
2335.27	0.00	44.40
2392.36	0.05	12.39
2392.78	0.04	8.03
2393.20	0.02	3.90
2393.62	0.00	7.97
1196.81	0.00	14.47
1196.81	0.00	7.69
2602.04	0.02	57.34
2602.49	0.00	80.94
1147.18	49.57	255.95
404.86	61.55	518.67
2197.10	0.02	199.24
1458.01	0.00	40.30
1200.15	0.00	169.52
1043.91	0.02	157.98
2052.80	0.00	79.35
1008.70	0.00	58.31
2243.85	0.02	92.71
1165.96	0.04	150.73
294.46	0.00	169.06
1677.51	0.00	36.43
857.07	0.00	129.75
1383.05	0.00	96.28
1382.81	0.02	93.88
857.24	0.04	127.57
1360.54	0.02	92.49
2717.21	0.00	44.32
1356.43	0.00	95.25
2717.21	0.00	19.52
1358.37	0.02	77.83
1364.88	0.02	51.37
1831.98	0.00	36.51
3536.84	0.02	13.43
930.13	0.00	123.26
1830.49	0.00	22.90
1675.72	0.00	74.46
929.96	0.02	103.69
1923.74	0.00	115.14
292.83	84.17	481.79
278.13	0.00	240.70
2154.74	0.04	142.98
2140.74	0.00	137.15
509.80	0.02	109.56
1159.59	0.02	45.74
2319.59	0.00	7.90
2319.59	0.00	14.00
1159.79	0.00	11.18
2319.59	0.00	3.95
1159.18	0.05	54.68
1892.73	0.02	72.40
642.83	0.00	80.42
1882.94	0.00	35.28
632.71	0.00	65.56
652.84	0.02	106.90
1239.89	0.02	80.96
837.49	0.04	252.21
1535.08	0.05	166.26
1776.26	0.00	35.51
978.09	0.02	172.69
2508.46	0.02	26.28
1781.15	0.02	151.30
2560.56	0.02	11.73
1207.60	0.04	44.73
1208.02	0.00	37.67
2416.04	0.00	24.48
2416.04	0.00	20.79
2464.36	0.00	11.96
2111.57	0.05	53.84
1056.15	0.02	12.49
1056.34	0.00	16.28
1056.34	0.00	12.94
0.00	100.00	0.00
2112.68	0.00	8.59
808.51	0.04	426.51
1224.21	0.02	254.00
2033.08	0.02	95.91
677.59	0.04	324.51
2033.44	0.00	75.11
1332.40	0.04	259.88
0.00	100.00	0.00
2319.18	0.02	47.04
2319.59	0.00	3.95
0.00	100.00	0.00
2319.59	0.00	45.62
1159.79	0.00	11.12
0.00	100.00	0.00
2464.21	9.12	46.39
0.00	100.00	0.00
2710.16	0.05	74.85
2711.59	0.00	3.45
2711.11	0.02	8.53
1149.96	0.02	7.57
0.00	100.00	0.00
2299.92	0.02	18.19
2299.92	0.02	43.44
0.00	100.00	0.00
2300.32	0.00	3.98
1916.60	0.02	16.95
1916.60	0.02	56.49
0.00	100.00	0.00
1742.67	0.00	47.92
174.27	0.00	47.05
1916.93	0.00	15.02
985.76	0.00	16.99
1971.52	0.00	54.02
0.00	100.00	0.00
1971.52	0.00	49.39
1971.52	0.00	4.57
0.00	100.00	0.00
1800.72	0.00	33.06
1800.40	0.02	32.79
1800.09	0.04	30.30
17286.92	0.00	3.34
1872.75	0.00	15.87
1800.31	0.02	21.19
1018.90	0.04	22.04
2038.15	0.02	14.30
2038.51	0.00	13.59
1019.02	0.02	8.93
2038.51	0.00	14.23
2038.51	0.00	14.91
2377.72	0.02	42.00
352.30	0.04	200.76
2025.77	0.02	83.36
2025.40	0.04	101.32
2378.12	0.00	49.12
2377.60	0.02	16.70
