3000.00	0.00	7.22
6000.00	0.00	6.32
3000.00	0.00	6.77
1583.22	0.00	75.30
611.85	0.00	99.22
2171.69	0.00	53.25
9000.00	0.00	2.71
3600.00	0.00	6.32
3600.00	0.00	5.19
4235.29	0.00	12.29
5294.12	0.00	1.98
1058.82	0.00	9.47
2571.43	0.00	16.24
2571.43	0.00	11.28
2571.43	0.00	3.61
2769.23	0.00	21.09
692.31	0.00	18.04
3461.54	0.00	17.05
0.00	100.00	0.00
857.14	0.00	13.53
3428.57	0.00	18.83
3000.00	0.00	10.83
3000.00	0.00	15.79
3000.00	0.00	18.50
6000.00	0.00	5.30
4500.00	0.00	6.47
4500.00	0.00	2.26
18000.00	0.00	0.90
6000.00	0.00	2.71
6000.00	0.00	2.71
4500.00	0.00	17.59
4500.00	0.00	17.59
0.00	100.00	0.00
3600.00	0.00	9.47
3600.00	0.00	8.12
3600.00	0.00	5.41
3600.00	0.00	8.42
6000.00	0.00	5.41
3600.00	0.00	9.32
3600.00	0.00	7.82
3600.00	0.00	7.07
6000.00	0.00	5.32
3600.00	0.00	4.51
5400.00	0.00	5.56
3600.00	0.00	5.19
6000.00	0.00	5.41
0.00	100.00	0.00
4500.00	0.00	11.73
4235.29	0.00	18.61
1058.82	0.00	14.66
4764.71	0.00	11.83
6000.00	0.00	11.28
3000.00	0.00	6.77
3000.00	0.00	3.16
6000.00	0.00	7.22
4800.00	0.00	9.47
1200.00	0.00	11.73
2400.00	0.00	26.99
4457.14	0.00	17.35
2142.86	0.00	30.22
3600.00	0.00	8.57
3600.00	0.00	9.02
3600.00	0.00	10.38
2571.43	0.00	30.22
2571.43	0.00	28.42
0.00	100.00	0.00
3000.00	0.00	13.98
3000.00	0.00	13.98
3000.00	0.00	11.28
2000.00	0.00	13.53
2000.00	0.00	16.69
2000.00	0.00	13.53
3000.00	0.00	6.77
3000.00	0.00	4.96
3000.00	0.00	8.57
0.00	100.00	0.00
6000.00	0.00	5.41
4500.00	0.00	15.19
3600.00	0.00	22.55
3600.00	0.00	6.32
0.00	100.00	0.00
548.90	0.00	175.54
2032.15	0.00	89.37
2560.94	0.00	65.72
4500.00	0.00	4.96
4500.00	0.00	6.77
4500.00	0.00	7.67
1200.00	0.00	9.02
4800.00	0.00	11.84
6000.00	0.00	7.22
3600.00	0.00	31.13
0.00	100.00	0.00
3600.00	0.00	11.28
0.00	100.00	0.00
3428.57	0.00	28.08
857.14	0.00	12.18
4500.00	0.00	3.61
4500.00	0.00	3.16
4500.00	0.00	1.80
6000.00	0.00	6.99
9000.00	0.00	1.35
9000.00	0.00	1.35
3600.00	0.00	9.47
3600.00	0.00	6.77
3600.00	0.00	10.83
6000.00	0.00	5.41
1200.00	0.00	9.47
4800.00	0.00	11.16
1795.69	0.00	47.82
3591.38	0.00	23.46
1795.69	0.00	32.93
3000.00	0.00	10.38
0.00	100.00	0.00
3000.00	0.00	26.61
9000.00	0.00	2.71
4500.00	0.00	4.96
4500.00	0.00	4.51
2243.32	0.00	58.18
4522.26	0.00	23.31
2225.52	0.00	53.68
9000.00	0.00	2.71
6000.00	0.00	5.19
6000.00	0.00	4.51
3600.00	0.00	11.28
3600.00	0.00	6.77
3600.00	0.00	12.18
3600.00	0.00	7.67
3600.00	0.00	7.67
18000.00	0.00	0.90
2250.00	0.00	6.32
4500.00	0.00	16.24
0.00	100.00	0.00
0.00	100.00	0.00
3600.00	0.00	8.12
3600.00	0.00	25.71
900.00	0.00	11.73
4500.00	0.00	6.77
3600.00	0.00	15.34
3789.47	0.00	20.75
0.00	100.00	0.00
4736.84	0.00	11.10
6000.00	0.00	4.51
6000.00	0.00	4.06
6000.00	0.00	6.77
6000.00	0.00	4.06
6000.00	0.00	4.51
6000.00	0.00	1.80
3600.00	0.00	12.18
3600.00	0.00	13.08
3600.00	0.00	8.12
3000.00	0.00	27.97
0.00	100.00	0.00
3000.00	0.00	19.40
6000.00	0.00	4.51
6000.00	0.00	3.38
9000.00	0.00	2.71
2250.00	0.00	14.89
2250.00	0.00	15.34
2250.00	0.00	14.89
2322.58	0.00	26.39
580.65	0.00	14.89
2903.23	0.00	16.33
7087.21	0.00	10.91
1905.17	0.00	13.53
8992.38	0.00	7.07
3600.00	0.00	18.50
3600.00	0.00	17.59
0.00	100.00	0.00
3600.00	0.00	8.12
3600.00	0.00	9.02
3600.00	0.00	6.77
2571.43	0.00	14.44
2571.43	0.00	12.63
2571.43	0.00	13.98
3000.00	0.00	10.83
3000.00	0.00	11.73
3000.00	0.00	15.34
3600.00	0.00	8.12
3600.00	0.00	9.92
3600.00	0.00	2.71
4500.00	0.00	16.24
4500.00	0.00	9.47
0.00	100.00	0.00
3000.00	0.00	13.08
3000.00	0.00	10.38
3000.00	0.00	14.89
6000.00	0.00	3.61
6000.00	0.00	4.06
6000.00	0.00	4.06
6000.00	0.00	7.22
0.00	100.00	0.00
4500.00	0.00	19.25
3600.00	0.00	22.55
3600.00	0.00	5.41
0.00	100.00	0.00
3857.14	0.00	7.02
2571.43	0.00	9.25
6000.00	0.00	5.41
2000.00	0.00	13.08
2000.00	0.00	10.38
2000.00	0.00	13.98
0.00	100.00	0.00
3428.57	20.00	28.53
857.14	0.00	12.18
3600.00	0.00	9.02
3600.00	0.00	8.12
3600.00	0.00	4.96
3600.00	0.00	8.87
6000.00	0.00	5.41
3600.00	0.00	5.41
3000.00	0.00	13.98
6000.00	0.00	5.41
3000.00	0.00	13.53
4500.00	0.00	5.86
4500.00	0.00	5.41
9000.00	0.00	2.71
4285.71	0.00	7.58
857.14	0.00	16.69
3428.57	0.00	16.35
6545.45	0.00	3.95
6545.45	0.00	6.20
1636.36	0.00	9.02
3000.00	0.00	8.57
3000.00	0.00	7.67
3000.00	0.00	8.57
1515.79	0.00	84.14
3019.74	0.00	33.17
1480.26	0.00	84.36
6000.00	0.00	5.41
9000.00	0.00	2.71
6000.00	0.00	6.99
4800.00	0.00	11.16
6000.00	0.00	5.41
1200.00	0.00	7.22
0.00	100.00	0.00
18000.00	0.00	0.90
4500.00	0.00	13.98
3598.85	0.00	54.41
3593.11	0.00	45.49
3587.37	0.00	58.64
3130.43	0.00	14.10
782.61	0.00	16.24
3130.43	0.00	13.19
4000.00	0.00	15.96
4500.00	0.00	11.93
1000.00	0.00	12.86
6000.00	0.00	5.19
9000.00	0.00	2.71
6000.00	0.00	3.61
1826.91	0.00	78.68
3597.17	0.00	15.54
1770.26	0.00	80.30
6000.00	0.00	10.38
4500.00	0.00	6.32
4500.00	0.00	2.26
4285.71	0.00	7.58
3428.57	0.00	21.31
857.14	0.00	10.38
953.52	0.00	66.27
4492.22	0.00	19.42
3544.81	0.00	39.17
2880.00	0.00	31.01
0.00	100.00	0.00
720.00	0.00	11.73
4500.00	0.00	7.07
4500.00	0.00	2.26
6000.00	0.00	6.77
692.31	0.00	15.79
2769.23	0.00	20.98
3461.54	0.00	14.98
3000.00	0.00	10.38
3000.00	0.00	9.92
3000.00	0.00	9.92
3600.00	0.00	26.16
3600.00	0.00	15.79
0.00	100.00	0.00
3600.00	0.00	25.26
0.00	100.00	0.00
3600.00	0.00	8.57
1276.23	0.00	84.36
8994.89	0.00	12.80
1276.23	0.00	66.31
963.21	0.00	61.23
4500.00	0.00	18.86
3529.26	0.00	42.32
1187.68	0.00	61.72
5630.93	0.00	20.72
4412.51	0.00	28.01
0.00	100.00	0.00
0.00	100.00	0.00
3600.00	0.00	28.87
1800.00	0.00	9.02
1800.00	0.00	9.92
3600.00	0.00	10.83
9000.00	0.00	2.26
9000.00	0.00	2.26
18000.00	0.00	0.90
4500.00	0.00	9.02
4500.00	0.00	5.41
4500.00	0.00	6.77
3000.00	0.00	10.83
3000.00	0.00	12.63
3000.00	0.00	10.83
0.00	100.00	0.00
3600.00	0.00	20.30
3600.00	0.00	5.41
4500.00	0.00	7.52
6000.00	0.00	5.41
4500.00	0.00	2.26
9000.00	0.00	2.71
6000.00	0.00	4.51
18000.00	0.00	0.90
6000.00	0.00	1.80
6000.00	0.00	4.51
9000.00	0.00	2.71
3000.00	0.00	8.12
3000.00	0.00	8.12
3000.00	0.00	6.77
0.00	100.00	0.00
6000.00	50.00	16.69
6000.00	0.00	9.02
4000.00	0.00	5.41
4000.00	0.00	6.32
6000.00	0.00	5.56
2250.00	0.00	22.10
0.00	100.00	0.00
2250.00	0.00	32.48
3000.00	0.00	2.26
3000.00	0.00	4.51
6000.00	0.00	1.80
1058.82	0.00	11.73
4235.29	0.00	13.31
5294.12	0.00	8.12
6000.00	0.00	4.96
6000.00	0.00	4.96
6000.00	0.00	4.06
2880.00	0.00	20.30
720.00	0.00	13.53
3600.00	0.00	10.83
4500.00	0.00	6.77
900.00	0.00	9.92
3600.00	0.00	17.59
2922.08	0.00	21.20
3038.96	0.00	16.48
18000.00	0.00	3.15
4235.29	7.69	17.67
6000.00	0.00	9.02
1058.82	0.00	11.28
3000.00	0.00	6.32
3000.00	0.00	8.12
6000.00	0.00	3.61
4323.73	0.00	17.52
5986.70	0.00	13.78
1676.27	0.00	16.56
3600.00	0.00	6.77
3600.00	0.00	10.38
3600.00	0.00	6.77
0.00	100.00	0.00
2571.43	0.00	31.13
2571.43	0.00	15.34
2571.43	0.00	46.01
2571.43	0.00	39.25
0.00	100.00	0.00
3000.00	0.00	7.67
3000.00	0.00	7.67
3000.00	0.00	7.67
2250.00	0.00	39.25
0.00	100.00	0.00
0.00	100.00	0.00
9000.00	0.00	2.71
4500.00	0.00	6.77
4500.00	0.00	7.67
3600.00	0.00	10.83
3600.00	0.00	11.28
3600.00	0.00	5.41
3600.00	0.00	20.07
4500.00	0.00	11.28
0.00	100.00	0.00
3600.00	0.00	20.75
3600.00	0.00	6.32
0.00	100.00	0.00
3600.00	0.00	5.86
3600.00	0.00	4.06
6000.00	0.00	5.41
3000.00	0.00	12.18
3000.00	0.00	9.92
3000.00	0.00	10.83
3600.00	0.00	9.92
3600.00	0.00	9.47
3600.00	0.00	9.02
3000.00	0.00	22.55
0.00	100.00	0.00
3000.00	0.00	7.22
2769.23	0.00	27.18
692.31	0.00	17.14
692.31	0.00	25.71
9000.00	0.00	2.71
9000.00	0.00	2.71
6000.00	0.00	4.51
2990.15	0.00	52.38
1477.35	0.00	87.96
1524.62	0.00	76.93
9000.00	0.00	2.71
0.00	100.00	0.00
4500.00	0.00	13.08
1268.20	0.00	81.54
5968.20	0.00	28.15
4752.20	0.00	32.94
3000.00	0.00	16.69
3000.00	0.00	20.75
0.00	100.00	0.00
2117.65	0.00	41.39
0.00	100.00	0.00
529.41	0.00	31.13
6000.00	0.00	5.41
0.00	100.00	0.00
3600.00	0.00	25.26
16875.00	0.00	0.93
1125.00	0.00	10.38
4500.00	0.00	12.07
3000.00	0.00	9.47
3000.00	0.00	13.08
3000.00	0.00	9.47
2769.23	0.00	18.04
2769.23	0.00	29.32
0.00	100.00	0.00
3000.00	0.00	27.97
0.00	100.00	0.00
3000.00	0.00	6.32
0.00	100.00	0.00
0.00	100.00	0.00
3600.00	0.00	28.87
2117.65	0.00	24.47
529.41	0.00	22.55
2647.06	0.00	22.28
2880.00	0.00	17.48
720.00	0.00	15.34
3600.00	0.00	10.83
3600.00	0.00	17.59
0.00	100.00	0.00
3600.00	0.00	5.41
4500.00	0.00	6.77
4500.00	0.00	5.41
4500.00	0.00	9.92
9000.00	0.00	2.71
4500.00	0.00	4.51
4500.00	0.00	5.86
18000.00	0.00	0.45
0.00	100.00	0.00
0.00	100.00	0.00
3000.00	0.00	11.58
2000.00	33.33	11.05
1000.00	0.00	10.38
2243.27	0.00	39.25
2243.27	0.00	27.07
8991.03	0.00	11.03
6000.00	0.00	5.19
9000.00	0.00	2.71
9000.00	0.00	2.71
4500.00	0.00	9.02
4500.00	0.00	2.26
4500.00	0.00	5.41
4500.00	0.00	2.26
4500.00	0.00	6.77
4500.00	0.00	9.02
3000.00	0.00	5.86
3000.00	0.00	6.32
3000.00	0.00	7.67
3600.00	0.00	7.67
3600.00	0.00	7.22
3600.00	0.00	5.86
4500.00	0.00	11.39
1125.00	0.00	10.83
5625.00	0.00	3.79
1792.83	0.00	51.88
1792.83	0.00	44.66
3600.00	0.00	28.98
1797.15	0.00	53.25
3637.08	0.00	13.93
1782.88	0.00	60.90
3000.00	0.00	7.22
3000.00	0.00	9.47
3000.00	0.00	7.22
857.14	0.00	18.04
4285.71	0.00	5.68
3428.57	0.00	17.03
2571.43	0.00	8.12
2571.43	0.00	9.02
2571.43	0.00	7.22
4500.00	0.00	10.68
6000.00	0.00	5.41
6000.00	0.00	4.06
3000.00	0.00	8.12
3000.00	0.00	14.89
3000.00	0.00	15.34
3600.00	0.00	8.27
3600.00	0.00	7.82
6000.00	0.00	6.86
3000.00	0.00	10.38
3000.00	0.00	9.02
9000.00	0.00	2.71
4500.00	0.00	5.41
4500.00	0.00	4.51
4500.00	0.00	5.86
4500.00	0.00	4.96
4500.00	0.00	3.61
4500.00	0.00	4.06
3000.00	0.00	9.02
3000.00	0.00	3.16
3000.00	0.00	8.57
3600.00	0.00	6.92
3600.00	0.00	7.82
6000.00	0.00	5.32
2017.94	0.00	49.62
2017.94	0.00	43.31
3955.16	0.00	31.07
2880.00	0.00	19.96
3600.00	0.00	5.41
720.00	0.00	14.44
3600.00	0.00	5.19
1800.00	0.00	3.16
1800.00	0.00	5.41
0.00	100.00	0.00
3000.00	0.00	28.87
3000.00	0.00	6.32
1800.00	0.00	9.92
1800.00	0.00	10.83
3600.00	0.00	9.02
6000.00	0.00	5.41
3600.00	0.00	8.72
3600.00	0.00	9.77
473.68	33.33	33.16
2842.11	14.29	22.44
2842.11	20.00	23.80
4500.00	0.00	17.14
0.00	100.00	0.00
4500.00	0.00	5.86
2769.23	0.00	18.50
692.31	0.00	13.53
3461.54	0.00	17.05
3600.00	0.00	9.92
3600.00	0.00	9.70
9000.00	0.00	2.71
3130.43	0.00	15.22
782.61	0.00	12.18
3913.04	0.00	15.52
6000.00	0.00	4.06
6000.00	0.00	4.96
18000.00	0.00	0.90
1636.36	0.00	14.89
1636.36	0.00	11.28
3272.73	0.00	10.15
2250.00	0.00	37.89
0.00	100.00	0.00
2250.00	0.00	27.07
2571.43	0.00	20.86
2571.43	0.00	21.77
642.86	0.00	21.65
4500.00	0.00	9.47
4500.00	0.00	8.12
4500.00	0.00	5.41
4500.00	0.00	5.86
4500.00	0.00	7.22
4500.00	0.00	2.26
2000.00	0.00	41.62
18000.00	0.00	4.43
1984.13	0.00	49.17
6000.00	0.00	4.96
6000.00	0.00	4.96
6000.00	0.00	3.16
3600.00	0.00	6.32
3600.00	0.00	7.67
3600.00	0.00	10.83
2250.00	0.00	10.38
2250.00	0.00	10.38
2250.00	0.00	12.63
4500.00	0.00	6.77
4500.00	0.00	6.77
4500.00	0.00	7.67
9000.00	0.00	2.71
6000.00	0.00	4.51
6000.00	0.00	1.80
1125.00	0.00	10.38
4500.00	0.00	11.50
5625.00	0.00	5.68
4500.00	0.00	7.67
4500.00	0.00	6.32
4500.00	0.00	8.12
1800.00	0.00	12.63
1800.00	0.00	14.89
3600.00	0.00	11.05
3007.96	0.00	25.06
8976.13	0.00	11.10
2984.08	0.00	27.52
9000.00	0.00	2.71
2571.43	0.00	16.47
2571.43	0.00	16.01
3600.00	0.00	9.47
3600.00	0.00	9.92
3600.00	0.00	9.47
3600.00	0.00	6.32
3600.00	0.00	5.41
5400.00	0.00	6.62
2571.43	0.00	9.47
2571.43	0.00	6.77
5142.86	0.00	8.57
3600.00	0.00	18.04
9000.00	0.00	2.71
0.00	100.00	0.00
3000.00	0.00	9.02
3000.00	0.00	14.44
3000.00	0.00	7.67
3000.00	0.00	7.22
3000.00	0.00	7.67
3000.00	0.00	3.16
3461.54	0.00	15.07
2769.23	0.00	25.83
0.00	100.00	0.00
1189.00	0.00	80.64
4455.41	0.00	35.83
5603.36	0.00	15.96
3600.00	0.00	13.53
3600.00	0.00	13.53
18000.00	0.00	0.90
0.00	100.00	0.00
2250.00	0.00	36.09
2250.00	0.00	15.79
6000.00	0.00	11.28
6000.00	0.00	4.51
6000.00	0.00	4.96
2880.00	0.00	15.79
3600.00	0.00	8.12
720.00	0.00	15.34
3600.00	0.00	5.86
3600.00	0.00	6.32
3600.00	0.00	5.41
3600.00	0.00	9.02
3600.00	0.00	11.73
3600.00	0.00	8.12
1495.02	0.00	58.64
1495.02	0.00	60.00
1913.62	0.00	63.08
900.00	0.00	17.14
3600.00	0.00	16.24
4500.00	0.00	6.68
4800.00	0.00	5.86
4800.00	0.00	9.59
1200.00	0.00	9.47
2000.00	0.00	14.89
2000.00	0.00	13.53
2000.00	0.00	8.57
2223.32	0.00	55.94
2276.68	0.00	47.58
4482.21	0.00	39.61
3000.00	0.00	8.12
3000.00	0.00	8.57
3000.00	0.00	9.47
3000.00	0.00	11.28
3000.00	0.00	11.73
3000.00	0.00	14.89
3600.00	0.00	9.02
3600.00	0.00	11.73
3600.00	0.00	7.67
2571.43	0.00	27.07
2571.43	0.00	19.85
0.00	100.00	0.00
1834.40	0.00	38.33
1791.40	0.00	54.13
3568.47	0.00	41.21
3600.00	0.00	20.75
0.00	100.00	0.00
3600.00	0.00	5.41
4500.00	0.00	4.96
4500.00	0.00	7.22
4500.00	0.00	2.26
4500.00	0.00	13.98
4500.00	0.00	18.95
0.00	100.00	0.00
3000.00	0.00	7.22
3000.00	0.00	8.57
3000.00	0.00	7.67
2571.43	0.00	12.63
2571.43	0.00	7.22
2571.43	0.00	7.22
3428.57	0.00	20.30
857.14	0.00	21.20
3428.57	20.00	17.37
4500.00	0.00	2.71
4500.00	0.00	9.47
4500.00	0.00	4.51
3275.16	0.00	64.77
1767.86	0.00	82.72
1521.92	0.00	73.53
3600.00	0.00	11.73
3600.00	0.00	14.44
3600.00	0.00	5.41
0.00	100.00	0.00
2250.00	0.00	27.97
2250.00	0.00	33.83
9000.00	0.00	1.35
9000.00	0.00	0.90
9000.00	0.00	1.35
4500.00	0.00	6.77
4500.00	0.00	7.67
4500.00	0.00	2.26
4500.00	0.00	5.86
9000.00	0.00	2.71
4500.00	0.00	6.32
0.00	100.00	0.00
2571.43	0.00	25.71
2571.43	0.00	35.19
2903.23	0.00	17.77
2322.58	0.00	23.80
580.65	0.00	18.04
4500.00	0.00	7.22
4500.00	0.00	4.51
18000.00	0.00	0.90
4500.00	0.00	5.41
4500.00	0.00	2.26
4500.00	0.00	8.57
6000.00	0.00	4.51
6000.00	0.00	4.96
6000.00	0.00	3.61
3600.00	0.00	21.20
0.00	100.00	0.00
3600.00	0.00	9.92
2571.43	0.00	10.38
2571.43	0.00	11.28
2571.43	0.00	11.28
9000.00	0.00	2.26
9000.00	0.00	1.80
18000.00	0.00	0.90
6000.00	0.00	13.08
6000.00	0.00	5.41
0.00	100.00	0.00
9000.00	0.00	2.71
4500.00	0.00	7.67
4500.00	0.00	9.02
4500.00	0.00	12.63
0.00	100.00	0.00
4500.00	0.00	14.89
782.61	0.00	15.34
3130.43	0.00	19.62
3913.04	0.00	11.55
0.00	100.00	0.00
900.00	0.00	11.73
3600.00	0.00	26.61
3600.00	0.00	9.02
3600.00	0.00	11.28
3600.00	0.00	5.41
0.00	100.00	0.00
4500.00	0.00	16.24
4500.00	0.00	6.77
3600.00	0.00	20.86
9000.00	0.00	2.71
900.00	0.00	11.73
947.37	0.00	13.53
4263.16	0.00	5.21
3789.47	11.11	20.24
6000.00	0.00	3.38
9000.00	0.00	2.71
6000.00	0.00	3.38
4500.00	0.00	25.53
0.00	100.00	0.00
900.00	0.00	11.28
0.00	100.00	0.00
2571.43	0.00	23.91
2571.43	0.00	11.73
6000.00	0.00	5.19
6000.00	0.00	4.96
9000.00	0.00	2.71
2000.00	0.00	11.73
2000.00	0.00	10.38
2000.00	0.00	14.89
2880.00	0.00	24.02
3600.00	0.00	2.71
720.00	0.00	14.89
6000.00	0.00	6.99
9000.00	0.00	1.35
9000.00	0.00	2.71
3000.00	0.00	10.83
3000.00	0.00	11.28
3000.00	0.00	6.32
6000.00	0.00	5.75
4500.00	0.00	15.19
0.00	100.00	0.00
0.00	100.00	0.00
0.00	100.00	0.00
3600.00	0.00	34.28
6000.00	0.00	12.18
9000.00	0.00	2.71
0.00	100.00	0.00
3750.00	0.00	11.19
3000.00	0.00	19.62
750.00	0.00	13.98
2250.00	0.00	9.02
2250.00	0.00	10.38
2250.00	0.00	10.83
1058.82	0.00	12.18
4235.29	0.00	11.95
5294.12	0.00	6.13
0.00	100.00	0.00
0.00	100.00	0.00
4500.00	0.00	13.98
9000.00	0.00	2.26
9000.00	0.00	1.35
9000.00	0.00	1.80
3000.00	0.00	27.97
3000.00	0.00	6.32
0.00	100.00	0.00
6000.00	0.00	7.22
4500.00	0.00	15.64
0.00	100.00	0.00
3600.00	0.00	19.85
3600.00	0.00	19.40
0.00	100.00	0.00
0.00	100.00	0.00
3000.00	0.00	18.50
3000.00	0.00	21.20
2571.43	0.00	24.81
2571.43	0.00	16.24
0.00	100.00	0.00
2400.00	0.00	25.26
3000.00	0.00	9.47
600.00	0.00	13.98
1479.45	0.00	63.53
1232.88	0.00	62.25
2416.44	0.00	42.35
4500.00	0.00	6.95
900.00	0.00	11.73
3600.00	0.00	17.93
3000.00	0.00	6.77
3000.00	0.00	5.86
3000.00	0.00	5.41
4500.00	0.00	4.51
4500.00	0.00	5.41
4500.00	0.00	4.51
6000.00	0.00	1.35
6000.00	0.00	2.71
6000.00	0.00	1.35
4500.00	0.00	7.22
4500.00	0.00	13.98
0.00	100.00	0.00
3600.00	0.00	8.12
3600.00	0.00	9.92
3600.00	0.00	9.92
4500.00	0.00	8.57
4500.00	0.00	8.57
4500.00	0.00	9.92
3600.00	0.00	8.12
3600.00	0.00	8.57
3600.00	0.00	5.86
6000.00	0.00	3.16
6000.00	0.00	3.16
6000.00	0.00	1.80
5000.00	0.00	6.68
4000.00	0.00	21.54
1000.00	0.00	15.34
3600.00	0.00	10.83
3600.00	0.00	11.28
3600.00	0.00	5.41
3000.00	0.00	27.97
3000.00	0.00	12.63
0.00	100.00	0.00
9000.00	0.00	2.71
18000.00	0.00	0.90
6000.00	0.00	4.51
6000.00	0.00	10.83
0.00	100.00	0.00
4800.00	0.00	19.74
4500.00	0.00	11.82
3600.00	0.00	8.57
3600.00	0.00	10.94
2571.43	0.00	12.18
2571.43	0.00	9.92
2571.43	0.00	17.14
1324.28	0.00	93.26
2536.50	0.00	68.62
1273.34	0.00	91.57
6000.00	0.00	3.61
6000.00	0.00	5.41
6000.00	0.00	3.61
9000.00	0.00	2.71
3000.00	0.00	8.57
3000.00	0.00	12.18
3600.00	0.00	9.02
3600.00	0.00	5.41
3600.00	0.00	10.38
3000.00	0.00	13.98
3000.00	0.00	12.18
3000.00	0.00	13.98
3600.00	0.00	6.54
3600.00	0.00	11.05
9000.00	0.00	2.71
4000.00	0.00	9.92
4000.00	0.00	11.73
4000.00	0.00	4.96
6000.00	0.00	4.51
6000.00	0.00	4.06
6000.00	0.00	6.77
0.00	100.00	0.00
9000.00	0.00	2.71
3600.00	0.00	17.14
0.00	100.00	0.00
6000.00	0.00	5.41
4500.00	0.00	12.78
3600.00	0.00	9.02
3600.00	0.00	9.02
3600.00	0.00	9.92
728.95	0.00	47.06
2554.21	0.00	36.49
1865.43	0.00	34.35
4500.00	0.00	10.83
4500.00	0.00	6.77
4500.00	0.00	7.22
955.47	0.00	62.50
3543.01	0.00	37.11
4496.95	0.00	35.54
782.61	0.00	20.53
1956.52	44.44	28.42
1565.22	60.00	31.35
2880.00	0.00	23.01
3600.00	0.00	14.44
720.00	0.00	19.40
3000.00	0.00	9.47
3000.00	0.00	9.47
3000.00	0.00	9.02
6000.00	0.00	1.89
1200.00	0.00	10.38
4800.00	0.00	14.10
1636.36	0.00	22.10
0.00	100.00	0.00
1636.36	0.00	45.56
6000.00	0.00	4.06
6000.00	0.00	6.32
6000.00	0.00	3.61
2454.55	0.00	17.37
1636.36	0.00	17.71
4500.00	0.00	13.74
4500.00	0.00	5.86
4500.00	0.00	8.57
4500.00	0.00	5.41
0.00	100.00	0.00
3000.00	0.00	21.65
3000.00	0.00	26.61
6000.00	0.00	7.22
3000.00	0.00	17.82
1500.00	0.00	19.40
3600.00	0.00	9.02
2880.00	0.00	24.02
720.00	0.00	14.44
6000.00	0.00	5.41
4500.00	0.00	5.26
4500.00	0.00	7.07
6000.00	0.00	8.57
18000.00	0.00	0.90
6000.00	0.00	7.67
2400.00	0.00	21.65
3000.00	0.00	9.47
600.00	0.00	18.04
4500.00	0.00	6.62
4500.00	0.00	9.32
6000.00	0.00	5.41
6000.00	0.00	4.51
6000.00	0.00	4.51
6000.00	0.00	4.06
9000.00	0.00	2.71
3600.00	0.00	8.80
3600.00	0.00	9.70
6000.00	0.00	4.96
6000.00	0.00	4.51
6000.00	0.00	4.96
5625.00	0.00	5.68
4500.00	0.00	15.90
1125.00	0.00	9.92
0.00	100.00	0.00
4000.00	0.00	23.12
6000.00	0.00	10.83
3577.02	0.00	34.19
1810.06	0.00	37.14
1795.69	0.00	43.31
6000.00	0.00	3.16
9000.00	0.00	2.56
6000.00	0.00	3.61
6000.00	0.00	7.78
4500.00	0.00	21.35
0.00	100.00	0.00
4500.00	0.00	4.51
4500.00	0.00	4.06
4500.00	0.00	4.06
2903.23	0.00	14.53
2322.58	0.00	21.31
580.65	0.00	19.85
3000.00	0.00	14.44
3000.00	0.00	10.83
3000.00	0.00	13.98
1500.00	0.00	18.50
1500.00	0.00	19.85
3000.00	0.00	15.56
2571.43	0.00	13.08
2571.43	0.00	15.34
2571.43	0.00	10.83
0.00	100.00	0.00
3600.00	0.00	18.04
3600.00	0.00	5.41
1187.43	0.00	119.04
1178.01	0.00	128.11
1234.55	0.00	115.79
3000.00	0.00	17.14
2400.00	0.00	17.59
600.00	0.00	17.14
3000.00	0.00	9.47
3000.00	0.00	9.02
3000.00	0.00	7.67
3000.00	0.00	7.67
3000.00	0.00	8.57
3000.00	0.00	8.57
3600.00	0.00	7.22
3600.00	0.00	9.02
3600.00	0.00	5.41
2250.00	0.00	33.38
0.00	100.00	0.00
2250.00	0.00	17.59
2272.19	0.00	63.44
2218.93	0.00	59.09
8982.25	0.00	14.26
2769.23	0.00	7.67
1384.62	0.00	7.67
4153.85	0.00	7.97
0.00	100.00	0.00
4500.00	0.00	8.12
4500.00	0.00	23.01
0.00	100.00	0.00
4500.00	0.00	9.47
4500.00	0.00	13.98
3600.00	0.00	8.12
3600.00	0.00	10.83
3600.00	0.00	12.18
3600.00	0.00	15.79
900.00	0.00	12.18
7200.00	0.00	3.16
4800.00	0.00	11.95
6000.00	0.00	7.22
1200.00	0.00	10.38
1962.41	0.00	47.05
18000.00	0.00	3.86
1691.73	0.00	46.01
4500.00	0.00	12.18
900.00	0.00	10.38
3600.00	0.00	13.53
2181.82	20.00	26.61
545.45	0.00	36.54
2181.82	0.00	25.49
2571.43	0.00	11.28
2571.43	0.00	11.28
2571.43	0.00	9.92
620.69	0.00	18.95
2482.76	0.00	27.07
2482.76	0.00	12.74
3600.00	0.00	13.53
3600.00	0.00	13.53
3600.00	0.00	12.63
1191.65	0.00	52.53
5641.37	0.00	16.31
4411.76	0.00	34.68
2571.43	0.00	27.07
0.00	100.00	0.00
2571.43	0.00	19.85
3600.00	0.00	10.83
0.00	100.00	0.00
3600.00	0.00	23.46
857.14	0.00	23.91
3428.57	20.00	16.47
3428.57	20.00	17.25
9000.00	0.00	2.71
4500.00	0.00	4.51
4500.00	0.00	8.12
3000.00	0.00	38.56
1482.21	0.00	78.04
1505.93	0.00	67.93
1800.00	0.00	21.20
1800.00	0.00	26.61
1800.00	0.00	14.89
0.00	100.00	0.00
3600.00	0.00	6.77
3600.00	0.00	20.30
2000.00	0.00	41.50
2000.00	0.00	18.04
0.00	100.00	0.00
3000.00	0.00	8.12
3000.00	0.00	7.22
3000.00	0.00	5.86
3000.00	0.00	9.47
3000.00	0.00	3.16
3000.00	0.00	7.22
4500.00	0.00	10.22
3000.00	0.00	12.41
3000.00	0.00	10.15
5046.73	0.00	18.80
4205.61	0.00	18.50
4205.61	0.00	19.85
3000.00	0.00	24.36
0.00	100.00	0.00
3000.00	0.00	18.95
2571.43	0.00	16.69
2571.43	0.00	16.69
2571.43	0.00	12.63
0.00	100.00	0.00
3600.00	0.00	11.73
3600.00	0.00	22.55
2571.43	0.00	13.53
2571.43	0.00	13.08
2571.43	0.00	11.28
0.00	100.00	0.00
6000.00	0.00	5.41
3600.00	0.00	22.55
3600.00	0.00	5.41
9000.00	0.00	2.71
3600.00	0.00	8.12
6000.00	0.00	7.22
4500.00	0.00	13.98
0.00	100.00	0.00
6000.00	0.00	4.06
6000.00	0.00	1.80
6000.00	0.00	1.80
4500.00	0.00	3.61
4500.00	0.00	3.61
4500.00	0.00	4.06
3600.00	0.00	9.59
3600.00	0.00	5.41
4500.00	0.00	8.66
4502.65	16.39	42.90
4543.26	0.00	19.72
1103.59	0.00	63.61
3007.96	0.00	25.06
5992.04	0.00	14.83
2984.08	0.00	27.52
4500.00	0.00	11.28
4500.00	0.00	6.32
4500.00	0.00	10.83
2571.43	0.00	12.63
2057.14	0.00	28.31
514.29	0.00	17.14
3600.00	0.00	9.02
1800.00	0.00	11.28
1800.00	0.00	13.53
2482.76	0.00	34.28
620.69	50.00	29.77
620.69	0.00	19.85
2571.43	0.00	10.38
2571.43	0.00	3.61
2571.43	0.00	12.63
2250.00	0.00	11.73
2250.00	0.00	11.28
2250.00	0.00	14.44
3272.73	0.00	9.92
1636.36	0.00	9.92
1636.36	0.00	13.98
763.08	0.00	80.24
2836.83	0.00	48.63
3595.02	0.00	19.81
1875.59	0.00	116.66
1616.89	0.00	121.35
1927.33	0.00	135.48
1373.63	0.00	79.84
2780.22	0.00	30.31
1373.63	0.00	63.61
2400.00	0.00	44.43
0.00	100.00	0.00
600.00	0.00	19.40
3600.00	0.00	22.55
0.00	100.00	0.00
3600.00	0.00	12.63
3600.00	0.00	10.83
3600.00	0.00	7.67
3600.00	0.00	6.77
2250.00	0.00	13.98
2250.00	0.00	15.79
2250.00	0.00	13.53
3600.00	0.00	17.59
3600.00	0.00	14.89
0.00	100.00	0.00
6000.00	0.00	4.51
9000.00	0.00	2.71
9000.00	0.00	2.71
1125.00	0.00	13.08
4500.00	0.00	6.09
4500.00	0.00	12.52
2000.00	0.00	35.64
0.00	100.00	0.00
2000.00	0.00	37.44
4500.00	0.00	5.41
4500.00	0.00	9.02
4500.00	0.00	4.51
3600.00	0.00	7.22
3600.00	0.00	4.96
3600.00	0.00	7.22
4500.00	0.00	5.26
6000.00	0.00	4.96
4500.00	0.00	6.17
6000.00	0.00	4.51
6000.00	0.00	4.96
6000.00	0.00	3.61
6000.00	0.00	5.41
3600.00	0.00	11.58
3600.00	0.00	11.13
3600.00	20.00	14.21
900.00	0.00	20.30
3600.00	20.00	18.95
580.65	0.00	16.24
0.00	100.00	0.00
2903.23	0.00	29.32
4000.00	0.00	9.92
2000.00	0.00	10.83
2000.00	0.00	13.08
3600.00	0.00	9.47
3600.00	0.00	10.83
3600.00	0.00	10.38
0.00	100.00	0.00
3000.00	0.00	6.77
3000.00	0.00	18.50
3272.73	0.00	7.22
1636.36	0.00	24.81
1636.36	0.00	21.65
0.00	100.00	0.00
3600.00	0.00	6.77
2880.00	0.00	36.43
3600.00	0.00	11.73
3600.00	0.00	7.22
3600.00	0.00	12.18
4500.00	0.00	9.47
3600.00	0.00	10.38
900.00	0.00	10.38
0.00	100.00	0.00
3000.00	0.00	13.98
3000.00	0.00	24.81
692.31	0.00	16.69
3461.54	0.00	20.57
0.00	100.00	0.00
2250.00	0.00	9.47
2250.00	0.00	7.67
2250.00	0.00	8.12
1513.11	0.00	52.33
18000.00	0.00	3.53
1513.11	0.00	50.52
1200.00	0.00	11.28
6000.00	0.00	5.41
4800.00	0.00	14.66
1058.82	0.00	13.98
4235.29	14.29	14.13
6000.00	0.00	5.41
1200.00	0.00	10.83
9000.00	0.00	2.71
4800.00	11.11	10.66
0.00	100.00	0.00
3000.00	0.00	22.55
3000.00	0.00	16.69
6000.00	0.00	8.57
4500.00	0.00	7.07
4500.00	0.00	2.26
0.00	100.00	0.00
4500.00	0.00	18.50
9000.00	0.00	2.71
9000.00	0.00	1.35
9000.00	0.00	1.35
9000.00	0.00	1.35
692.31	0.00	20.53
3115.38	0.00	17.74
2769.23	20.00	23.85
4500.00	0.00	5.86
4500.00	0.00	9.47
4500.00	0.00	9.02
4500.00	0.00	8.57
3000.00	0.00	20.98
750.00	0.00	16.69
857.14	0.00	18.04
4285.71	0.00	9.38
3428.57	0.00	14.21
3000.00	0.00	23.46
0.00	100.00	0.00
3000.00	0.00	9.92
3000.00	0.00	9.02
3000.00	0.00	7.67
3000.00	0.00	7.67
6000.00	0.00	10.60
3000.00	0.00	5.41
3000.00	0.00	5.41
18000.00	0.00	0.90
3600.00	0.00	4.06
3600.00	0.00	3.16
4500.00	0.00	6.77
4500.00	0.00	7.22
4500.00	0.00	4.51
1622.21	0.00	63.61
1674.12	0.00	59.45
3257.39	0.00	36.39
3600.00	0.00	8.12
3600.00	0.00	7.22
3600.00	0.00	5.41
3000.00	0.00	9.92
3000.00	0.00	9.47
3000.00	0.00	12.18
6000.00	0.00	4.06
6000.00	0.00	4.06
18000.00	0.00	0.90
3000.00	0.00	26.16
0.00	100.00	0.00
3000.00	0.00	17.14
1636.36	0.00	8.57
3272.73	0.00	9.70
1636.36	0.00	10.38
1639.91	0.00	59.07
1626.90	0.00	61.80
3266.81	0.00	24.04
6000.00	0.00	3.61
6000.00	0.00	5.41
6000.00	0.00	3.61
4500.00	0.00	6.32
4500.00	0.00	2.26
4500.00	0.00	7.22
3000.00	0.00	10.38
6000.00	0.00	5.41
3000.00	0.00	9.02
3000.00	0.00	30.67
0.00	100.00	0.00
3000.00	0.00	6.32
2571.43	0.00	8.12
2571.43	0.00	9.47
2571.43	0.00	8.12
3600.00	0.00	6.32
3600.00	0.00	5.41
3600.00	0.00	4.51
4500.00	0.00	9.02
4500.00	0.00	6.77
4500.00	0.00	2.26
0.00	100.00	0.00
3600.00	0.00	13.08
3600.00	0.00	22.55
4500.00	0.00	6.77
6000.00	0.00	8.91
4500.00	0.00	9.92
4500.00	0.00	6.32
4500.00	0.00	4.51
4500.00	0.00	6.77
0.00	100.00	0.00
18000.00	0.00	0.90
4500.00	0.00	16.24
3600.00	0.00	2.71
3600.00	0.00	9.02
3600.00	0.00	8.12
0.00	100.00	0.00
4500.00	0.00	7.67
4500.00	0.00	16.24
2386.00	0.00	65.25
1767.22	0.00	82.37
646.44	0.00	121.98
3000.00	0.00	9.02
6000.00	0.00	5.41
3000.00	0.00	7.67
9000.00	0.00	2.71
6000.00	0.00	5.19
6000.00	0.00	2.03
4500.00	0.00	8.57
1125.00	0.00	10.38
5625.00	0.00	9.65
2571.43	0.00	10.83
2571.43	0.00	11.28
2571.43	0.00	9.47
3000.00	0.00	6.77
3000.00	0.00	4.96
3000.00	0.00	4.96
3600.00	0.00	13.98
3600.00	0.00	6.77
3600.00	0.00	14.44
3000.00	0.00	12.18
3000.00	0.00	8.57
3000.00	0.00	6.32
0.00	100.00	0.00
6000.00	0.00	5.41
3000.00	0.00	26.61
4500.00	0.00	6.32
4500.00	0.00	4.51
4500.00	0.00	8.57
3600.00	0.00	14.44
2880.00	0.00	15.45
720.00	0.00	14.44
2984.08	0.00	32.03
8976.13	0.00	11.10
3007.96	0.00	25.06
3000.00	0.00	10.83
3000.00	0.00	13.08
3000.00	0.00	9.47
3000.00	0.00	14.89
0.00	100.00	0.00
3000.00	0.00	29.77
1384.62	0.00	17.14
1384.62	0.00	19.85
2769.23	0.00	16.47
3600.00	0.00	9.02
3600.00	0.00	26.61
0.00	100.00	0.00
3600.00	0.00	11.73
3600.00	0.00	12.18
3600.00	0.00	5.41
2250.00	0.00	17.59
2250.00	0.00	15.79
4500.00	0.00	2.26
18000.00	0.00	4.12
2380.95	0.00	35.19
2761.90	0.00	32.67
947.37	0.00	24.36
3789.47	20.00	17.71
3789.47	20.00	15.56
2571.43	0.00	41.05
2571.43	0.00	15.79
0.00	100.00	0.00
4909.09	0.00	6.77
6545.45	0.00	6.88
1636.36	0.00	13.98
4000.00	0.00	10.38
4000.00	0.00	15.45
1000.00	0.00	15.79
6000.00	0.00	8.12
3000.00	0.00	9.02
3000.00	0.00	9.02
3600.00	0.00	23.01
3600.00	0.00	4.51
0.00	100.00	0.00
0.00	100.00	0.00
0.00	100.00	0.00
3600.00	0.00	14.89
2571.43	0.00	10.38
2571.43	0.00	10.83
2571.43	0.00	12.63
3000.00	0.00	8.12
3000.00	0.00	10.83
3000.00	0.00	9.92
0.00	100.00	0.00
0.00	100.00	0.00
3000.00	0.00	28.42
3000.00	0.00	10.38
3000.00	0.00	14.89
3000.00	0.00	10.83
744.97	0.00	81.00
2039.81	0.00	56.88
2749.31	0.00	36.26
3600.00	0.00	6.77
3600.00	0.00	7.67
3600.00	0.00	7.67
3600.00	0.00	6.54
9000.00	0.00	2.71
3600.00	0.00	7.22
2250.00	0.00	10.83
2250.00	0.00	12.18
18000.00	0.00	0.90
3272.73	0.00	6.99
1636.36	0.00	8.12
1636.36	0.00	9.47
953.55	0.00	63.56
4492.07	0.00	24.79
3544.93	0.00	37.59
3600.00	0.00	8.72
6000.00	0.00	7.13
3600.00	0.00	5.41
0.00	100.00	0.00
9000.00	0.00	2.71
4500.00	0.00	12.63
2571.43	0.00	11.73
9000.00	0.00	2.71
2571.43	0.00	13.76
6000.00	0.00	5.86
6000.00	0.00	6.32
6000.00	0.00	5.41
4500.00	0.00	16.24
900.00	0.00	9.92
3600.00	0.00	12.63
3600.00	0.00	6.32
3600.00	0.00	4.96
3600.00	0.00	5.86
2400.00	0.00	38.34
0.00	100.00	0.00
600.00	0.00	21.20
2362.95	0.00	72.63
4253.31	0.00	47.62
2374.29	0.00	24.69
3879.31	0.00	32.03
5120.69	0.00	29.39
4500.00	0.00	26.44
3600.00	0.00	18.50
3600.00	0.00	12.18
0.00	100.00	0.00
4500.00	0.00	8.12
4500.00	0.00	5.41
4500.00	0.00	6.77
6000.00	0.00	7.22
6000.00	0.00	14.44
0.00	100.00	0.00
0.00	100.00	0.00
4500.00	0.00	7.22
3600.00	0.00	30.67
