4054.05	0.00	3.91
8099.53	0.11	3.01
4054.05	0.00	3.91
0.00	100.00	0.00
2898.55	0.00	6.96
2898.55	0.00	22.77
5555.56	0.00	4.17
5555.56	0.00	3.72
5547.76	0.14	2.37
3451.76	0.09	4.70
3454.89	0.00	2.35
3454.89	0.00	4.15
4245.28	0.00	5.50
4239.33	0.14	2.48
4245.28	0.00	2.36
2416.80	0.11	8.07
2419.35	0.00	5.61
2416.80	0.11	7.97
0.00	100.00	0.00
3441.68	0.00	5.62
3441.68	0.00	15.06
782.61	0.00	13.53
3913.04	0.00	8.30
3130.43	0.00	17.82
6000.00	0.00	3.61
6000.00	0.00	4.06
6000.00	0.00	1.80
9000.00	0.00	0.90
9000.00	0.00	1.35
9000.00	0.00	1.35
2490.44	0.11	7.07
2493.07	0.00	6.96
2493.07	0.00	8.42
3600.00	0.00	4.06
3600.00	0.00	3.16
3600.00	0.00	3.16
4500.00	0.00	4.96
9000.00	0.00	2.71
4500.00	0.00	4.06
5541.87	0.00	14.06
5534.09	0.14	7.52
16669.95	0.00	3.75
4035.87	0.00	2.46
8061.88	0.12	1.56
4035.87	0.00	3.37
3600.00	0.00	4.06
3600.00	0.00	2.26
3600.00	0.00	3.61
2884.62	0.00	6.98
2880.57	0.14	5.19
2884.62	0.00	5.07
4833.59	0.11	6.72
2419.35	0.00	5.26
2419.35	0.00	3.81
9000.00	0.00	2.71
3600.00	0.00	5.86
3600.00	0.00	6.09
18000.00	0.00	0.45
0.00	100.00	0.00
0.00	100.00	0.00
4500.00	0.00	4.96
4500.00	0.00	5.41
4500.00	0.00	6.32
3000.00	0.00	4.51
3000.00	0.00	2.26
3000.00	0.00	3.61
3000.00	0.00	6.77
3000.00	0.00	6.32
3000.00	0.00	5.86
3394.63	0.00	11.96
4243.28	0.00	10.11
847.89	0.09	12.38
3600.00	0.00	5.51
3596.73	0.09	2.35
3600.00	0.00	5.51
4500.00	0.00	4.96
9000.00	0.00	2.71
4500.00	0.00	4.06
3000.00	0.00	7.22
3000.00	0.00	4.96
3000.00	0.00	6.77
2250.00	0.00	11.28
2250.00	0.00	10.38
2250.00	0.00	10.38
5607.48	0.00	1.35
5607.48	0.00	1.35
5602.39	0.09	1.90
18000.00	0.00	0.45
0.00	100.00	0.00
0.00	100.00	0.00
3299.26	0.11	4.37
3302.75	0.00	3.36
3298.71	0.12	2.46
3000.00	0.00	6.32
3000.00	0.00	5.86
3000.00	0.00	5.41
3600.00	0.00	4.51
3600.00	0.00	3.61
3600.00	0.00	2.71
6000.00	0.00	3.16
6000.00	0.00	1.80
6000.00	0.00	1.80
3451.76	0.09	5.70
3451.76	0.09	2.45
3454.89	0.00	5.79
3143.57	0.00	29.72
1565.52	0.00	54.86
1576.38	0.11	54.53
3000.00	0.00	4.96
3000.00	0.00	3.61
3000.00	0.00	4.51
2571.43	0.00	6.32
2571.43	0.00	10.38
2571.43	0.00	8.12
4500.00	0.00	4.06
4500.00	0.00	4.96
4500.00	0.00	4.06
3000.00	0.00	6.77
3000.00	0.00	2.71
3000.00	0.00	5.86
3600.00	0.00	4.06
3600.00	0.00	3.61
3600.00	0.00	4.51
3451.76	0.09	6.06
3454.89	0.00	5.15
3454.89	0.00	5.60
1991.15	0.00	34.28
1991.15	0.00	41.05
3998.23	0.00	10.78
2250.00	0.00	5.86
4500.00	0.00	4.74
2250.00	0.00	4.51
3000.00	0.00	2.71
3000.00	0.00	5.41
3000.00	0.00	8.12
3000.00	0.00	4.96
3000.00	0.00	3.61
3000.00	0.00	4.51
3298.71	0.12	4.82
3302.75	0.00	3.81
3299.26	0.11	2.91
4500.00	0.00	8.57
1125.00	0.00	9.47
5625.00	0.00	4.33
6000.00	0.00	3.16
6000.00	0.00	3.16
6000.00	0.00	1.80
2486.19	0.00	5.52
2482.70	0.14	3.72
2486.19	0.00	4.62
1952.28	0.00	9.57
1950.21	0.11	7.32
1952.28	0.00	8.67
4500.00	0.00	4.96
4500.00	0.00	4.06
9000.00	0.00	2.71
957.92	0.00	44.59
2486.61	0.00	28.45
3404.74	0.00	21.16
2571.43	0.00	8.12
2571.43	0.00	3.16
2571.43	0.00	7.22
8281.53	0.09	4.54
7970.24	0.00	4.44
16259.30	0.00	2.87
0.00	100.00	0.00
4495.24	0.11	8.13
4500.00	0.00	16.24
4245.28	0.00	2.81
4239.33	0.14	3.83
4245.28	0.00	3.27
2496.53	0.00	5.60
2496.53	0.00	4.15
2494.27	0.09	3.26
6000.00	0.00	3.61
6000.00	0.00	3.61
6000.00	0.00	4.51
4044.94	0.00	4.02
4035.73	0.23	2.57
4044.94	0.00	2.46
4255.32	0.00	3.82
4255.32	0.00	2.36
4250.12	0.12	3.37
2571.43	0.00	7.67
2571.43	0.00	5.86
2569.10	0.09	5.87
5607.48	0.00	4.34
5607.48	0.00	3.35
5602.39	0.09	2.00
4500.00	0.00	4.06
4500.00	0.00	2.26
4500.00	0.00	5.86
2706.77	0.00	7.35
2706.77	0.00	3.45
2698.59	0.30	6.37
3000.00	0.00	4.96
3000.00	0.00	5.86
3000.00	0.00	5.41
3448.28	0.00	3.61
3448.28	0.00	3.16
3444.63	0.11	4.16
3721.91	0.00	17.53
2913.61	0.00	27.93
788.66	0.11	33.56
5572.76	0.00	3.02
5565.94	0.12	1.56
5572.76	0.00	1.46
4260.89	0.11	2.36
4265.40	0.00	1.35
4265.40	0.00	1.80
3600.00	0.00	7.22
3600.00	0.00	6.32
3600.00	0.00	7.67
3600.00	0.00	4.51
3600.00	0.00	3.61
3600.00	0.00	4.51
2571.43	0.00	7.67
2571.43	0.00	6.77
2571.43	0.00	6.32
3314.92	0.00	4.80
3314.92	0.00	2.35
3308.41	0.20	4.36
2795.03	0.00	4.91
2789.12	0.21	3.01
2795.03	0.00	4.46
3000.00	0.00	6.77
3000.00	0.00	4.96
3000.00	0.00	6.77
8100.98	0.00	11.73
8100.98	0.00	11.73
8092.42	0.11	13.12
3600.00	0.00	4.51
3600.00	0.00	3.61
3600.00	0.00	2.71
4500.00	0.00	3.61
4500.00	0.00	1.80
4500.00	0.00	3.16
4499.96	0.00	37.44
4499.96	0.00	34.28
8958.52	0.14	21.74
3428.57	0.00	10.94
857.14	0.00	12.18
4285.71	0.00	7.04
2571.43	0.00	8.57
2571.43	0.00	7.22
2571.43	0.00	6.32
6000.00	0.00	2.71
6000.00	0.00	3.16
6000.00	0.00	1.80
3600.00	0.00	3.61
3600.00	0.00	1.80
3600.00	0.00	4.06
5400.00	0.00	5.71
3600.00	0.00	4.74
3600.00	0.00	2.71
2493.07	0.00	7.97
2490.44	0.11	7.52
2493.07	0.00	7.42
4241.28	0.00	5.74
3393.03	0.00	11.06
847.36	0.11	12.39
3000.00	0.00	9.02
3000.00	0.00	8.12
3000.00	0.00	3.16
6000.00	0.00	2.48
6000.00	0.00	1.58
9000.00	0.00	2.11
2898.55	0.00	5.25
2895.92	0.09	4.80
2898.55	0.00	7.05
2884.62	0.00	5.07
2884.62	0.00	3.61
2880.57	0.14	4.63
3600.00	0.00	4.06
3600.00	0.00	3.61
3600.00	0.00	3.16
3448.28	0.00	21.64
3444.63	0.11	5.72
0.00	100.00	0.00
4035.60	0.23	4.13
4044.94	0.00	2.46
4044.94	0.00	3.58
1273.96	0.00	40.47
5997.97	0.00	6.69
4724.01	0.00	22.92
4256.05	0.11	22.39
8527.93	0.00	13.97
4260.56	0.00	21.64
3562.59	0.00	11.40
3562.59	0.00	10.49
889.84	0.09	17.44
2571.43	0.00	5.41
2571.43	0.00	4.51
5142.86	0.00	4.29
6000.00	0.00	1.80
6000.00	0.00	1.35
6000.00	0.00	1.80
1164.27	0.20	9.88
5832.79	0.00	1.84
4666.23	0.00	9.26
3000.00	0.00	6.77
3000.00	0.00	7.67
3000.00	0.00	6.32
3000.00	0.00	4.96
3000.00	0.00	3.61
3000.00	0.00	4.51
6000.00	0.00	3.61
9000.00	0.00	2.56
6000.00	0.00	1.80
6000.00	0.00	1.80
6000.00	0.00	1.80
6000.00	0.00	1.35
18000.00	0.00	0.45
0.00	100.00	0.00
18000.00	0.00	0.45
4500.00	0.00	4.51
4500.00	0.00	5.41
4500.00	0.00	5.41
2571.43	0.00	4.51
2571.43	0.00	5.41
2571.43	0.00	3.61
3284.67	0.00	4.84
3284.67	0.00	4.28
6560.12	0.14	2.02
3600.00	0.00	4.06
3600.00	0.00	4.51
3600.00	0.00	3.61
3600.00	0.00	2.26
3600.00	0.00	3.16
7200.00	0.00	1.58
3302.75	0.00	4.92
3298.12	0.14	3.93
3299.76	0.09	4.47
3600.00	0.00	4.06
3600.00	0.00	4.51
3600.00	0.00	3.61
3600.00	0.00	13.53
900.00	0.00	11.28
4500.00	0.00	4.51
3600.00	0.00	6.32
3600.00	0.00	2.71
3600.00	0.00	6.77
6000.00	0.00	3.16
6000.00	0.00	1.80
18000.00	0.00	0.90
2414.24	0.21	5.82
2419.35	0.00	4.36
2419.35	0.00	3.91
2250.00	0.00	5.86
2250.00	0.00	6.32
4500.00	0.00	4.74
4500.00	0.00	1.80
4500.00	0.00	2.26
4500.00	0.00	1.35
3600.00	0.00	3.61
3600.00	0.00	4.51
3600.00	0.00	3.61
2571.43	0.00	8.57
2571.43	0.00	7.22
2571.43	0.00	6.32
2571.43	0.00	24.34
2571.43	0.00	14.65
0.00	100.00	0.00
3982.30	20.00	10.73
995.58	0.00	19.33
3972.51	0.25	9.29
2128.19	0.21	11.09
2132.70	0.00	9.07
2132.70	0.00	9.52
4500.00	0.00	4.96
4500.00	0.00	4.51
4500.00	0.00	4.51
3308.41	0.20	6.46
3314.92	0.00	6.44
3314.92	0.00	2.45
3600.00	0.00	6.42
3594.95	0.14	5.19
3600.00	0.00	4.62
2880.57	0.14	5.19
2884.62	0.00	3.72
2884.62	0.00	4.62
3600.00	0.00	4.06
3600.00	0.00	3.16
7200.00	0.00	3.16
3174.60	0.00	5.79
3170.15	0.14	3.12
3168.37	0.20	4.24
3308.41	0.20	6.01
3314.92	0.00	6.00
3314.92	0.00	4.45
4265.40	0.00	4.26
4260.89	0.11	3.81
4265.40	0.00	2.81
0.00	100.00	0.00
2893.89	0.00	6.51
2893.89	0.00	20.99
4500.00	0.00	3.61
4500.00	0.00	3.16
4500.00	0.00	3.16
4245.28	0.00	3.72
4239.33	0.14	3.27
4245.28	0.00	2.26
3444.63	0.11	2.91
3448.28	0.00	8.53
3444.06	0.12	2.47
3444.63	0.11	6.52
3444.63	0.11	5.07
3448.28	0.00	4.61
2786.78	0.14	5.28
2790.70	0.00	3.72
2788.17	0.09	4.72
2571.43	0.00	5.41
2571.43	0.00	3.61
2571.43	0.00	4.51
3321.03	0.00	6.59
3321.03	0.00	2.80
3314.96	0.18	7.15
4500.00	0.00	1.80
4500.00	0.00	3.61
4500.00	0.00	3.16
3600.00	0.00	5.86
3600.00	0.00	6.77
3600.00	0.00	4.96
3450.05	0.14	5.62
3454.89	0.00	9.54
3451.76	0.09	7.52
3298.71	0.12	4.82
3299.26	0.11	3.82
3302.75	0.00	2.91
3000.00	0.00	4.96
3000.00	0.00	3.61
3000.00	0.00	4.51
2900.99	0.08	7.04
2903.23	0.00	5.14
2903.23	0.00	5.14
2675.74	0.11	13.82
669.64	0.00	15.83
3348.21	0.00	8.63
733.06	0.00	68.97
2725.25	0.00	43.53
3453.15	0.00	19.33
3600.00	0.00	4.06
3600.00	0.00	4.51
3600.00	0.00	3.61
4500.00	0.00	4.96
4500.00	0.00	4.51
4500.00	0.00	4.51
18000.00	0.00	0.45
0.00	100.00	0.00
0.00	100.00	0.00
3000.00	0.00	4.96
3000.00	0.00	5.41
3000.00	0.00	5.86
4500.00	0.00	4.96
4500.00	0.00	4.06
9000.00	0.00	2.71
9000.00	0.00	1.35
9000.00	0.00	1.35
9000.00	0.00	1.35
4049.77	0.11	4.01
4054.05	0.00	2.00
4049.77	0.11	2.10
4500.00	0.00	1.80
4500.00	0.00	3.61
4500.00	0.00	3.16
1599.18	0.14	6.99
8007.12	0.00	3.04
6405.69	0.00	7.01
3428.57	0.00	14.44
857.14	0.00	10.38
4285.71	0.00	4.78
4297.20	0.00	11.80
2192.45	0.00	16.62
2278.08	0.09	12.26
4260.89	0.11	3.81
4265.40	0.00	3.26
4265.40	0.00	3.26
4260.89	0.11	3.81
4265.40	0.00	1.90
4265.40	0.00	3.26
2884.62	0.00	5.18
2880.57	0.14	3.83
2884.62	0.00	4.73
2571.43	0.00	5.41
2571.43	0.00	3.61
2571.43	0.00	4.51
4265.40	0.00	4.61
4260.89	0.11	4.26
4265.40	0.00	2.35
5538.46	0.00	4.61
5529.60	0.16	2.03
5532.60	0.11	2.02
18000.00	0.00	0.45
0.00	100.00	0.00
0.00	100.00	0.00
4500.00	0.00	3.61
4500.00	0.00	3.16
4495.24	0.11	3.26
3600.00	0.00	6.32
3600.00	0.00	4.51
3600.00	0.00	4.06
2895.92	0.09	5.16
2898.55	0.00	4.15
2898.55	0.00	5.60
6411.40	0.00	6.33
8014.25	0.00	1.46
1600.89	0.12	5.63
3600.00	0.00	4.06
3600.00	0.00	1.80
3600.00	0.00	3.16
4500.00	0.00	3.61
4500.00	0.00	3.16
4500.00	0.00	3.16
3600.00	0.00	4.51
3600.00	0.00	3.61
3600.00	0.00	2.71
2893.89	0.00	5.16
2893.89	0.00	3.71
2890.83	0.11	2.91
5787.78	0.00	2.58
2890.83	0.11	1.45
2893.89	0.00	2.81
4500.00	0.00	3.61
4500.00	0.00	2.26
4500.00	0.00	2.26
2250.00	0.00	5.86
2250.00	0.00	4.51
4500.00	0.00	4.74
6000.00	0.00	3.16
6000.00	0.00	3.61
6000.00	0.00	3.16
0.00	100.00	0.00
3448.28	0.00	5.62
3444.63	0.11	15.17
3600.00	0.00	4.51
3600.00	0.00	3.61
3600.00	0.00	2.26
3441.68	0.00	4.61
3441.68	0.00	3.61
3437.47	0.12	4.17
4235.48	0.23	4.29
4245.28	0.00	3.27
4245.28	0.00	3.72
2884.62	0.00	5.18
2884.62	0.00	3.72
2880.57	0.14	4.73
4500.00	0.00	3.61
4500.00	0.00	3.16
4500.00	0.00	2.26
2187.47	0.11	6.07
2189.78	0.00	4.81
4379.56	0.00	4.84
3000.00	0.00	23.46
3000.00	0.00	11.73
0.00	100.00	0.00
3600.00	0.00	18.04
0.00	100.00	0.00
3600.00	0.00	5.41
3600.00	0.00	5.86
3600.00	0.00	4.06
3600.00	0.00	4.51
4058.91	0.11	3.91
4059.52	0.09	3.35
4063.21	0.00	1.90
5538.46	0.00	3.38
5538.46	0.00	1.92
5529.60	0.16	2.03
4500.00	0.00	3.61
4500.00	0.00	2.26
4500.00	0.00	2.26
4500.00	0.00	5.41
4500.00	0.00	5.41
4500.00	0.00	6.32
4265.40	0.00	3.71
4260.89	0.11	3.26
4265.40	0.00	3.16
9000.00	0.00	2.71
6000.00	0.00	3.16
6000.00	0.00	3.61
6000.00	0.00	4.06
6000.00	0.00	3.61
6000.00	0.00	2.26
3600.00	0.00	4.51
3600.00	0.00	2.26
3600.00	0.00	4.06
3458.87	0.08	3.88
3461.54	0.00	3.43
3457.31	0.12	4.34
2354.20	0.08	5.35
2356.02	0.00	7.33
4707.06	0.11	5.45
6000.00	0.00	1.80
6000.00	0.00	1.80
6000.00	0.00	1.35
2571.43	0.00	8.57
2571.43	0.00	9.92
2571.43	0.00	8.12
6000.00	0.00	3.16
6000.00	0.00	3.61
6000.00	0.00	3.16
2132.70	0.00	6.06
2132.70	0.00	4.61
4260.89	0.11	4.99
3000.00	0.00	4.96
3000.00	0.00	4.06
6000.00	0.00	4.06
0.00	100.00	0.00
9000.00	0.00	2.71
6000.00	0.00	10.15
2893.89	0.00	7.06
2893.89	0.00	6.51
2890.83	0.11	3.36
3308.41	0.20	5.00
3314.92	0.00	3.99
3314.92	0.00	2.90
3738.81	0.09	8.69
2993.76	0.00	12.56
748.44	0.00	13.56
3600.00	0.00	4.06
3600.00	0.00	3.16
3600.00	0.00	3.61
2774.77	0.26	7.42
2782.07	0.00	7.41
2782.07	0.00	2.92
1012.85	0.00	42.18
2591.94	0.00	27.59
3588.83	0.00	14.79
6000.00	0.00	4.51
6000.00	0.00	2.26
6000.00	0.00	2.26
3591.38	0.00	23.46
1795.69	0.00	32.93
1795.69	0.00	39.70
3600.00	0.00	3.61
3600.00	0.00	3.16
3600.00	0.00	4.06
3600.00	0.00	6.32
3600.00	0.00	6.77
3600.00	0.00	4.06
2803.74	0.00	3.70
2798.61	0.18	4.80
2803.74	0.00	5.24
3000.00	0.00	4.96
3000.00	0.00	4.06
3000.00	0.00	5.41
3000.00	0.00	4.96
3000.00	0.00	3.61
3000.00	0.00	4.51
2571.43	0.00	5.41
2571.43	0.00	3.61
2571.43	0.00	4.51
4500.00	0.00	3.16
4500.00	0.00	1.80
4500.00	0.00	2.71
2250.00	0.00	9.02
2250.00	0.00	5.86
2250.00	0.00	8.12
726.95	0.09	54.48
2721.29	0.00	34.09
3417.57	0.00	30.02
3000.00	0.00	6.77
3000.00	0.00	5.86
3000.00	0.00	4.51
2571.43	0.00	6.77
2571.43	0.00	4.51
2571.43	0.00	6.32
3600.00	0.00	14.44
0.00	100.00	0.00
3600.00	0.00	8.12
2336.54	0.00	24.64
2163.46	0.00	29.32
4495.24	0.11	7.97
18000.00	0.00	0.45
0.00	100.00	0.00
0.00	100.00	0.00
2493.07	0.00	7.97
2493.07	0.00	5.61
2490.44	0.11	6.17
3298.12	0.14	5.03
3299.76	0.09	4.13
3302.75	0.00	5.03
3600.00	0.00	4.06
3600.00	0.00	3.16
3600.00	0.00	2.26
2571.43	0.00	5.41
2571.43	0.00	3.61
2571.43	0.00	4.51
4265.40	0.00	1.90
4265.40	0.00	3.81
4260.89	0.11	2.01
3600.00	0.00	4.06
3600.00	0.00	3.61
3600.00	0.00	3.16
3596.19	0.11	5.52
3600.00	0.00	6.41
3600.00	0.00	4.61
2601.09	0.11	42.77
881.58	0.00	75.26
2602.44	0.00	45.78
6000.00	0.00	1.80
6000.00	0.00	1.35
6000.00	0.00	1.80
4500.00	0.00	3.61
4500.00	0.00	2.26
4500.00	0.00	2.26
4500.00	0.00	4.96
9000.00	0.00	2.71
4500.00	0.00	4.06
0.00	100.00	0.00
3600.00	0.00	6.77
3600.00	0.00	19.85
3000.00	0.00	4.51
3000.00	0.00	4.96
3000.00	0.00	3.61
4025.95	0.25	4.04
4035.87	0.00	4.02
18000.00	0.00	0.90
18000.00	0.00	0.45
0.00	100.00	0.00
0.00	100.00	0.00
3000.00	0.00	4.96
3000.00	0.00	3.61
3000.00	0.00	4.51
4271.66	0.09	3.35
4275.53	0.00	3.80
4275.53	0.00	3.25
3311.41	0.11	4.45
3314.92	0.00	3.45
3311.91	0.09	3.90
9000.00	0.00	2.26
9000.00	0.00	1.35
18000.00	0.00	0.90
3007.96	0.00	25.06
8976.13	0.00	11.10
2984.08	0.00	27.52
3333.33	0.00	7.31
2666.67	0.00	16.80
666.67	0.00	15.79
3448.28	0.00	6.51
3448.28	0.00	5.16
3444.63	0.11	4.71
2799.38	0.00	4.80
2796.42	0.11	3.91
2793.88	0.20	2.91
3448.28	0.00	5.61
3444.63	0.11	2.46
3448.28	0.00	5.61
14616.25	0.12	0.56
0.00	100.00	0.00
0.00	100.00	0.00
4500.00	0.00	4.06
4500.00	0.00	3.61
4500.00	0.00	4.06
3600.00	0.00	7.22
3600.00	0.00	6.77
3600.00	0.00	5.41
1265.78	0.00	34.19
4485.05	0.00	12.28
3239.20	0.00	22.21
6000.00	0.00	3.16
18000.00	0.00	0.90
6000.00	0.00	1.80
4500.00	0.00	4.96
4500.00	0.00	7.67
4500.00	0.00	2.26
3000.00	0.00	4.96
3000.00	0.00	3.61
3000.00	0.00	4.51
4500.00	0.00	4.96
4500.00	0.00	4.06
9000.00	0.00	2.71
2889.25	0.00	5.17
2889.25	0.00	3.71
2885.71	0.12	4.72
3600.00	0.00	4.06
3600.00	0.00	1.80
3600.00	0.00	3.16
6000.00	0.00	5.19
9000.00	0.00	1.35
9000.00	0.00	1.35
3600.00	0.00	4.06
3600.00	0.00	3.16
3600.00	0.00	3.16
5625.00	0.00	4.33
1125.00	0.00	9.47
4500.00	0.00	10.49
2799.38	0.00	4.25
2796.42	0.11	5.26
2796.84	0.09	3.80
3600.00	0.00	4.51
3600.00	0.00	2.26
3600.00	0.00	4.06
2571.43	0.00	7.67
2571.43	0.00	6.77
2571.43	0.00	6.32
2000.00	0.00	9.47
2000.00	0.00	7.22
2000.00	0.00	8.57
3600.00	0.00	4.06
3600.00	0.00	3.16
3600.00	0.00	3.61
2898.55	0.00	4.15
2895.92	0.09	5.16
2898.55	0.00	2.35
4500.00	0.00	2.26
4500.00	0.00	1.35
4500.00	0.00	1.80
2777.78	0.00	5.28
2777.78	0.00	2.36
2769.94	0.28	4.39
3330.76	0.08	7.31
666.67	0.00	13.08
2666.67	0.00	17.10
3600.00	0.00	6.41
3600.00	0.00	7.42
3596.19	0.11	5.52
4243.28	0.00	5.29
3394.63	0.00	14.60
847.89	0.09	10.57
3265.60	0.00	25.26
1632.80	0.00	46.46
1632.80	0.00	41.95
3428.57	0.00	14.77
4285.71	0.00	4.69
857.14	0.00	9.92
3819.62	0.27	4.80
3829.79	0.00	6.24
3825.10	0.12	4.68
3296.70	0.00	4.83
3296.70	0.00	3.72
3288.60	0.25	4.39
3600.00	0.00	4.51
3600.00	0.00	3.61
3600.00	0.00	2.71
5877.55	0.00	6.79
7335.18	0.16	1.67
1469.39	0.00	5.98
18000.00	0.00	0.45
0.00	100.00	0.00
0.00	100.00	0.00
3454.89	0.00	4.15
3454.89	0.00	3.70
3451.76	0.09	4.70
3000.00	0.00	4.96
3000.00	0.00	3.61
3000.00	0.00	4.51
3600.00	0.00	5.86
3600.00	0.00	5.41
3600.00	0.00	5.41
5590.06	0.00	4.16
5590.06	0.00	3.81
5584.15	0.11	2.01
4500.00	0.00	2.26
4500.00	0.00	1.35
4500.00	0.00	1.80
3441.68	0.00	6.07
3441.68	0.00	6.52
3437.47	0.12	5.07
3600.00	0.00	6.32
3600.00	0.00	6.32
3600.00	0.00	4.96
3000.00	0.00	21.65
3000.00	0.00	6.32
0.00	100.00	0.00
4500.00	0.00	3.61
4500.00	0.00	1.80
4500.00	0.00	3.16
3600.00	0.00	5.86
3600.00	0.00	2.71
3600.00	0.00	4.51
4500.00	0.00	7.22
0.00	100.00	0.00
4492.80	0.16	11.86
0.00	100.00	0.00
2893.89	0.00	6.41
2890.83	0.11	20.72
2130.18	0.00	9.53
2130.18	0.00	8.07
2125.32	0.23	6.74
4500.00	0.00	4.06
4500.00	0.00	3.61
4500.00	0.00	2.26
18000.00	0.00	0.90
3600.00	0.00	3.61
3600.00	0.00	5.86
3000.00	0.00	4.96
3000.00	0.00	3.61
3000.00	0.00	4.51
2493.07	0.00	7.87
2490.44	0.11	5.17
2493.07	0.00	6.96
2893.89	0.00	6.96
2890.83	0.11	6.52
2893.89	0.00	3.26
3600.00	0.00	3.61
3600.00	0.00	4.51
3600.00	0.00	2.26
18000.00	0.00	0.45
0.00	100.00	0.00
0.00	100.00	0.00
2490.44	0.11	5.62
2493.07	0.00	3.71
2493.07	0.00	4.61
4500.00	0.00	4.96
9000.00	0.00	2.71
4500.00	0.00	4.06
6923.08	0.00	3.52
5538.46	0.00	7.33
1384.62	0.00	7.22
2898.55	0.00	4.15
2895.92	0.09	5.16
2898.55	0.00	3.70
2880.57	0.14	5.19
2884.62	0.00	4.17
2884.62	0.00	5.63
2571.43	0.00	6.77
2571.43	0.00	6.77
2571.43	0.00	8.12
3602.87	0.00	20.44
1794.26	0.00	41.05
1794.26	0.00	44.66
3302.75	0.00	4.37
3295.13	0.23	3.48
3302.75	0.00	3.27
4186.05	0.00	9.70
5225.21	0.14	2.11
1046.51	0.00	10.12
2803.74	0.00	2.35
2803.74	0.00	3.70
2798.61	0.18	5.25
2571.43	0.00	7.22
2571.43	0.00	8.12
2571.43	0.00	9.02
6000.00	0.00	4.06
6000.00	0.00	4.51
6000.00	0.00	3.61
4499.96	0.00	37.44
4499.96	0.00	34.28
8960.15	0.12	21.65
3600.00	0.00	3.61
3600.00	0.00	4.51
3600.00	0.00	2.26
2482.70	0.14	8.00
2486.19	0.00	6.98
2486.19	0.00	6.53
5400.00	0.00	5.56
3600.00	0.00	4.29
3600.00	0.00	5.41
2571.43	0.00	7.67
2571.43	0.00	6.77
2571.43	0.00	6.32
9000.00	0.00	2.71
6000.00	0.00	3.16
6000.00	0.00	3.61
6000.00	0.00	4.06
6000.00	0.00	1.80
6000.00	0.00	3.16
0.00	100.00	0.00
3000.00	0.00	5.86
3000.00	0.00	18.50
4500.00	0.00	4.06
4500.00	0.00	5.41
4500.00	0.00	4.06
4500.00	0.00	4.96
4500.00	0.00	4.51
4500.00	0.00	4.51
3290.68	0.00	7.40
3281.94	0.27	6.07
3290.68	0.00	7.74
4500.00	0.00	3.61
4500.00	0.00	3.16
4500.00	0.00	2.26
14495.76	0.14	0.56
0.00	100.00	0.00
0.00	100.00	0.00
0.00	100.00	0.00
4500.00	0.00	15.34
9000.00	0.00	3.38
3000.00	0.00	10.83
3000.00	0.00	17.14
0.00	100.00	0.00
6000.00	0.00	4.06
6000.00	0.00	3.16
6000.00	0.00	1.80
3620.11	0.00	22.60
1795.69	0.00	53.68
1795.69	0.00	44.66
5590.06	0.00	2.81
5590.06	0.00	1.90
5584.15	0.11	2.01
2692.95	0.21	5.68
2698.65	0.00	4.11
2695.35	0.12	5.12
4240.09	0.12	2.81
4245.28	0.00	3.72
4239.33	0.14	3.27
2250.00	0.00	9.02
2250.00	0.00	7.22
2250.00	0.00	6.77
4420.10	0.11	5.51
3539.82	0.00	12.26
883.71	0.14	9.75
6000.00	0.00	10.83
0.00	100.00	0.00
6000.00	0.00	1.80
2402.57	0.16	8.78
2406.42	0.00	10.45
2403.47	0.12	7.31
2571.43	0.00	5.41
2571.43	0.00	3.61
2571.43	0.00	4.51
3600.00	0.00	4.06
3600.00	0.00	4.51
3600.00	0.00	3.61
5555.56	0.00	3.37
5555.56	0.00	2.36
5547.76	0.14	2.02
4500.00	0.00	4.96
4500.00	0.00	5.41
4500.00	0.00	2.26
2496.53	0.00	5.60
2496.53	0.00	3.70
2494.27	0.09	4.70
3444.63	0.11	6.62
3448.28	0.00	7.06
3448.28	0.00	5.16
2898.55	0.00	5.06
2898.55	0.00	3.61
2895.92	0.09	4.61
2571.43	0.00	9.47
2567.82	0.14	3.27
2571.43	0.00	9.02
2345.84	0.30	6.47
2352.94	0.00	4.90
2352.94	0.00	4.45
4500.00	0.00	5.41
4495.92	0.09	5.06
4500.00	0.00	6.41
2875.39	0.16	5.31
2880.00	0.00	3.95
2880.00	0.00	4.85
3451.76	0.09	4.80
3454.89	0.00	4.34
3454.89	0.00	3.89
857.14	0.00	15.34
4285.71	0.00	2.35
3428.57	0.00	15.68
5572.76	0.00	4.37
5572.76	0.00	1.91
5565.94	0.12	2.01
4041.27	0.09	5.47
4039.27	0.14	4.47
4044.94	0.00	4.45
2571.43	0.00	7.67
2571.43	0.00	6.77
2571.43	0.00	6.32
2808.11	0.00	4.34
2805.56	0.09	5.34
2805.95	0.08	3.89
2571.43	0.00	7.67
2571.43	0.00	5.41
2571.43	0.00	5.86
3600.00	0.00	5.41
3600.00	0.00	2.71
3600.00	0.00	5.41
2995.93	0.00	36.47
2365.21	0.00	39.05
635.81	0.00	55.49
4229.46	0.09	5.76
845.89	0.09	10.60
3386.64	0.00	13.44
2799.38	0.00	5.26
2799.38	0.00	3.71
2793.88	0.20	4.81
4500.00	0.00	5.41
4500.00	0.00	2.71
4500.00	0.00	6.32
18000.00	0.00	0.45
0.00	100.00	0.00
0.00	100.00	0.00
2000.00	0.00	12.63
2000.00	0.00	11.28
2000.00	0.00	8.57
2710.01	0.18	5.54
2714.93	0.00	3.99
2712.47	0.09	4.99
704.41	0.00	89.16
3316.46	0.09	21.16
2619.57	0.00	48.51
4500.00	0.00	1.80
4500.00	0.00	2.26
4500.00	0.00	1.35
4255.32	0.00	5.62
4255.32	0.00	2.36
4250.12	0.12	2.47
4245.28	0.00	3.93
4239.33	0.14	3.94
4245.28	0.00	3.48
7377.05	0.00	3.00
7370.36	0.09	2.55
7368.03	0.12	3.11
974.73	0.00	67.97
973.85	0.09	80.17
2893.00	0.00	23.23
2493.07	0.00	4.61
2493.07	0.00	5.51
2490.44	0.11	3.71
14616.25	0.12	0.56
0.00	100.00	0.00
0.00	100.00	0.00
3448.28	0.00	3.26
3444.63	0.11	3.36
3448.28	0.00	4.26
3600.00	0.00	5.86
3600.00	0.00	6.32
3600.00	0.00	6.32
4275.53	0.00	3.80
8551.07	0.00	3.03
4271.66	0.09	3.26
4500.00	0.00	3.61
4500.00	0.00	3.16
4500.00	0.00	2.26
14495.76	0.14	0.56
0.00	100.00	0.00
0.00	100.00	0.00
3000.00	0.00	4.96
3000.00	0.00	3.61
3000.00	0.00	4.51
4256.05	0.11	22.39
4260.56	0.00	21.64
8527.93	0.00	13.97
3000.00	0.00	4.96
3000.00	0.00	3.61
3000.00	0.00	4.51
4500.00	0.00	2.26
4500.00	0.00	1.35
4500.00	0.00	1.80
4265.40	0.00	5.16
4265.40	0.00	3.81
4260.89	0.11	3.81
3435.11	0.00	3.72
3430.29	0.14	3.27
3435.11	0.00	4.17
4000.00	0.00	5.41
2000.00	0.00	5.41
2000.00	0.00	7.22
2250.00	0.00	9.02
2250.00	0.00	7.22
2250.00	0.00	6.77
2076.92	0.00	32.16
4000.00	0.00	8.68
1923.08	0.00	32.03
1944.17	0.00	29.86
3957.55	0.14	9.28
1869.39	0.00	34.57
4500.00	0.00	5.19
2250.00	0.00	5.86
2250.00	0.00	6.77
3600.00	0.00	2.71
3600.00	0.00	3.16
3600.00	0.00	4.06
4027.99	0.11	6.05
805.60	0.11	11.08
3225.81	0.00	12.11
3308.82	0.00	4.81
3305.32	0.11	2.46
3305.32	0.11	4.36
0.00	100.00	0.00
3000.00	0.00	11.73
3000.00	0.00	18.50
0.00	100.00	0.00
3163.94	0.16	17.98
3162.79	0.20	8.04
3451.76	0.09	4.16
3454.89	0.00	3.16
3454.89	0.00	3.16
2359.11	0.00	7.33
2354.48	0.20	6.35
2357.29	0.08	8.33
3600.00	0.00	3.61
3600.00	0.00	4.06
3600.00	0.00	3.16
9000.00	0.00	2.26
18000.00	0.00	0.90
18000.00	0.00	0.90
2796.84	0.09	5.35
2799.38	0.00	3.89
2796.42	0.11	4.90
2250.00	0.00	8.12
2250.00	0.00	6.77
2250.00	0.00	8.12
3441.68	0.00	4.72
3437.47	0.12	3.82
3441.68	0.00	2.81
4260.89	0.11	3.81
4265.40	0.00	1.90
4265.40	0.00	3.26
18000.00	0.00	0.45
18000.00	0.00	0.45
0.00	100.00	0.00
4250.12	0.12	3.82
4255.32	0.00	2.81
4255.32	0.00	3.26
3314.92	0.00	7.35
3308.41	0.20	8.36
3314.92	0.00	7.80
2898.55	0.00	4.15
2898.55	0.00	3.70
2895.92	0.09	5.16
2884.62	0.00	7.43
2884.62	0.00	6.87
2880.57	0.14	6.09
4049.49	0.00	6.02
2019.77	0.25	6.58
2020.77	0.20	8.04
3435.11	0.00	3.93
3430.29	0.14	2.48
3435.11	0.00	3.93
2571.43	0.00	9.02
2571.43	0.00	7.22
2571.43	0.00	7.22
6417.11	11.11	7.02
1600.89	0.21	8.66
5614.97	0.00	3.73
3600.00	0.00	4.96
3600.00	0.00	2.71
3600.00	0.00	8.12
1630.43	0.00	39.70
3273.91	0.00	12.36
1630.43	0.00	53.68
2880.57	0.14	5.19
2884.62	0.00	3.72
2884.62	0.00	4.62
3412.32	0.00	15.09
853.08	0.00	12.87
4260.89	0.11	5.72
3444.63	20.08	12.31
862.07	0.00	19.74
3448.28	0.00	11.32
3448.28	0.00	4.71
3448.28	0.00	3.71
3444.63	0.11	2.91
6000.00	0.00	2.71
6000.00	0.00	1.80
6000.00	0.00	3.16
3600.00	0.00	6.77
3600.00	0.00	6.32
3600.00	0.00	6.32
3441.68	0.00	4.16
3437.47	0.12	3.72
3441.68	0.00	4.61
5555.56	0.00	4.36
9000.00	0.00	2.70
5547.76	0.14	2.02
3011.89	20.08	14.01
753.77	0.00	25.25
3015.08	0.00	14.82
3000.00	0.00	4.96
3000.00	0.00	3.61
3000.00	0.00	2.71
4031.42	0.11	35.76
4030.02	0.14	33.23
8097.46	0.00	20.68
6000.00	0.00	3.61
9000.00	0.00	2.56
6000.00	0.00	3.38
0.00	100.00	0.00
0.00	100.00	0.00
4500.00	0.00	13.98
3272.73	0.00	12.41
4090.91	0.00	7.31
818.18	0.00	12.63
3600.00	0.00	2.71
3600.00	0.00	3.16
3600.00	0.00	4.06
1082.04	0.00	55.26
4002.22	0.11	15.26
2967.43	0.00	26.25
3428.57	0.00	11.84
4285.71	0.00	4.69
857.14	0.00	12.18
1125.00	0.00	9.47
5619.90	0.09	4.33
4500.00	0.00	9.59
5797.10	0.00	3.48
2898.55	0.00	2.80
2895.92	0.09	1.90
18000.00	0.00	0.45
0.00	100.00	0.00
0.00	100.00	0.00
1251.69	0.00	36.97
4649.89	0.11	20.04
5936.53	0.00	12.05
4500.00	0.00	3.61
4500.00	0.00	3.16
4500.00	0.00	3.61
3600.00	0.00	4.51
3600.00	0.00	3.61
3600.00	0.00	2.71
4500.00	0.00	5.41
4500.00	0.00	4.51
4500.00	0.00	5.86
9000.00	0.00	2.71
9000.00	0.00	2.26
9000.00	0.00	1.35
3000.00	0.00	6.32
3000.00	0.00	4.06
3000.00	0.00	5.86
1800.00	0.00	6.32
3600.00	0.00	6.54
1800.00	0.00	4.51
3600.00	0.00	4.51
3600.00	0.00	3.61
3600.00	0.00	2.71
9000.00	0.00	1.35
9000.00	0.00	1.35
9000.00	0.00	0.90
4265.40	0.00	3.71
4265.40	0.00	1.80
4260.89	0.11	3.26
3600.00	0.00	6.32
3600.00	0.00	4.06
3600.00	0.00	4.51
2494.27	0.09	8.32
2496.53	0.00	6.86
2496.53	0.00	5.51
3439.79	0.00	24.50
1718.08	0.11	34.62
1719.89	0.00	41.48
6000.00	0.00	1.80
6000.00	0.00	0.90
6000.00	0.00	1.35
3600.00	0.00	4.51
3600.00	0.00	2.26
3600.00	0.00	2.26
3600.00	0.00	6.32
3600.00	0.00	4.51
3600.00	0.00	5.86
3600.00	0.00	6.42
3595.60	0.12	5.52
3600.00	0.00	6.87
6000.00	0.00	3.16
6000.00	0.00	3.61
9000.00	0.00	2.56
3448.28	0.00	4.61
3448.28	0.00	2.26
3444.63	0.11	4.16
4500.00	0.00	1.35
4500.00	0.00	1.80
4500.00	0.00	3.16
0.00	100.00	0.00
4275.53	0.00	5.70
4271.66	0.09	12.40
2490.44	0.11	8.33
2493.07	0.00	6.87
2493.07	0.00	5.51
4500.00	0.00	4.96
4500.00	0.00	4.51
4500.00	0.00	4.06
9000.00	0.00	2.71
6000.00	0.00	3.61
6000.00	0.00	1.80
3600.00	0.00	1.80
3600.00	0.00	3.16
3600.00	0.00	4.06
3000.00	0.00	6.77
3000.00	0.00	5.86
3000.00	0.00	4.96
3591.38	0.00	23.46
1795.69	0.00	32.93
1795.69	0.00	39.70
3430.29	0.14	7.10
3435.11	0.00	5.63
3435.11	0.00	7.65
2684.49	0.08	7.63
2686.57	0.00	5.59
4029.85	0.00	5.08
3600.00	0.00	7.89
9000.00	0.00	2.71
3600.00	0.00	7.89
4500.00	0.00	5.18
4500.00	0.00	4.28
4487.38	0.28	4.05
2571.43	0.00	5.41
2571.43	0.00	3.61
2571.43	0.00	4.51
6000.00	0.00	3.61
9000.00	0.00	2.56
6000.00	0.00	1.80
3435.11	0.00	3.83
3435.11	0.00	4.73
3430.29	0.14	2.48
2571.43	0.00	9.92
2571.43	0.00	8.12
2571.43	0.00	9.47
1474.20	0.00	6.77
1472.86	0.09	9.58
2948.40	0.00	7.22
2571.43	0.00	7.67
2571.43	0.00	6.77
2571.43	0.00	6.32
2422.61	0.00	8.70
2420.41	0.09	7.26
2420.05	0.11	3.91
2250.00	0.00	7.67
2250.00	0.00	9.02
4500.00	0.00	2.26
18000.00	0.00	0.90
3600.00	0.00	5.41
3600.00	0.00	5.41
2786.38	0.00	5.28
2782.47	0.14	3.83
2783.43	0.11	4.38
2898.55	0.00	4.61
2895.92	0.09	2.71
2898.55	0.00	3.70
4275.53	0.00	5.15
4275.53	0.00	5.70
4271.66	0.09	6.61
4044.94	0.00	3.92
4044.94	0.00	3.92
4035.73	0.23	3.47
3600.00	0.00	3.61
3600.00	0.00	4.06
3600.00	0.00	3.16
3542.11	0.00	24.50
4494.29	0.00	13.67
952.18	0.00	32.48
1171.88	0.00	43.76
1171.88	0.00	31.58
2156.25	0.00	24.76
2995.79	0.14	5.76
3000.00	0.00	6.77
3000.00	0.00	5.86
3000.00	0.00	4.96
3000.00	0.00	3.61
3000.00	0.00	4.51
2486.58	0.12	7.99
2489.63	0.00	5.62
2489.63	0.00	8.08
3139.78	0.00	26.30
1568.23	0.11	48.55
1569.89	0.00	43.74
3265.31	0.00	12.43
4077.93	0.09	4.98
816.33	0.00	12.75
3600.00	0.00	4.06
3600.00	0.00	3.61
3600.00	0.00	4.51
4500.00	0.00	3.61
18000.00	0.00	0.90
4500.00	0.00	3.16
3065.64	0.20	4.00
3062.40	0.30	5.10
3071.67	0.00	1.99
3522.50	0.00	5.24
1761.25	0.00	3.16
1759.39	0.11	5.52
3000.00	0.00	4.96
3000.00	0.00	3.61
3000.00	0.00	4.51
6000.00	0.00	3.61
9000.00	0.00	2.56
6000.00	0.00	1.80
5555.56	0.00	1.91
5555.56	0.00	0.90
5547.76	0.14	1.46
0.00	100.00	0.00
18000.00	0.00	0.90
4282.41	0.08	13.72
6000.00	0.00	5.18
5991.58	0.14	3.38
6000.00	0.00	3.83
2571.43	0.00	9.02
2571.43	0.00	7.22
2571.43	0.00	7.22
3461.54	0.00	4.24
3461.54	0.00	2.35
3458.87	0.08	3.79
2350.45	0.11	8.36
2350.45	0.11	7.46
2350.81	0.09	6.90
2571.43	0.00	10.83
3857.14	0.00	9.02
2571.43	0.00	3.83
2414.24	0.21	6.27
2419.35	0.00	4.81
2419.35	0.00	4.36
2790.70	0.00	6.83
2787.29	0.12	5.93
2787.75	0.11	6.38
2571.43	0.00	5.41
2571.43	0.00	3.61
2571.43	0.00	4.51
4500.00	0.00	4.06
4500.00	0.00	3.61
4500.00	0.00	2.26
3600.00	0.00	2.71
3600.00	0.00	5.41
3600.00	0.00	9.47
