2569.76	0.06	14.94
5142.86	0.00	4.06
2536.21	1.37	8.32
2692.44	10.10	33.49
0.00	100.00	0.00
2995.01	0.00	7.68
3362.30	0.06	20.12
3364.49	0.00	12.05
0.00	100.00	0.00
3600.00	0.00	19.41
0.00	100.00	0.00
0.00	100.00	0.00
4325.36	0.04	28.52
4326.92	0.00	2.33
0.00	100.00	0.00
767.09	0.06	21.08
3026.15	1.44	20.60
3451.48	10.07	12.36
0.00	100.00	0.00
2524.20	24.86	80.63
0.00	100.00	0.00
2250.00	0.00	14.44
0.00	100.00	0.00
2249.19	0.04	35.72
6000.00	0.00	10.83
0.00	100.00	0.00
5960.26	0.66	10.90
3598.70	0.04	15.87
899.67	0.04	16.77
4500.00	0.00	2.26
2571.43	0.00	8.57
2571.43	0.00	9.47
2571.43	0.00	9.02
3578.53	0.00	18.14
3578.53	0.00	18.14
0.00	100.00	0.00
10052.96	0.00	59.07
3341.72	0.49	219.90
3358.21	0.00	223.06
2251.08	0.00	95.51
2248.20	0.00	118.64
4476.80	0.04	78.77
1112.69	0.00	38.62
1667.14	10.10	38.86
1071.48	0.00	44.36
660.55	0.00	15.65
0.00	100.00	0.00
2641.25	20.03	43.95
3427.33	0.04	22.36
856.83	0.04	19.24
4285.71	0.00	5.26
6000.00	0.00	2.48
3000.00	0.00	2.71
3000.00	0.00	2.26
593.82	10.10	61.67
0.00	100.00	0.00
2375.28	28.08	48.58
3600.00	0.00	18.34
0.00	100.00	0.00
0.00	100.00	0.00
3800.10	9.80	52.54
4241.16	0.00	45.26
4212.85	0.00	45.56
2501.85	0.06	15.70
0.00	100.00	0.00
2503.48	0.00	34.47
3461.54	0.00	9.38
2769.23	0.00	13.31
692.31	0.00	14.89
0.00	100.00	0.00
0.00	100.00	0.00
3301.56	0.04	37.96
0.00	100.00	0.00
3332.13	0.04	20.29
3333.33	0.00	18.40
3547.99	0.06	30.90
0.00	100.00	0.00
0.00	100.00	0.00
2907.92	0.00	25.73
2906.03	0.06	25.74
0.00	100.00	0.00
1636.36	0.00	7.22
6545.45	0.00	6.88
18000.00	0.00	0.90
0.00	100.00	0.00
0.00	100.00	0.00
3091.54	9.83	30.87
0.00	100.00	0.00
3600.00	0.00	22.55
5694.14	0.04	17.11
0.00	100.00	0.00
2968.37	0.06	25.35
0.00	100.00	0.00
3578.53	0.00	23.59
0.00	100.00	0.00
3578.53	0.00	5.44
9000.00	0.00	2.56
0.00	100.00	0.00
6000.00	0.00	9.47
4166.67	0.00	5.77
4165.16	0.04	16.28
0.00	100.00	0.00
1285.05	9.80	77.69
1244.70	9.83	96.50
2805.08	0.00	18.11
2247.19	0.00	9.03
2247.19	0.00	44.25
0.00	100.00	0.00
0.00	100.00	0.00
3600.00	0.00	16.24
3598.70	0.04	23.99
4500.00	0.00	5.41
9000.00	0.00	2.71
4500.00	0.00	2.26
0.00	100.00	0.00
3191.49	0.00	7.63
3190.33	0.04	19.24
490.95	75.01	31.46
2214.17	24.86	35.16
0.00	100.00	0.00
2990.09	9.80	18.12
0.00	100.00	0.00
0.00	100.00	0.00
2668.47	4.23	9.13
2513.38	9.80	28.48
0.00	100.00	0.00
6013.77	0.00	17.98
1628.39	10.10	58.73
2318.56	0.00	49.26
2513.97	0.00	5.56
2513.06	0.04	14.28
2513.97	0.00	12.47
0.00	100.00	0.00
0.00	100.00	0.00
2907.92	0.00	20.90
2308.76	9.83	46.94
0.00	100.00	0.00
2560.46	0.00	7.24
4473.11	0.00	25.10
4615.11	0.00	26.89
4437.60	0.00	28.91
2400.00	0.00	20.75
2399.13	0.04	20.60
600.00	0.00	23.91
4500.00	0.00	3.16
4500.00	0.00	3.61
4500.00	0.00	1.80
2536.64	0.00	15.25
1521.43	0.04	15.51
4058.62	0.00	2.45
2816.29	0.49	12.60
2829.16	0.04	11.64
2830.19	0.00	8.16
2240.78	0.04	37.01
0.00	100.00	0.00
2241.59	0.00	12.67
848.15	62.90	117.68
3613.04	27.31	66.71
5168.85	0.00	9.10
932.84	10.13	60.96
936.27	9.80	55.46
1023.75	1.37	46.19
4497.08	0.06	10.47
9000.00	0.00	2.71
4500.00	0.00	2.26
3578.53	0.00	8.17
3578.53	0.00	6.36
3578.53	0.00	5.47
0.00	100.00	0.00
2318.66	9.83	47.74
2571.43	0.00	7.22
6000.00	0.00	4.06
6000.00	0.00	3.16
6000.00	0.00	1.80
3495.15	0.00	29.68
3494.13	0.03	5.62
0.00	100.00	0.00
562.50	0.00	18.86
2238.95	0.49	26.20
2811.48	0.04	32.97
4500.00	0.00	8.12
4500.00	0.00	9.92
4500.00	0.00	5.41
0.00	100.00	0.00
3487.11	0.04	50.25
0.00	100.00	0.00
4293.15	0.06	16.54
4295.94	0.00	4.24
0.00	100.00	0.00
2415.23	0.04	52.67
0.00	100.00	0.00
0.00	100.00	0.00
1752.73	0.04	90.01
17884.28	0.00	5.71
1851.55	0.00	75.16
2866.22	0.00	55.01
8585.01	0.00	23.61
2557.14	10.07	91.74
0.00	100.00	0.00
2922.08	0.00	14.13
2626.88	10.10	46.07
1273.96	0.06	94.02
2325.21	0.00	58.12
16918.89	0.00	4.96
0.00	100.00	0.00
4326.92	0.00	16.82
4325.36	0.04	14.57
5143.94	0.04	14.93
4116.64	0.00	14.20
1029.16	0.00	12.03
0.00	100.00	0.00
0.00	100.00	0.00
0.00	100.00	0.00
1841.93	0.06	64.64
1871.94	0.04	68.06
3701.00	0.00	24.79
0.00	100.00	0.00
3487.11	0.04	35.85
0.00	100.00	0.00
2798.36	0.04	25.41
0.00	100.00	0.00
2525.11	9.80	11.78
3600.00	0.00	2.71
3600.00	0.00	32.48
0.00	100.00	0.00
3000.00	0.00	34.77
0.00	100.00	0.00
0.00	100.00	0.00
666.67	0.00	21.65
3331.17	0.06	26.25
0.00	100.00	0.00
0.00	100.00	0.00
0.00	100.00	0.00
3487.11	0.04	20.43
1898.31	9.83	40.23
1052.25	60.01	25.34
3684.21	0.00	2.66
3302.76	0.00	58.12
2969.03	10.10	89.77
6584.21	0.00	52.67
0.00	100.00	0.00
2990.03	0.00	12.68
2988.09	0.06	34.02
4325.36	0.04	19.82
0.00	100.00	0.00
9000.00	0.00	6.39
3679.82	1.44	23.28
2940.60	0.00	25.09
826.01	0.00	27.52
5727.14	0.00	60.55
5685.04	0.04	63.41
5696.20	0.00	19.78
4326.92	0.00	12.16
0.00	100.00	0.00
0.00	100.00	0.00
0.00	100.00	0.00
3302.75	0.00	7.21
3300.61	0.06	39.73
3254.97	0.00	11.12
3208.10	1.44	9.67
3254.97	0.00	9.52
0.00	100.00	0.00
4217.69	0.18	14.95
4223.82	0.04	10.56
0.00	100.00	0.00
2180.50	33.33	29.49
0.00	100.00	0.00
3461.54	20.00	14.49
865.38	0.00	13.06
0.00	100.00	0.00
2538.79	0.00	2701.11
8039.60	0.00	312.25
2538.67	0.00	1304.21
0.00	100.00	0.00
0.00	100.00	0.00
3487.11	0.04	38.19
3597.66	0.06	21.42
900.00	0.00	12.73
0.00	100.00	0.00
4800.00	20.00	1234.44
4136.79	10.07	695.05
1200.00	0.00	1071.81
2989.06	9.83	56.51
0.00	100.00	0.00
0.00	100.00	0.00
2147.83	20.03	30.31
3760.07	0.00	13.64
1073.61	60.03	28.46
4500.00	0.00	134.88
4500.00	0.00	110.97
4529.03	0.00	219.87
1725.00	0.06	61.21
941.18	0.04	97.18
1112.98	0.04	132.92
2789.45	0.49	48.71
3251.73	0.00	47.59
17267.80	0.00	5.93
0.00	100.00	0.00
0.00	100.00	0.00
4165.16	0.04	26.28
2130.18	0.00	15.25
2130.18	0.00	16.61
1914.98	10.10	31.77
0.00	100.00	0.00
2998.91	0.04	34.50
3000.00	0.00	16.38
4326.92	0.00	5.70
4326.92	0.00	9.76
4325.36	0.04	11.57
4295.94	0.00	6.12
4293.15	0.06	8.10
4295.94	0.00	4.68
6000.00	0.00	4.51
6000.00	0.00	2.26
18000.00	0.00	0.90
2643.17	0.00	28.10
2377.01	10.07	17.08
0.00	100.00	0.00
3600.00	0.00	6.32
3600.00	0.00	5.41
3598.70	0.04	12.18
0.00	100.00	0.00
0.00	100.00	0.00
2333.78	0.04	49.53
0.00	100.00	0.00
3598.70	20.03	16.71
4500.00	0.00	19.32
719.58	50.68	42.35
719.58	55.17	37.53
1750.34	42.88	34.29
0.00	100.00	0.00
2738.65	20.40	20.93
688.07	0.00	20.83
3592.81	50.00	17.18
3592.81	0.00	26.66
0.00	100.00	0.00
3183.97	10.13	85.27
3582.47	0.00	59.27
3565.47	0.00	83.11
3600.00	0.00	6.39
3598.70	0.04	9.55
18000.00	0.00	0.90
0.00	100.00	0.00
0.00	100.00	0.00
4166.67	0.00	2.38
2510.46	0.00	12.94
2510.46	0.00	16.17
2509.55	0.04	20.19
2560.46	0.00	8.66
2558.79	0.06	11.13
3453.94	10.07	12.26
923.14	0.04	73.59
960.11	0.04	90.15
2458.33	10.07	26.00
0.00	100.00	0.00
3137.10	10.07	3.74
3488.37	0.00	17.65
18000.00	0.00	0.45
18000.00	0.00	0.45
18000.00	0.00	0.45
945.41	1.44	129.71
1877.07	0.00	86.08
1909.25	28.64	78.06
3379.16	0.31	57.32
3389.75	0.00	89.61
3067.96	10.07	72.02
3600.00	0.00	9.47
3600.00	0.00	5.41
3600.00	0.00	2.71
4500.00	0.00	5.41
18000.00	0.00	0.90
4435.20	1.44	10.77
2970.17	10.07	10.94
3301.56	0.04	18.05
3302.75	0.00	11.02
2752.29	0.00	26.68
0.00	100.00	0.00
2712.66	1.44	27.06
3465.95	0.06	43.02
0.00	100.00	0.00
3468.21	0.00	5.66
1626.84	9.80	40.44
684.15	0.04	110.86
1914.54	22.26	67.74
0.00	100.00	0.00
0.00	100.00	0.00
3364.49	0.00	22.17
819.67	0.04	86.60
983.97	0.00	48.49
2480.47	0.49	59.88
1200.00	0.00	14.89
6000.00	0.00	7.22
4800.00	0.00	18.16
1133.82	0.00	55.93
4471.24	16.86	37.79
4021.33	10.07	31.33
0.00	100.00	0.00
3563.07	0.04	15.43
3564.34	0.00	19.60
6000.00	0.00	10.85
0.00	100.00	0.00
3802.45	9.80	11.20
2789.69	50.02	35.70
0.00	100.00	0.00
2509.68	10.07	33.36
666.78	11.10	18.67
3000.00	0.00	25.71
3750.00	0.00	5.23
0.00	100.00	0.00
4044.94	0.00	37.81
0.00	100.00	0.00
0.00	100.00	0.00
0.00	100.00	0.00
3550.69	1.37	35.14
0.00	100.00	0.00
3487.11	0.04	25.09
3488.37	0.00	17.65
4500.00	0.00	6.84
4500.00	0.00	10.66
4498.37	0.04	6.32
0.00	100.00	0.00
0.00	100.00	0.00
3125.61	1.37	34.23
2998.91	0.04	18.05
3000.00	0.00	9.92
3000.00	0.00	6.32
3000.00	0.00	11.73
3000.00	0.00	7.67
2998.91	0.04	14.44
0.00	100.00	0.00
3487.11	0.04	40.94
0.00	100.00	0.00
4500.00	0.00	23.01
0.00	100.00	0.00
0.00	100.00	0.00
4285.71	0.00	12.36
3427.33	0.04	32.27
0.00	100.00	0.00
0.00	100.00	0.00
2834.64	0.00	14.77
2833.62	0.04	32.95
2185.22	9.80	25.71
605.65	0.00	17.24
2421.73	0.04	30.26
3502.11	0.00	34.67
1743.55	0.04	76.49
1716.10	0.04	75.91
0.00	100.00	0.00
0.00	100.00	0.00
4044.94	0.00	16.06
2918.42	0.00	53.47
2908.06	0.04	58.66
8764.57	0.00	20.06
4337.35	0.00	5.86
4336.09	0.03	4.83
4337.35	0.00	4.51
0.00	100.00	0.00
4500.00	0.00	26.61
0.00	100.00	0.00
3235.96	0.00	43.80
17335.47	0.00	5.49
2875.06	0.49	40.31
0.00	100.00	0.00
0.00	100.00	0.00
2570.50	0.04	33.09
2765.20	1.37	55.90
0.00	100.00	0.00
0.00	100.00	0.00
4000.40	0.04	46.06
978.13	9.80	49.79
1282.31	0.00	63.64
0.00	100.00	0.00
2906.86	0.04	43.42
0.00	100.00	0.00
1970.04	0.00	66.23
17966.75	0.00	5.00
2001.56	0.00	62.52
515.29	33.66	26.00
3623.54	6.70	31.58
3107.02	20.00	19.44
3600.00	0.00	6.77
2878.96	0.04	28.39
720.00	0.00	14.44
4536.61	0.04	97.54
4545.51	0.00	85.05
4748.82	0.00	57.10
3468.21	0.00	24.51
3465.95	0.06	31.47
0.00	100.00	0.00
0.00	100.00	0.00
0.00	100.00	0.00
4500.00	0.00	15.34
8925.93	0.00	15.31
4455.83	0.00	36.35
4470.09	0.00	24.40
3735.99	0.00	8.69
2241.59	0.00	24.91
1493.42	20.05	23.90
0.00	100.00	0.00
3487.11	0.04	36.21
3488.37	0.00	5.45
3600.00	0.00	13.54
3235.39	10.13	17.93
3600.00	0.00	5.41
1120.80	0.00	9.98
4483.19	0.00	15.63
6724.71	0.00	1.69
4368.21	0.06	14.45
874.21	0.00	12.15
0.00	100.00	0.00
9000.00	0.00	2.71
3000.00	0.00	8.12
3000.00	0.00	9.92
3600.00	0.00	17.59
0.00	100.00	0.00
3600.00	0.00	14.44
2445.65	0.00	7.54
2444.77	0.04	24.68
2433.64	0.49	17.14
3600.00	0.00	23.46
0.00	100.00	0.00
0.00	100.00	0.00
0.00	100.00	0.00
3145.46	9.83	32.61
5940.59	0.00	7.29
1764.96	0.04	47.28
1765.62	0.00	36.40
3474.68	0.00	28.22
0.00	100.00	0.00
2003.23	11.30	35.04
2257.65	0.04	55.64
0.00	100.00	0.00
0.00	100.00	0.00
0.00	100.00	0.00
6999.93	0.00	347.30
6000.00	0.00	536.81
6000.00	0.00	402.83
18000.00	0.00	0.45
0.00	100.00	0.00
0.00	100.00	0.00
3401.22	0.00	21.68
0.00	100.00	0.00
3022.21	0.04	28.42
2571.43	0.00	7.67
2571.43	0.00	6.77
2571.43	0.00	6.32
3600.00	0.00	31.47
5638.97	0.06	5.76
0.00	100.00	0.00
0.00	100.00	0.00
1122.89	0.00	9.50
3368.68	0.00	20.80
4300.79	0.00	20.86
4299.23	0.04	22.59
17306.37	0.00	4.19
4473.37	0.00	25.06
4615.38	0.00	26.89
4437.87	0.00	28.87
0.00	100.00	0.00
0.00	100.00	0.00
4325.36	0.04	27.77
0.00	100.00	0.00
0.00	100.00	0.00
0.00	100.00	0.00
7580.42	0.00	572.78
3773.30	10.07	1008.53
7580.42	0.00	572.78
3599.83	0.00	5.91
0.00	100.00	0.00
3600.00	0.00	21.24
4500.00	0.00	5.41
0.00	100.00	0.00
4498.37	0.04	23.12
8224.60	0.00	393.43
4488.78	0.00	451.55
4488.78	0.00	717.69
0.00	100.00	0.00
3478.68	0.04	23.30
0.00	100.00	0.00
1793.11	0.00	56.63
1778.88	0.00	62.95
3614.69	0.00	13.58
0.00	100.00	0.00
0.00	100.00	0.00
3600.00	0.00	26.38
0.00	100.00	0.00
4500.00	0.00	5.41
4498.37	0.04	28.05
1997.78	0.00	19.87
1997.78	0.00	22.57
0.00	100.00	0.00
3600.00	0.00	20.30
0.00	100.00	0.00
0.00	100.00	0.00
2416.11	0.00	10.08
2415.23	0.04	49.77
0.00	100.00	0.00
3401.04	0.00	14.99
4251.30	0.00	7.10
766.68	9.83	16.31
1506.67	10.10	41.75
0.00	100.00	0.00
1675.37	50.02	38.13
1771.01	0.04	19.31
0.00	100.00	0.00
3543.31	0.00	18.33
0.00	100.00	0.00
3773.30	10.07	11.26
3600.00	0.00	35.96
5990.35	0.04	33.59
1214.41	0.00	61.25
4781.99	0.00	32.37
3488.37	0.00	9.31
3145.46	9.83	30.61
0.00	100.00	0.00
1075.52	0.04	79.48
2761.51	0.00	33.49
883.68	1.44	81.22
1265.96	0.00	56.73
5997.44	0.00	15.59
4740.78	0.00	37.75
4508.20	0.00	25.29
2226.56	0.04	52.54
2245.19	0.00	36.02
3508.77	0.00	8.08
3508.16	0.02	6.51
3507.50	0.04	11.69
4064.23	0.00	66.84
8152.44	0.00	34.17
3663.59	9.83	99.01
2993.92	0.04	16.80
2995.01	0.00	15.36
2995.01	0.00	8.13
3597.66	0.06	17.78
0.00	100.00	0.00
3600.00	0.00	6.85
0.00	100.00	0.00
5940.59	0.00	5.47
3585.66	0.00	17.20
16888.79	0.00	6.42
16888.79	0.00	6.42
3801.23	9.80	40.00
0.00	100.00	0.00
0.00	100.00	0.00
4044.94	0.00	12.76
0.00	100.00	0.00
3363.27	75.01	42.32
0.00	100.00	0.00
3600.00	0.00	9.02
0.00	100.00	0.00
3600.00	0.00	17.14
4500.00	0.00	7.22
4500.00	0.00	5.94
4498.37	0.04	9.10
12838.42	0.20	6.61
3615.99	9.83	31.32
19601.83	0.00	4.52
5977.68	0.00	31.58
6006.38	0.00	11.74
5987.24	0.00	20.47
0.00	100.00	0.00
0.00	100.00	0.00
0.00	100.00	0.00
0.00	100.00	0.00
3487.11	0.04	28.86
3488.37	0.00	19.97
0.00	100.00	0.00
4195.76	0.00	12.54
6000.00	0.00	10.83
4500.00	0.00	5.41
4498.37	0.04	11.28
4500.00	0.00	9.47
2616.28	0.00	3.55
2580.44	1.37	12.66
2603.43	0.49	14.60
2571.43	0.00	8.12
2571.43	0.00	10.38
2570.50	0.04	18.95
3184.23	0.00	12.75
1363.78	0.06	36.00
1818.90	0.04	28.55
3578.53	0.00	12.20
3216.09	10.13	18.35
3578.53	0.00	2.72
2799.38	0.00	8.07
2525.11	9.80	11.78
2798.36	0.04	24.31
6000.00	0.00	4.06
18000.00	0.00	0.90
6000.00	0.00	4.06
2983.06	0.00	37.74
1503.46	0.00	47.97
1491.53	0.00	55.12
0.00	100.00	0.00
0.00	100.00	0.00
3461.54	0.00	6.05
2996.29	10.07	20.57
6663.27	0.00	3.26
748.80	10.10	22.62
4500.00	0.00	6.39
4498.37	0.04	12.26
4500.00	0.00	2.26
1991.15	0.00	35.80
1991.15	0.00	18.12
0.00	100.00	0.00
2730.12	34.25	30.32
691.59	0.06	35.71
2768.17	20.00	18.63
0.00	100.00	0.00
0.00	100.00	0.00
3600.00	0.00	40.19
4500.00	0.00	5.11
4500.00	0.00	5.11
4498.37	0.04	6.91
1999.28	0.04	22.26
1999.28	0.04	23.61
0.00	100.00	0.00
6000.00	0.00	5.41
0.00	100.00	0.00
3487.11	0.04	26.06
0.00	100.00	0.00
3598.70	0.04	31.66
3600.00	0.00	15.34
0.00	100.00	0.00
2993.92	0.04	29.95
2995.01	0.00	14.91
0.00	100.00	0.00
4325.36	0.04	19.22
4326.92	0.00	12.68
2445.65	0.00	7.99
2445.65	0.00	7.09
2433.64	0.49	8.20
3060.01	10.07	708.29
9659.12	0.00	252.03
3402.65	0.00	565.10
0.00	100.00	0.00
3600.00	0.00	19.85
0.00	100.00	0.00
2571.43	0.00	9.47
2571.43	0.00	41.95
0.00	100.00	0.00
0.00	100.00	0.00
3663.79	9.83	40.31
0.00	100.00	0.00
4497.08	0.06	5.05
4500.00	0.00	2.34
4500.00	0.00	2.34
5694.14	0.04	382.23
6645.81	0.00	365.74
5696.20	0.00	374.03
338.26	72.21	96.00
4500.00	0.00	21.64
0.00	100.00	0.00
3488.37	0.00	9.31
0.00	100.00	0.00
3487.11	0.04	26.06
0.00	100.00	0.00
2975.21	0.00	32.30
2682.74	9.83	20.88
0.00	100.00	0.00
0.00	100.00	0.00
0.00	100.00	0.00
0.00	100.00	0.00
4233.56	0.04	24.53
4235.29	0.00	2.37
2958.91	1.37	35.00
0.00	100.00	0.00
0.00	100.00	0.00
3598.70	0.04	10.90
3600.00	0.00	19.85
0.00	100.00	0.00
3333.89	11.10	16.27
0.00	100.00	0.00
3316.97	0.49	23.29
0.00	100.00	0.00
2324.74	0.04	40.46
0.00	100.00	0.00
939.46	0.00	8.79
0.00	100.00	0.00
3756.47	20.03	30.23
3600.00	0.00	20.80
3600.00	0.00	10.85
0.00	100.00	0.00
2342.90	0.04	19.82
2311.65	1.37	10.54
2343.75	0.00	13.50
0.00	100.00	0.00
3000.00	0.00	6.32
2696.93	10.10	47.02
0.00	100.00	0.00
5694.14	0.04	15.23
5940.59	0.00	9.13
0.00	100.00	0.00
3980.86	0.04	30.11
0.00	100.00	0.00
71.03	86.69	510.65
239.73	10.13	89.36
4534.65	0.00	4.51
9095.74	0.00	13.11
4531.52	0.04	61.44
1148.96	0.04	82.86
8913.46	0.00	9.42
2423.08	0.00	22.55
2163.46	0.00	32.03
0.00	100.00	0.00
0.00	100.00	0.00
3844.76	0.04	14.08
2878.96	0.04	21.93
3600.00	0.00	9.02
720.00	0.00	15.27
2793.21	0.06	34.67
698.30	66.69	27.94
698.76	0.00	14.86
0.00	100.00	0.00
0.00	100.00	0.00
4325.36	0.04	21.45
2657.70	1.37	30.03
0.00	100.00	0.00
0.00	100.00	0.00
4411.76	33.33	27.81
0.00	100.00	0.00
2205.08	0.04	13.38
4503.40	0.04	73.80
4505.90	0.00	48.26
4505.61	0.00	38.79
0.00	100.00	0.00
749.51	0.06	14.53
3000.00	0.00	28.42
2955.67	0.00	20.12
2955.53	0.00	19.15
0.00	100.00	0.00
829.75	9.80	72.50
2459.23	0.04	50.34
3299.53	0.49	48.76
2496.44	10.13	10.31
2777.78	0.00	3.37
2777.78	0.00	7.01
2503.07	22.25	26.96
715.16	71.44	37.14
0.00	100.00	0.00
4488.78	0.00	7.24
4485.86	0.06	15.46
4488.78	0.00	9.59
0.00	100.00	0.00
0.00	100.00	0.00
2513.06	0.04	38.93
0.00	100.00	0.00
0.00	100.00	0.00
2998.91	0.04	33.84
18000.00	0.00	0.45
18000.00	0.00	0.45
0.00	100.00	0.00
3236.32	10.10	29.59
0.00	100.00	0.00
3600.00	0.00	8.57
4137.93	0.00	20.82
4135.24	0.06	15.18
0.00	100.00	0.00
3773.30	10.07	11.26
839.16	0.00	10.58
3308.31	1.44	16.90
3000.00	0.00	4.96
3000.00	0.00	3.61
3000.00	0.00	4.51
0.00	100.00	0.00
0.00	100.00	0.00
0.00	100.00	0.00
2789.69	0.04	10.16
2509.68	10.07	23.34
18000.00	0.00	0.90
936.42	0.00	13.56
0.00	100.00	0.00
2739.88	41.70	33.96
3428.57	0.00	10.94
856.83	0.04	13.16
4285.71	0.00	4.69
0.00	100.00	0.00
3433.87	0.04	28.22
858.47	0.04	10.88
6000.00	0.00	3.16
6000.00	0.00	3.16
18000.00	0.00	0.90
18000.00	0.00	0.45
0.00	100.00	0.00
0.00	100.00	0.00
6000.00	0.00	5.41
3487.11	0.04	17.73
0.00	100.00	0.00
0.00	100.00	0.00
0.00	100.00	0.00
4293.15	0.06	17.48
0.00	100.00	0.00
3000.00	0.00	21.92
3000.00	0.00	6.55
0.00	100.00	0.00
2998.91	0.04	29.62
3000.00	0.00	3.16
3244.86	0.49	34.42
3259.69	0.04	18.53
0.00	100.00	0.00
3982.26	0.00	6.57
0.00	100.00	0.00
3982.30	0.00	14.49
0.00	100.00	0.00
0.00	100.00	0.00
3793.47	1.37	27.75
4462.07	0.00	12.22
3568.37	0.04	17.59
879.56	1.44	9.93
0.00	100.00	0.00
2516.37	9.83	37.49
697.67	0.00	13.00
3488.37	0.00	6.98
3487.11	0.04	15.56
3488.37	0.00	2.78
3600.00	0.00	14.44
2880.00	0.00	17.59
719.53	0.06	19.86
0.00	100.00	0.00
0.00	100.00	0.00
3578.53	0.00	15.87
0.00	100.00	0.00
2304.74	0.00	12.74
2303.90	0.04	30.96
0.00	100.00	0.00
0.00	100.00	0.00
3335.50	0.49	45.59
4500.00	0.00	5.86
4438.36	1.37	5.95
18000.00	0.00	0.90
2768.49	0.00	51.45
1367.34	0.04	81.21
1216.05	11.10	88.88
1180.67	0.04	13.29
4724.41	19.68	12.82
9000.00	0.00	2.71
0.00	100.00	0.00
0.00	100.00	0.00
4498.37	0.04	33.59
0.00	100.00	0.00
3837.95	0.00	15.33
3782.69	1.44	17.63
4044.94	0.00	4.79
4044.94	0.00	7.70
3636.31	10.10	8.42
4736.84	0.00	6.86
2841.08	0.04	20.86
2841.08	0.04	20.05
0.00	100.00	0.00
2790.70	0.00	6.26
2789.69	0.04	28.52
0.00	100.00	0.00
0.00	100.00	0.00
3363.27	0.04	29.61
0.00	100.00	0.00
3600.00	0.00	20.30
3600.00	0.00	2.71
1732.97	10.10	62.36
0.00	100.00	0.00
0.00	100.00	0.00
3468.21	0.00	28.09
0.00	100.00	0.00
9000.00	0.00	2.71
0.00	100.00	0.00
0.00	100.00	0.00
3793.47	1.37	30.52
0.00	100.00	0.00
0.00	100.00	0.00
2998.91	0.04	26.70
1082.12	68.68	100.51
1697.30	49.02	80.82
949.05	0.00	56.05
6000.00	0.00	5.19
6000.00	0.00	5.19
9000.00	0.00	2.71
1618.06	0.06	55.16
1748.64	0.00	32.80
3562.05	0.00	35.44
0.00	100.00	0.00
3117.89	1.44	18.85
0.00	100.00	0.00
3600.00	0.00	8.12
9000.00	0.00	2.71
3598.70	0.04	12.18
0.00	100.00	0.00
4326.92	0.00	15.61
0.00	100.00	0.00
1532.04	0.00	49.66
5653.97	0.00	22.79
4193.36	0.04	31.73
3167.86	0.04	19.53
3169.01	0.00	6.03
3125.61	1.37	6.35
0.00	100.00	0.00
742.09	0.06	29.01
2955.71	0.49	26.95
2856.42	20.05	34.87
714.57	0.00	10.91
644.33	9.83	19.51
2560.45	0.00	10.42
2560.46	0.00	3.62
2523.59	1.44	13.10
4500.00	0.00	13.75
0.00	100.00	0.00
0.00	100.00	0.00
3000.00	0.00	14.89
3000.00	0.00	10.38
2998.91	0.04	15.36
357.03	71.38	63.31
1247.39	0.00	18.60
1247.40	0.00	6.96
4326.92	0.00	6.95
6000.00	0.00	7.17
4325.36	0.04	7.48
773.69	0.06	26.04
3096.77	0.00	25.60
2783.93	10.10	21.55
3600.00	0.00	2.71
3600.00	0.00	17.14
0.00	100.00	0.00
11202.77	0.00	217.90
5694.14	0.04	565.25
5696.49	0.00	563.85
4405.32	1.37	25.32
0.00	100.00	0.00
4466.50	0.00	5.00
0.00	100.00	0.00
0.00	100.00	0.00
3600.00	0.00	5.41
1262.46	1.44	70.02
1280.44	0.04	59.23
3873.46	0.00	10.69
3578.53	20.00	14.52
4471.54	0.04	21.72
0.00	100.00	0.00
2310.65	0.00	24.15
2222.99	3.79	33.34
0.00	100.00	0.00
3598.70	0.04	32.42
3600.00	0.00	30.67
0.00	100.00	0.00
0.00	100.00	0.00
1591.23	9.83	28.92
3529.41	0.00	14.71
3362.30	0.06	19.32
3364.49	0.00	17.34
0.00	100.00	0.00
4379.56	0.00	5.11
4379.56	0.00	4.66
4379.49	0.00	4.18
2993.06	0.06	23.51
0.00	100.00	0.00
2995.01	0.00	23.51
7950.15	0.00	405.04
4400.98	0.00	682.84
4400.77	0.00	547.51
0.00	100.00	0.00
2789.56	0.04	44.93
2509.68	10.07	9.71
6000.00	0.00	4.06
6000.00	0.00	1.80
6000.00	0.00	4.51
0.00	100.00	0.00
3802.45	9.80	8.54
2980.13	0.00	24.97
4466.50	0.00	12.26
0.00	100.00	0.00
0.00	100.00	0.00
4215.46	0.00	7.13
3041.96	9.80	17.58
760.49	9.80	14.95
0.00	100.00	0.00
4498.37	0.04	6.62
0.00	100.00	0.00
1592.39	0.00	68.14
1352.98	1.44	66.65
3020.04	0.00	14.16
5981.90	0.00	26.51
1531.43	0.00	50.88
4463.19	0.00	37.08
3610.92	10.13	25.63
0.00	100.00	0.00
3600.00	0.00	19.82
2789.69	0.04	40.09
2790.70	0.00	11.64
0.00	100.00	0.00
4500.00	0.00	16.24
0.00	100.00	0.00
5960.26	0.00	5.45
3461.54	0.00	6.13
2769.23	0.00	19.96
692.06	0.04	13.16
3600.00	0.00	2.71
709.63	1.44	20.84
2878.13	0.06	21.87
3000.00	0.00	10.83
2399.13	0.04	31.89
600.00	0.00	14.44
0.00	100.00	0.00
2998.91	0.04	28.02
3000.00	0.00	6.32
944.81	0.00	44.43
3503.48	0.00	28.56
4437.72	0.00	25.48
3600.00	0.00	9.02
0.00	100.00	0.00
3598.70	0.04	40.23
0.00	100.00	0.00
3663.79	9.83	25.07
4063.21	0.00	7.75
0.00	100.00	0.00
0.00	100.00	0.00
2833.62	0.04	42.59
3000.00	0.00	10.38
3000.00	0.00	24.36
0.00	100.00	0.00
1604.92	3.79	8.71
3334.25	0.06	10.23
1668.21	0.00	10.19
0.00	100.00	0.00
3487.11	0.04	23.29
3488.37	0.00	12.09
4201.35	0.00	19.98
4199.83	0.04	21.07
3450.71	1.44	19.68
2189.73	27.88	40.73
0.00	100.00	0.00
0.00	100.00	0.00
3538.08	20.00	15.93
0.00	100.00	0.00
883.95	0.06	21.98
0.00	100.00	0.00
3358.21	0.00	13.73
3341.72	0.49	22.90
3313.72	0.04	16.61
2990.14	9.80	9.78
3314.92	0.00	2.90
4418.26	0.00	6.87
3534.61	0.00	12.43
879.31	0.49	10.31
904.57	1.44	21.57
917.45	80.01	35.38
1834.90	61.92	44.54
3175.06	10.13	39.42
1766.44	0.00	19.08
0.00	100.00	0.00
0.00	100.00	0.00
3598.70	20.03	44.17
900.00	0.00	18.95
0.00	100.00	0.00
3488.37	0.00	8.36
3487.11	0.04	17.77
0.00	100.00	0.00
0.00	100.00	0.00
2508.77	55.05	49.33
2868.85	0.00	41.48
2049.17	0.00	25.29
1024.59	0.00	64.67
0.00	100.00	0.00
3598.70	0.04	24.44
3600.00	50.00	17.14
0.00	100.00	0.00
3427.33	0.04	18.05
4285.71	0.00	17.41
0.00	100.00	0.00
2958.91	1.37	26.20
3000.00	0.00	29.68
3600.00	0.00	7.86
3246.12	9.83	20.23
3600.00	0.00	12.18
0.00	100.00	0.00
0.00	100.00	0.00
1606.69	11.10	65.30
2693.63	0.04	40.44
0.00	100.00	0.00
0.00	100.00	0.00
3000.00	0.00	6.32
3000.00	0.00	12.63
2998.91	0.04	13.61
0.00	100.00	0.00
2569.76	0.06	39.81
0.00	100.00	0.00
4500.00	0.00	11.28
4500.00	0.00	2.26
4500.00	0.00	2.26
2789.69	0.04	30.62
0.00	100.00	0.00
0.00	100.00	0.00
3349.18	20.03	32.71
837.30	80.01	36.99
0.00	100.00	0.00
0.00	100.00	0.00
3600.00	0.00	8.12
3600.00	0.00	29.25
0.00	100.00	0.00
3473.65	0.04	31.73
3474.90	0.00	2.79
2422.61	0.00	3.80
2184.47	9.83	51.00
0.00	100.00	0.00
2921.02	0.04	27.82
0.00	100.00	0.00
2922.08	0.00	27.36
650.54	0.06	146.87
2302.54	26.12	113.65
9070.22	0.00	15.02
2790.70	0.00	13.59
2789.69	0.04	9.71
2509.68	10.07	13.53
2998.91	0.04	27.15
0.00	100.00	0.00
0.00	100.00	0.00
18000.00	0.00	0.45
0.00	100.00	0.00
0.00	100.00	0.00
2571.43	0.00	7.67
2571.43	0.00	7.67
2571.43	0.00	5.41
4500.00	0.00	7.07
6000.00	0.00	6.77
4500.00	0.00	4.52
3000.00	0.00	27.97
0.00	100.00	0.00
3000.00	0.00	6.32
5694.14	0.04	4.21
5696.20	0.00	1.87
5696.20	0.00	1.88
0.00	100.00	0.00
6000.00	0.00	7.22
2451.75	9.83	29.05
0.00	100.00	0.00
0.00	100.00	0.00
0.00	100.00	0.00
629.84	66.69	36.53
2265.68	10.13	56.36
0.00	100.00	0.00
9000.00	0.00	1.35
9000.00	0.00	1.35
9000.00	0.00	1.35
0.00	100.00	0.00
4555.31	0.04	20.87
5696.20	0.00	5.70
3600.00	0.00	8.94
3600.00	0.00	5.39
8369.67	0.03	2.91
2569.76	0.06	36.11
2571.43	0.00	7.67
0.00	100.00	0.00
0.00	100.00	0.00
2756.51	0.00	9.50
2716.82	1.44	24.77
2595.21	0.04	27.56
865.07	0.04	13.14
865.07	0.04	22.46
1526.32	0.00	36.94
2647.44	1.37	35.93
1315.79	0.00	53.23
5694.14	0.04	11.41
0.00	100.00	0.00
2432.43	0.00	34.28
2880.00	0.00	21.09
3600.00	0.00	15.34
720.00	0.00	15.34
5694.14	0.04	12.64
5696.20	0.00	4.73
5696.20	0.00	6.26
4455.44	0.00	949.05
5174.07	0.00	629.55
4455.45	0.00	727.17
3852.74	0.00	16.20
695.05	9.80	12.82
0.00	100.00	0.00
0.00	100.00	0.00
4455.44	0.00	16.39
4455.45	50.00	12.29
61.52	88.03	695.29
513.85	0.00	38.40
0.00	100.00	0.00
3296.70	0.00	17.19
2973.71	9.80	20.33
0.00	100.00	0.00
6000.00	0.00	5.19
9000.00	0.00	2.71
6000.00	0.00	5.19
4916.25	0.04	13.04
2459.02	0.00	7.36
2459.02	0.00	9.24
0.00	100.00	0.00
2906.03	0.06	21.37
0.00	100.00	0.00
3592.81	0.00	6.41
3592.81	0.00	12.08
3590.48	0.06	9.38
0.00	100.00	0.00
502.19	0.04	44.45
1811.96	9.83	61.56
0.00	100.00	0.00
0.00	100.00	0.00
0.00	100.00	0.00
2571.43	0.00	8.57
2570.50	0.04	39.78
0.00	100.00	0.00
5694.14	0.04	6.08
5696.20	0.00	1.95
5696.20	0.00	3.83
2870.81	0.00	9.27
2870.81	0.00	8.02
2589.55	9.80	9.91
2832.80	0.06	13.87
8503.94	0.00	2.86
2833.62	0.04	16.20
5438.07	0.00	3.44
5438.07	0.00	2.40
5421.01	0.31	2.09
0.00	100.00	0.00
3598.70	0.04	20.38
3600.00	0.00	2.71
0.00	100.00	0.00
2921.02	0.04	30.62
2922.08	0.00	17.60
4489.23	0.00	36.09
4489.23	0.00	36.09
4049.40	9.80	30.58
8604.05	0.00	9.42
2255.43	0.00	24.59
2087.60	0.04	32.12
1981.03	0.04	59.18
1981.75	0.00	57.10
4026.92	0.00	24.50
2998.91	0.04	42.87
0.00	100.00	0.00
0.00	100.00	0.00
3597.15	0.00	37.14
1827.12	0.00	44.93
1783.14	0.06	57.74
4295.90	0.00	9.39
0.00	100.00	0.00
4293.15	0.06	24.14
3600.00	0.00	17.14
0.00	100.00	0.00
5493.34	0.20	11.82
0.00	100.00	0.00
5694.14	0.04	17.97
9000.00	0.00	2.71
3600.00	0.00	4.96
0.00	100.00	0.00
0.00	100.00	0.00
3488.37	0.00	6.98
2789.69	0.04	30.03
0.00	100.00	0.00
790.35	0.06	19.82
3954.31	0.00	8.21
3117.75	1.44	19.32
3000.80	0.00	59.26
5991.93	0.00	36.39
2986.46	0.00	73.98
6000.00	0.00	7.15
8695.49	0.00	2.80
6000.00	0.00	5.41
3000.00	0.00	10.83
3000.00	0.00	3.16
2998.91	0.04	12.26
6000.00	0.00	4.06
18000.00	0.00	0.90
6000.00	0.00	1.80
2944.79	0.00	18.44
732.55	0.50	14.92
0.00	100.00	0.00
0.00	100.00	0.00
5901.64	0.00	9.16
3773.30	10.07	11.26
4326.92	0.00	3.83
4325.36	0.04	7.96
4326.92	0.00	2.33
2513.97	0.00	8.26
2513.97	0.00	9.62
5026.11	0.04	11.27
0.00	100.00	0.00
4325.36	0.04	16.90
8866.99	0.24	6.41
3580.22	1.44	41.92
908.17	0.00	14.22
0.00	100.00	0.00
0.00	100.00	0.00
655.74	75.01	49.47
655.98	0.00	18.91
0.00	100.00	0.00
3473.65	0.04	35.51
0.00	100.00	0.00
4769.04	1.44	15.97
14144.27	0.20	1.15
0.00	100.00	0.00
0.00	100.00	0.00
865.07	0.04	22.53
3460.29	0.04	24.91
1500.00	0.00	11.73
1500.00	0.00	12.18
3000.00	0.00	10.15
4752.47	20.00	1412.65
1188.12	0.00	954.49
3422.34	9.80	1093.61
0.00	100.00	0.00
2172.81	10.07	35.78
6000.00	0.00	7.22
2664.93	0.06	6.81
666.67	50.00	13.17
4666.67	12.50	11.73
2990.86	3.79	3.55
0.00	100.00	0.00
3107.68	0.04	22.78
0.00	100.00	0.00
0.00	100.00	0.00
0.00	100.00	0.00
3535.83	65.22	4269.97
2651.87	45.45	3063.43
4385.42	9.80	1442.93
1243.09	0.00	49.17
3729.28	0.00	23.01
1441.99	0.00	46.28
0.00	100.00	0.00
5330.84	0.49	8.07
4284.16	0.04	18.20
4428.25	0.00	6.91
3698.51	9.80	12.91
8364.46	0.00	8.40
0.00	100.00	0.00
2789.69	0.04	36.67
0.00	100.00	0.00
2998.91	0.04	39.10
3000.00	0.00	10.83
0.00	100.00	0.00
2950.82	0.00	7.76
2950.68	0.00	7.80
2950.82	0.00	6.41
0.00	100.00	0.00
4500.00	0.00	12.18
0.00	100.00	0.00
3598.70	50.02	22.85
0.00	100.00	0.00
0.00	100.00	0.00
0.00	100.00	0.00
0.00	100.00	0.00
2936.38	0.00	28.09
1798.84	0.04	41.03
3814.93	0.00	21.85
1942.19	0.06	40.24
0.00	100.00	0.00
0.00	100.00	0.00
0.00	100.00	0.00
1896.10	9.83	53.52
2092.48	0.49	17.52
0.00	100.00	0.00
0.00	100.00	0.00
2524.20	9.83	42.03
2799.38	0.00	12.38
4500.00	0.00	6.99
2250.00	0.00	7.22
2250.00	0.00	9.02
4808.76	0.07	31.74
1052.86	0.00	43.70
3841.29	0.00	24.15
0.00	100.00	0.00
4497.08	0.06	18.79
4500.00	0.00	13.98
0.00	100.00	0.00
0.00	100.00	0.00
4500.00	0.00	13.61
0.00	100.00	0.00
4325.36	0.04	14.57
4326.92	0.00	12.68
1869.23	0.00	30.49
3600.00	0.00	21.25
1730.14	0.04	40.15
3362.30	0.06	34.43
0.00	100.00	0.00
6000.00	0.00	5.41
5882.29	0.00	5.52
4500.00	0.00	21.80
0.00	100.00	0.00
9000.00	0.00	2.71
4498.37	0.04	12.72
4500.00	0.00	2.26
2247.19	0.00	4.07
4494.38	0.00	8.13
2247.19	0.00	4.06
4488.78	0.00	18.73
0.00	100.00	0.00
4488.73	0.00	5.03
2833.62	0.04	48.47
0.00	100.00	0.00
0.00	100.00	0.00
3487.11	0.04	38.84
0.00	100.00	0.00
0.00	100.00	0.00
938.85	0.06	14.07
939.46	80.00	11.80
3756.47	0.04	27.55
8169.43	0.06	12.96
8174.74	0.00	11.73
8174.74	0.00	7.32
