264.66	0.02	2.30
499.91	0.02	2.14
837.21	0.00	1.04
264.71	0.00	1.14
500.00	0.00	1.09
837.21	0.00	0.51
264.57	0.05	2.96
500.00	0.00	0.98
837.06	0.02	2.53
264.66	0.02	2.23
500.00	0.00	0.95
837.21	0.00	1.48
264.66	0.02	1.21
499.91	0.02	2.64
837.21	0.00	0.53
264.71	0.00	0.69
499.91	0.02	2.13
836.92	0.04	1.72
264.66	0.02	1.83
499.91	0.02	0.63
836.77	0.05	2.70
264.71	0.00	1.24
500.00	0.00	1.72
837.21	0.00	1.49
264.66	0.02	1.62
500.00	0.00	0.53
837.21	0.00	1.63
264.61	0.04	2.84
500.00	0.00	2.15
837.21	0.00	0.95
264.71	0.00	1.38
499.91	0.02	1.49
837.21	0.00	0.96
264.71	0.00	1.85
500.00	0.00	0.48
837.21	0.00	0.50
264.65	0.02	2.55
499.82	0.04	1.60
837.21	0.00	1.43
264.71	0.00	2.67
499.91	0.02	1.09
837.06	0.02	2.04
264.71	0.00	1.49
500.00	0.00	1.55
836.87	0.04	1.59
264.71	0.00	0.95
500.00	0.00	0.99
837.21	0.00	1.04
264.66	0.02	1.63
499.91	0.02	2.47
837.21	0.00	0.51
264.71	0.00	1.03
500.00	0.00	1.92
836.87	0.04	1.68
264.66	0.02	3.79
499.82	0.04	1.35
837.06	0.02	1.22
264.71	0.00	3.22
499.82	0.04	3.69
836.92	0.04	1.93
264.66	0.02	3.85
499.82	0.04	2.77
837.21	0.00	1.14
264.61	0.04	4.40
499.74	0.05	3.38
837.21	0.00	1.30
264.65	0.02	1.54
500.00	0.00	1.48
837.06	0.02	1.17
264.66	0.02	2.78
500.00	0.00	0.97
837.21	0.00	1.03
264.71	0.00	2.62
499.82	0.04	2.88
837.21	0.00	1.62
264.71	0.00	2.13
499.74	0.05	4.21
837.21	0.00	2.61
264.61	0.04	2.46
499.91	0.02	1.56
837.06	0.02	1.46
264.65	0.02	0.51
500.00	0.00	2.02
837.06	0.02	1.99
264.61	0.04	2.11
499.82	0.04	3.50
837.21	0.00	1.60
264.71	0.00	0.92
500.00	0.00	1.88
837.06	0.02	1.05
264.66	0.02	3.35
499.91	0.02	3.11
836.92	0.04	2.32
264.65	0.02	2.20
500.00	0.00	2.63
837.21	0.00	1.50
264.65	0.02	2.20
500.00	0.00	1.20
837.06	0.02	1.10
264.71	0.00	1.01
499.91	0.02	1.44
837.06	0.02	1.60
264.71	0.00	1.49
499.91	0.02	1.67
837.21	0.00	1.57
264.61	0.04	2.73
499.91	0.02	2.15
837.06	0.02	1.11
264.71	0.00	1.02
499.82	0.04	1.12
837.06	0.02	1.01
264.71	0.00	0.46
499.91	0.02	0.54
837.21	0.00	0.46
264.66	0.02	0.52
500.00	0.00	1.40
837.06	0.02	0.56
264.71	0.00	1.53
500.00	0.00	1.46
837.06	0.02	1.05
264.71	0.00	2.66
499.82	0.04	2.73
837.21	0.00	1.02
264.66	0.02	2.14
499.82	0.04	3.27
836.92	0.04	1.90
264.71	0.00	1.60
499.82	0.04	2.20
836.92	0.04	1.65
264.66	0.02	0.52
500.00	0.00	0.99
837.06	0.02	0.55
264.71	0.00	1.08
500.00	0.00	1.65
837.21	0.00	1.94
264.71	0.00	1.16
500.00	0.00	0.50
837.21	0.00	1.46
264.71	0.00	1.44
499.91	0.02	0.60
837.21	0.00	0.55
264.61	0.04	3.26
499.74	0.05	2.35
837.06	0.02	1.10
264.71	0.00	0.48
499.91	0.02	0.58
837.21	0.00	0.95
264.66	0.02	1.74
500.00	0.00	0.58
837.06	0.02	1.50
264.71	0.00	2.16
499.91	0.02	1.78
837.21	0.00	1.05
264.71	0.00	1.69
499.89	0.02	0.57
837.06	0.02	2.00
264.66	0.02	2.91
499.82	0.04	2.53
836.92	0.04	1.61
264.66	0.02	1.64
500.00	0.00	2.06
837.06	0.02	1.09
264.60	0.04	1.33
499.82	0.04	1.84
837.06	0.02	1.58
264.61	0.04	2.55
500.00	0.00	0.59
836.73	0.06	1.79
264.71	0.00	1.52
499.91	0.02	3.15
837.06	0.02	1.71
264.71	0.00	1.04
499.82	0.04	2.57
837.21	0.00	1.13
264.55	0.06	1.89
500.00	0.00	1.50
837.21	0.00	1.45
264.60	0.04	1.79
500.00	0.00	1.00
837.21	0.00	0.96
264.66	0.02	1.75
499.91	0.02	1.76
836.92	0.04	2.63
264.71	0.00	2.42
499.91	0.02	2.26
837.21	0.00	3.13
264.61	0.04	3.86
500.00	0.00	1.70
837.06	0.02	2.16
264.71	0.00	3.61
499.91	0.02	2.41
837.06	0.02	2.73
264.61	0.04	2.81
500.00	0.00	1.44
837.21	0.00	0.54
264.66	0.02	2.26
500.00	0.00	2.56
837.02	0.02	1.06
264.66	0.02	1.92
499.91	0.02	1.68
837.06	0.02	1.02
264.66	0.02	1.26
500.00	0.00	0.55
836.92	0.04	2.60
264.66	0.02	1.71
499.91	0.02	1.72
837.06	0.02	0.63
264.71	0.00	2.11
499.91	0.02	2.85
836.92	0.04	2.38
264.60	0.04	2.77
499.91	0.02	1.15
837.02	0.02	1.62
264.66	0.02	1.68
500.00	0.00	1.08
837.21	0.00	0.50
264.55	0.06	2.07
499.91	0.02	1.43
837.06	0.02	1.50
264.66	0.02	2.37
499.82	0.04	2.13
837.21	0.00	2.49
264.71	0.00	1.56
499.82	0.04	2.65
837.21	0.00	0.48
264.66	0.02	2.83
499.91	0.02	2.15
836.87	0.04	1.36
264.71	0.00	1.49
500.00	0.00	0.50
837.21	0.00	1.00
264.71	0.00	0.99
499.91	0.02	1.05
837.21	0.00	0.45
264.61	0.04	5.13
499.91	0.02	2.01
836.92	0.04	3.37
264.66	0.02	3.44
499.82	0.04	2.51
837.06	0.02	2.83
264.71	0.00	1.48
499.91	0.02	1.50
837.06	0.02	1.54
264.71	0.00	1.05
500.00	0.00	0.96
837.06	0.02	0.56
264.71	0.00	1.54
500.00	0.00	1.20
837.21	0.00	1.48
264.71	0.00	1.01
500.00	0.00	2.20
837.21	0.00	1.94
264.60	0.04	2.25
499.91	0.02	1.77
837.21	0.00	0.50
264.71	0.00	1.03
499.91	0.02	0.65
837.06	0.02	1.55
264.71	0.00	1.08
499.74	0.05	1.77
836.92	0.04	1.63
264.71	0.00	1.60
500.00	0.00	1.01
837.21	0.00	0.98
264.71	0.00	1.12
500.00	0.00	2.45
837.21	0.00	2.48
264.66	0.02	1.96
500.00	0.00	1.98
837.06	0.02	1.98
264.71	0.00	1.50
499.82	0.04	3.46
837.21	0.00	1.99
264.71	0.00	1.70
499.91	0.02	2.21
836.92	0.04	3.27
264.66	0.02	1.63
500.00	0.00	1.50
837.06	0.02	1.22
264.61	0.04	1.85
500.00	0.00	3.11
837.21	0.00	1.05
264.71	0.00	1.61
500.00	0.00	1.14
837.21	0.00	1.44
264.71	0.00	0.60
500.00	0.00	1.58
837.21	0.00	1.91
264.71	0.00	1.26
500.00	0.00	0.70
837.21	0.00	2.47
264.61	0.04	2.83
499.91	0.02	1.88
837.06	0.02	3.57
264.66	0.02	2.50
500.00	0.00	0.60
836.73	0.06	2.69
264.66	0.02	1.92
500.00	0.00	1.65
837.21	0.00	1.02
264.55	0.06	1.84
499.82	0.04	2.82
837.21	0.00	1.07
264.71	0.00	1.69
500.00	0.00	0.53
836.92	0.04	2.12
264.71	0.00	1.35
500.00	0.00	2.54
837.21	0.00	1.55
264.71	0.00	1.28
500.00	0.00	3.07
837.06	0.02	2.15
264.71	0.00	1.19
500.00	0.00	2.13
836.92	0.04	2.54
264.57	0.05	2.23
499.82	0.04	1.54
837.06	0.02	1.44
264.61	0.04	1.21
499.91	0.02	1.54
837.21	0.00	0.93
264.71	0.00	0.49
500.00	0.00	1.02
837.06	0.02	2.49
264.71	0.00	0.52
500.00	0.00	0.51
837.21	0.00	1.00
264.71	0.00	2.17
499.82	0.04	1.24
837.06	0.02	1.51
264.65	0.02	1.74
500.00	0.00	1.20
837.21	0.00	2.15
264.71	0.00	2.27
499.91	0.02	2.36
837.06	0.02	1.06
264.71	0.00	1.76
499.91	0.02	2.44
837.21	0.00	1.96
264.61	0.04	2.37
500.00	0.00	0.50
837.06	0.02	3.09
264.71	0.00	1.60
500.00	0.00	1.58
837.06	0.02	0.54
264.65	0.02	1.07
499.91	0.02	1.08
837.06	0.02	2.13
264.71	0.00	0.90
499.91	0.02	2.04
837.21	0.00	0.56
264.57	0.05	2.26
499.91	0.02	1.92
837.21	0.00	0.53
264.71	0.00	1.33
500.00	0.00	1.27
837.21	0.00	2.44
264.66	0.02	2.49
499.91	0.02	2.42
837.21	0.00	1.97
264.55	0.06	2.85
499.91	0.02	1.66
837.21	0.00	1.20
264.66	0.02	2.64
499.91	0.02	2.97
836.92	0.04	2.94
264.66	0.02	1.25
499.91	0.02	1.84
837.06	0.02	1.55
264.55	0.06	2.48
500.00	0.00	0.61
837.21	0.00	2.01
264.71	0.00	1.64
499.91	0.02	1.70
836.77	0.05	2.21
264.71	0.00	2.04
500.00	0.00	0.53
836.92	0.04	1.64
264.61	0.04	4.51
500.00	0.00	0.67
837.06	0.02	2.72
264.71	0.00	2.52
500.00	0.00	2.59
837.21	0.00	3.15
264.71	0.00	1.11
500.00	0.00	2.02
837.21	0.00	2.12
264.66	0.02	1.66
500.00	0.00	1.42
836.77	0.05	2.62
264.71	0.00	1.08
500.00	0.00	1.03
836.92	0.04	2.05
264.71	0.00	1.10
500.00	0.00	0.55
837.21	0.00	0.93
264.71	0.00	1.49
499.91	0.02	2.04
837.21	0.00	0.95
264.66	0.02	1.04
500.00	0.00	0.48
837.21	0.00	0.53
264.71	0.00	1.12
499.91	0.02	2.18
836.92	0.04	1.66
264.71	0.00	1.62
499.91	0.02	2.76
837.06	0.02	1.10
264.71	0.00	1.21
499.82	0.04	2.84
837.21	0.00	0.54
264.71	0.00	1.74
499.91	0.02	2.32
836.92	0.04	2.24
264.71	0.00	0.54
500.00	0.00	1.53
836.92	0.04	2.76
264.66	0.02	1.06
500.00	0.00	2.66
836.92	0.04	2.17
264.65	0.02	1.22
500.00	0.00	0.97
837.21	0.00	2.40
264.71	0.00	1.26
499.82	0.04	2.33
837.21	0.00	1.92
264.71	0.00	1.56
500.00	0.00	0.98
837.06	0.02	1.48
264.61	0.04	2.17
499.91	0.02	1.62
837.21	0.00	0.92
264.71	0.00	1.82
499.91	0.02	1.70
837.06	0.02	2.13
264.66	0.02	0.55
499.91	0.02	2.90
837.21	0.00	1.99
264.71	0.00	1.85
499.91	0.02	1.74
837.06	0.02	1.64
264.71	0.00	1.16
499.82	0.04	3.06
836.77	0.05	3.48
264.71	0.00	1.29
499.91	0.02	2.87
837.06	0.02	1.06
264.61	0.04	1.76
499.91	0.02	1.67
837.06	0.02	2.18
264.71	0.00	2.83
499.74	0.05	2.39
837.21	0.00	2.10
264.71	0.00	2.18
500.00	0.00	1.09
837.21	0.00	1.00
264.66	0.02	1.57
500.00	0.00	1.85
837.06	0.02	1.80
264.66	0.02	2.93
499.80	0.04	2.17
837.21	0.00	1.61
264.61	0.04	3.72
500.00	0.00	1.19
837.06	0.02	1.10
264.55	0.06	3.25
499.82	0.04	2.20
837.21	0.00	1.60
264.71	0.00	2.45
499.91	0.02	0.63
837.21	0.00	1.09
264.66	0.02	4.38
499.82	0.04	2.49
837.21	0.00	1.60
264.66	0.02	2.04
500.00	0.00	0.49
837.21	0.00	0.46
264.61	0.04	2.64
500.00	0.00	1.48
837.21	0.00	0.92
264.71	0.00	2.18
499.91	0.02	1.10
837.06	0.02	1.63
264.71	0.00	2.60
500.00	0.00	0.56
836.92	0.04	2.61
264.66	0.02	3.51
499.91	0.02	1.68
837.06	0.02	3.05
264.71	0.00	3.09
499.91	0.02	2.13
837.21	0.00	1.91
264.66	0.02	1.78
499.91	0.02	3.69
837.06	0.02	1.39
264.61	0.04	3.04
500.00	0.00	4.17
837.21	0.00	0.57
264.66	0.02	3.49
500.00	0.00	0.51
837.06	0.02	1.70
264.71	0.00	3.98
499.91	0.02	1.57
837.21	0.00	0.52
264.71	0.00	1.00
500.00	0.00	1.98
837.21	0.00	0.47
264.66	0.02	1.10
499.82	0.04	2.09
837.21	0.00	1.48
264.66	0.02	3.29
499.91	0.02	1.95
837.21	0.00	2.08
264.71	0.00	2.06
500.00	0.00	1.19
837.06	0.02	1.11
264.71	0.00	2.12
499.91	0.02	1.73
837.21	0.00	1.01
264.66	0.02	2.32
499.91	0.02	1.08
837.06	0.02	2.13
264.61	0.04	2.60
500.00	0.00	1.54
837.21	0.00	1.04
264.66	0.02	3.35
499.91	0.02	2.64
837.06	0.02	1.20
264.66	0.02	1.49
500.00	0.00	0.55
837.06	0.02	1.08
264.71	0.00	1.14
499.82	0.04	2.31
837.06	0.02	1.56
264.71	0.00	1.59
500.00	0.00	1.49
837.21	0.00	0.54
264.65	0.02	1.09
499.91	0.02	2.53
837.06	0.02	1.54
264.61	0.04	4.00
500.00	0.00	1.76
837.21	0.00	2.22
264.66	0.02	3.47
499.91	0.02	1.83
836.92	0.04	3.17
264.71	0.00	2.32
500.00	0.00	1.67
837.21	0.00	1.46
264.71	0.00	1.03
499.91	0.02	2.82
837.06	0.02	2.63
264.71	0.00	1.08
499.91	0.02	1.60
837.02	0.02	0.54
264.60	0.04	1.60
499.91	0.02	0.61
837.21	0.00	1.47
264.65	0.02	1.56
500.00	0.00	0.50
837.21	0.00	0.99
264.61	0.04	3.21
500.00	0.00	0.99
837.21	0.00	0.95
264.71	0.00	0.97
499.82	0.04	1.16
837.21	0.00	0.50
264.66	0.02	1.14
500.00	0.00	1.52
837.21	0.00	0.94
264.66	0.02	1.77
500.00	0.00	2.18
837.21	0.00	2.56
264.60	0.04	2.38
499.82	0.04	2.43
837.06	0.02	2.07
264.66	0.02	1.74
500.00	0.00	2.11
837.06	0.02	1.24
264.71	0.00	2.28
499.91	0.02	2.14
837.21	0.00	1.04
264.66	0.02	1.16
500.00	0.00	1.51
837.06	0.02	0.59
264.71	0.00	1.65
499.91	0.02	2.04
837.06	0.02	1.58
264.71	0.00	1.19
500.00	0.00	2.14
837.06	0.02	0.58
264.57	0.05	2.96
500.00	0.00	0.96
837.21	0.00	2.15
264.71	0.00	1.25
500.00	0.00	1.57
837.06	0.02	1.58
264.71	0.00	0.63
499.91	0.02	2.10
836.92	0.04	2.65
264.66	0.02	3.43
499.91	0.02	1.74
837.21	0.00	1.29
264.66	0.02	2.93
499.82	0.04	2.98
837.06	0.02	2.32
264.66	0.02	1.30
500.00	0.00	1.57
837.02	0.02	1.27
264.61	0.04	3.23
500.00	0.00	2.36
836.73	0.06	2.38
264.61	0.04	2.00
499.91	0.02	2.27
837.21	0.00	1.52
264.71	0.00	0.66
500.00	0.00	1.02
837.06	0.02	2.03
264.71	0.00	1.79
499.91	0.02	1.44
836.92	0.04	2.82
264.66	0.02	2.26
499.82	0.04	3.52
836.87	0.04	2.20
264.71	0.00	1.22
500.00	0.00	1.13
837.06	0.02	2.12
264.71	0.00	1.17
499.82	0.04	3.35
837.21	0.00	1.94
264.71	0.00	2.51
499.82	0.04	2.55
837.21	0.00	1.08
264.61	0.04	3.49
500.00	0.00	2.06
836.77	0.05	1.87
264.71	0.00	2.12
500.00	0.00	1.55
836.92	0.04	3.43
264.71	0.00	1.74
500.00	0.00	1.02
837.21	0.00	3.34
264.60	0.04	2.10
500.00	0.00	1.26
837.06	0.02	1.52
264.71	0.00	1.86
500.00	0.00	0.54
837.06	0.02	2.57
264.61	0.04	2.50
500.00	0.00	0.53
837.21	0.00	1.02
264.66	0.02	0.60
499.91	0.02	1.06
836.77	0.05	2.68
264.61	0.04	2.27
499.91	0.02	0.64
837.06	0.02	2.59
264.66	0.02	1.06
500.00	0.00	1.12
837.06	0.02	1.00
264.71	0.00	1.57
500.00	0.00	2.07
837.21	0.00	1.54
264.71	0.00	1.97
500.00	0.00	0.98
837.06	0.02	2.07
264.71	0.00	1.67
499.91	0.02	3.81
836.92	0.04	2.69
264.61	0.04	2.21
499.74	0.05	4.33
837.06	0.02	2.15
264.71	0.00	1.01
500.00	0.00	0.93
837.21	0.00	0.50
264.57	0.05	2.70
499.91	0.02	1.60
837.21	0.00	1.03
264.71	0.00	1.03
499.91	0.02	3.62
837.21	0.00	1.18
264.66	0.02	1.22
499.82	0.04	3.14
837.21	0.00	1.55
264.66	0.02	1.41
499.74	0.05	2.32
836.92	0.04	2.38
264.71	0.00	1.79
499.82	0.04	3.56
837.06	0.02	0.56
264.61	0.04	3.31
500.00	0.00	2.11
837.06	0.02	1.10
264.66	0.02	2.61
500.00	0.00	1.00
836.77	0.05	1.82
264.71	0.00	2.08
499.80	0.04	1.59
837.21	0.00	1.04
264.66	0.02	1.01
499.82	0.04	3.26
836.92	0.04	2.62
264.61	0.04	1.29
499.91	0.02	2.29
837.06	0.02	1.52
264.71	0.00	1.11
500.00	0.00	0.57
836.77	0.05	2.64
264.55	0.06	3.49
499.91	0.02	1.22
837.06	0.02	0.57
264.66	0.02	2.34
500.00	0.00	1.06
837.21	0.00	1.57
264.71	0.00	1.60
499.91	0.02	1.26
837.21	0.00	0.53
264.66	0.02	2.87
499.82	0.04	2.46
836.92	0.04	2.79
264.71	0.00	3.02
499.91	0.02	2.54
837.06	0.02	2.63
264.71	0.00	3.46
499.91	0.02	2.27
836.92	0.04	2.81
264.66	0.02	2.12
500.00	0.00	1.38
837.21	0.00	1.37
264.71	0.00	1.23
500.00	0.00	1.89
837.21	0.00	0.93
264.71	0.00	1.66
499.91	0.02	2.05
837.21	0.00	1.43
264.66	0.02	0.60
499.74	0.05	2.86
837.06	0.02	1.56
264.61	0.04	2.16
499.82	0.04	1.61
837.06	0.02	0.59
264.66	0.02	1.74
500.00	0.00	2.08
837.06	0.02	0.62
264.66	0.02	2.28
500.00	0.00	0.58
837.06	0.02	3.06
264.71	0.00	1.08
499.91	0.02	1.85
837.06	0.02	1.96
264.71	0.00	1.72
500.00	0.00	2.13
837.06	0.02	1.14
264.71	0.00	2.19
499.91	0.02	1.03
837.21	0.00	0.56
264.66	0.02	1.13
499.82	0.04	3.71
837.21	0.00	1.60
264.71	0.00	1.32
499.71	0.06	2.67
837.21	0.00	1.02
264.71	0.00	2.08
499.82	0.04	1.59
836.87	0.04	1.71
264.61	0.04	3.03
500.00	0.00	2.83
837.21	0.00	2.12
264.60	0.04	2.70
500.00	0.00	0.53
837.21	0.00	0.56
264.66	0.02	3.33
499.82	0.04	1.77
837.21	0.00	0.53
264.71	0.00	0.48
499.91	0.02	0.55
837.21	0.00	0.93
264.57	0.05	2.15
499.91	0.02	0.58
837.21	0.00	1.44
264.66	0.02	1.19
499.91	0.02	2.06
837.21	0.00	1.11
264.61	0.04	2.32
500.00	0.00	0.97
836.92	0.04	1.55
264.66	0.02	2.83
500.00	0.00	1.26
837.06	0.02	2.57
264.66	0.02	2.27
500.00	0.00	1.04
837.21	0.00	1.52
264.60	0.04	2.31
500.00	0.00	2.05
836.92	0.04	2.24
264.61	0.04	3.00
499.91	0.02	1.63
837.21	0.00	1.04
264.61	0.04	1.82
500.00	0.00	0.55
837.06	0.02	2.03
264.61	0.04	3.54
500.00	0.00	1.74
836.92	0.04	3.19
264.61	0.04	2.25
500.00	0.00	0.48
836.92	0.04	2.09
264.66	0.02	1.11
500.00	0.00	2.04
837.06	0.02	0.58
264.66	0.02	2.40
499.80	0.04	3.16
837.21	0.00	1.67
264.71	0.00	1.13
499.82	0.04	2.73
837.02	0.02	0.60
264.71	0.00	1.35
500.00	0.00	1.44
837.21	0.00	1.53
264.66	0.02	0.98
500.00	0.00	1.97
837.06	0.02	1.08
264.66	0.02	3.40
500.00	0.00	1.29
837.06	0.02	2.46
264.66	0.02	2.28
499.91	0.02	2.29
836.92	0.04	2.56
264.65	0.02	2.29
499.80	0.04	1.34
837.21	0.00	1.49
264.71	0.00	1.08
500.00	0.00	1.78
836.77	0.05	2.71
264.66	0.02	0.64
500.00	0.00	1.46
836.92	0.04	1.52
264.71	0.00	1.38
500.00	0.00	2.48
837.06	0.02	2.54
264.71	0.00	2.57
499.91	0.02	2.41
837.21	0.00	1.60
264.66	0.02	2.83
499.71	0.06	2.81
837.21	0.00	2.06
264.61	0.04	3.03
499.82	0.04	2.64
837.21	0.00	1.12
264.71	0.00	0.95
499.82	0.04	3.03
837.06	0.02	2.79
264.66	0.02	1.82
499.82	0.04	2.92
837.06	0.02	2.23
264.66	0.02	2.27
499.91	0.02	1.19
837.06	0.02	2.11
264.66	0.02	2.61
499.91	0.02	2.15
837.21	0.00	0.54
264.66	0.02	2.20
500.00	0.00	1.13
837.21	0.00	1.58
264.71	0.00	2.92
499.71	0.06	3.14
837.06	0.02	2.82
264.66	0.02	2.53
499.82	0.04	3.06
837.21	0.00	2.11
264.66	0.02	1.51
499.91	0.02	1.16
837.21	0.00	1.11
264.71	0.00	2.19
499.91	0.02	2.78
837.21	0.00	0.99
264.71	0.00	1.03
499.91	0.02	2.78
837.21	0.00	1.11
264.71	0.00	1.60
500.00	0.00	1.01
836.87	0.04	1.73
264.66	0.02	1.79
499.91	0.02	1.72
837.21	0.00	1.44
264.66	0.02	0.56
500.00	0.00	0.61
837.06	0.02	1.96
264.60	0.04	1.69
500.00	0.00	0.53
837.06	0.02	1.49
264.66	0.02	0.62
500.00	0.00	0.58
837.06	0.02	2.46
264.57	0.05	2.89
499.82	0.04	2.23
836.92	0.04	1.27
264.66	0.02	1.71
499.91	0.02	2.11
837.06	0.02	0.61
264.61	0.04	3.10
499.82	0.04	2.76
837.21	0.00	1.50
264.66	0.02	2.63
499.91	0.02	1.11
837.21	0.00	0.96
264.71	0.00	2.63
500.00	0.00	2.30
837.21	0.00	1.15
264.71	0.00	2.08
499.91	0.02	1.65
836.77	0.05	2.79
264.60	0.04	1.55
499.91	0.02	1.54
836.77	0.05	2.62
264.57	0.05	3.24
499.91	0.02	2.53
836.77	0.05	3.80
264.66	0.02	1.62
500.00	0.00	1.47
837.21	0.00	0.48
264.71	0.00	0.52
499.91	0.02	1.05
836.92	0.04	1.10
264.71	0.00	0.53
499.82	0.04	2.09
837.21	0.00	1.09
264.71	0.00	1.68
499.91	0.02	3.17
837.21	0.00	0.58
264.61	0.04	3.64
499.91	0.02	1.54
837.06	0.02	1.54
264.71	0.00	1.87
500.00	0.00	0.94
837.06	0.02	1.22
264.66	0.02	1.59
500.00	0.00	1.64
836.87	0.04	1.64
264.71	0.00	2.91
500.00	0.00	1.05
837.06	0.02	2.15
264.66	0.02	1.64
499.91	0.02	2.72
836.92	0.04	2.71
264.65	0.02	2.19
500.00	0.00	2.24
837.06	0.02	1.54
264.66	0.02	4.32
499.74	0.05	2.83
836.92	0.04	2.52
264.66	0.02	3.42
499.91	0.02	3.06
837.06	0.02	0.68
264.71	0.00	0.55
500.00	0.00	1.14
837.06	0.02	2.43
264.71	0.00	1.01
500.00	0.00	1.02
837.21	0.00	0.93
264.71	0.00	1.87
499.82	0.04	2.48
837.21	0.00	1.43
264.61	0.04	2.03
500.00	0.00	1.09
836.87	0.04	2.58
264.71	0.00	2.85
499.91	0.02	1.85
836.87	0.04	1.64
264.61	0.04	3.80
500.00	0.00	0.91
837.21	0.00	2.10
264.66	0.02	1.30
499.80	0.04	1.39
837.06	0.02	3.00
264.71	0.00	0.49
500.00	0.00	0.61
837.06	0.02	2.43
264.66	0.02	1.12
499.82	0.04	2.03
837.21	0.00	0.52
264.71	0.00	0.52
499.91	0.02	1.52
837.21	0.00	0.55
264.71	0.00	1.57
500.00	0.00	0.47
837.21	0.00	0.50
264.66	0.02	1.04
499.82	0.04	2.79
837.06	0.02	1.56
264.57	0.05	2.91
499.91	0.02	1.63
837.06	0.02	1.65
264.65	0.02	3.36
499.82	0.04	2.83
837.21	0.00	0.97
264.71	0.00	1.73
499.74	0.05	3.37
836.92	0.04	3.26
264.61	0.04	3.63
500.00	0.00	2.21
837.21	0.00	0.99
264.71	0.00	1.15
499.82	0.04	1.24
836.92	0.04	2.14
264.66	0.02	1.12
499.82	0.04	3.05
837.21	0.00	2.05
264.65	0.02	1.81
499.82	0.04	3.40
837.06	0.02	1.65
264.57	0.05	3.38
500.00	0.00	2.10
837.06	0.02	3.35
264.71	0.00	0.49
499.91	0.02	1.15
837.06	0.02	0.56
264.71	0.00	1.73
499.91	0.02	2.86
837.06	0.02	2.16
264.71	0.00	1.45
500.00	0.00	0.96
837.06	0.02	1.46
264.71	0.00	1.16
500.00	0.00	1.19
837.21	0.00	1.95
264.61	0.04	2.99
500.00	0.00	2.23
837.21	0.00	1.56
264.71	0.00	1.78
499.82	0.04	2.18
837.21	0.00	1.02
264.61	0.04	1.86
499.82	0.04	1.87
837.02	0.02	1.60
264.71	0.00	1.76
500.00	0.00	1.06
837.06	0.02	1.08
264.61	0.04	1.91
500.00	0.00	1.49
837.21	0.00	1.45
264.71	0.00	0.66
500.00	0.00	1.01
837.06	0.02	1.95
264.71	0.00	0.47
500.00	0.00	1.39
837.21	0.00	0.50
264.61	0.04	1.71
499.91	0.02	1.91
837.21	0.00	0.93
264.71	0.00	1.37
499.74	0.05	2.74
837.06	0.02	1.58
264.71	0.00	1.36
500.00	0.00	3.53
837.21	0.00	2.10
264.71	0.00	2.42
500.00	0.00	0.99
837.21	0.00	0.98
264.71	0.00	1.88
500.00	0.00	1.59
837.21	0.00	0.50
264.71	0.00	1.16
500.00	0.00	1.19
837.06	0.02	1.51
264.71	0.00	1.26
500.00	0.00	0.63
836.73	0.06	2.65
264.66	0.02	2.47
500.00	0.00	0.60
836.92	0.04	2.64
264.66	0.02	2.16
499.91	0.02	1.93
836.92	0.04	3.26
264.71	0.00	0.53
499.80	0.04	1.77
837.21	0.00	2.00
264.66	0.02	0.52
499.82	0.04	1.66
837.06	0.02	0.98
264.66	0.02	1.04
500.00	0.00	0.96
837.06	0.02	1.02
264.65	0.02	1.09
500.00	0.00	0.51
837.21	0.00	0.92
264.66	0.02	3.32
500.00	0.00	2.06
837.21	0.00	1.61
264.71	0.00	2.04
500.00	0.00	1.05
837.21	0.00	0.58
264.71	0.00	1.38
499.89	0.02	1.64
837.06	0.02	1.55
264.66	0.02	1.58
500.00	0.00	2.10
837.06	0.02	2.09
264.71	0.00	1.51
500.00	0.00	1.74
837.21	0.00	1.52
264.66	0.02	1.04
499.91	0.02	2.80
837.06	0.02	2.01
264.71	0.00	1.20
499.82	0.04	2.14
837.21	0.00	0.49
264.71	0.00	0.96
500.00	0.00	0.55
837.06	0.02	1.52
264.71	0.00	2.77
499.91	0.02	1.82
836.92	0.04	3.20
264.61	0.04	2.26
499.91	0.02	2.22
837.06	0.02	2.65
264.66	0.02	1.28
500.00	0.00	1.38
836.92	0.04	3.11
264.71	0.00	1.65
499.91	0.02	1.73
837.21	0.00	2.53
264.61	0.04	2.68
500.00	0.00	1.39
836.92	0.04	3.58
264.71	0.00	0.52
499.91	0.02	1.90
837.06	0.02	3.47
264.71	0.00	0.96
500.00	0.00	1.43
837.06	0.02	1.07
264.66	0.02	1.20
499.91	0.02	1.97
837.21	0.00	0.97
264.66	0.02	2.29
499.91	0.02	2.55
837.06	0.02	1.48
264.71	0.00	1.02
499.91	0.02	0.97
837.06	0.02	2.53
264.71	0.00	1.74
499.91	0.02	2.37
837.21	0.00	1.45
264.71	0.00	1.51
499.74	0.05	2.68
837.06	0.02	2.56
264.71	0.00	1.62
499.80	0.04	1.65
837.06	0.02	1.78
264.71	0.00	2.10
500.00	0.00	2.80
837.06	0.02	0.64
264.61	0.04	2.59
499.91	0.02	1.24
837.06	0.02	0.58
264.71	0.00	2.33
499.91	0.02	1.70
836.77	0.05	2.20
264.71	0.00	1.60
500.00	0.00	1.41
837.21	0.00	1.45
264.66	0.02	2.06
500.00	0.00	1.93
837.06	0.02	2.52
264.71	0.00	1.40
500.00	0.00	1.10
837.21	0.00	0.52
264.61	0.04	3.31
500.00	0.00	1.34
837.06	0.02	1.53
264.66	0.02	2.70
500.00	0.00	2.29
837.06	0.02	1.71
264.61	0.04	3.42
499.80	0.04	1.74
837.06	0.02	1.22
264.71	0.00	1.61
499.82	0.04	2.29
837.21	0.00	1.53
264.71	0.00	0.54
499.82	0.04	2.19
837.21	0.00	1.08
264.71	0.00	2.08
499.82	0.04	1.12
837.21	0.00	0.46
264.71	0.00	0.99
499.82	0.04	2.18
837.21	0.00	0.53
264.61	0.04	2.81
499.91	0.02	0.63
837.21	0.00	1.02
264.57	0.05	3.44
500.00	0.00	0.99
837.06	0.02	1.53
264.61	0.04	2.65
500.00	0.00	0.49
837.21	0.00	0.51
264.71	0.00	0.97
499.91	0.02	1.55
837.21	0.00	0.53
264.71	0.00	2.58
499.91	0.02	2.20
837.21	0.00	2.62
264.61	0.04	3.25
500.00	0.00	2.99
837.21	0.00	2.16
264.66	0.02	2.71
500.00	0.00	1.11
837.06	0.02	1.56
264.71	0.00	2.05
499.91	0.02	1.55
837.21	0.00	1.15
264.71	0.00	1.82
499.89	0.02	1.29
836.92	0.04	1.63
264.71	0.00	1.22
500.00	0.00	1.06
836.92	0.04	3.21
264.71	0.00	1.60
499.91	0.02	1.04
837.21	0.00	0.53
264.71	0.00	0.95
499.82	0.04	2.14
837.21	0.00	0.51
264.66	0.02	2.24
499.82	0.04	1.73
837.06	0.02	0.61
264.71	0.00	1.60
500.00	0.00	1.07
837.06	0.02	2.21
264.66	0.02	1.16
499.91	0.02	1.64
837.06	0.02	1.05
264.71	0.00	1.21
500.00	0.00	0.55
837.06	0.02	2.00
264.71	0.00	1.47
500.00	0.00	1.00
837.21	0.00	1.49
264.57	0.05	3.31
500.00	0.00	0.55
837.06	0.02	1.09
264.71	0.00	1.81
500.00	0.00	1.14
837.21	0.00	1.45
264.66	0.02	0.66
499.91	0.02	2.29
837.06	0.02	2.49
264.61	0.04	1.07
499.82	0.04	2.13
837.02	0.02	0.55
264.71	0.00	2.20
500.00	0.00	0.54
837.21	0.00	1.01
264.71	0.00	0.58
500.00	0.00	2.50
836.92	0.04	2.48
264.71	0.00	1.75
500.00	0.00	1.63
836.77	0.05	3.72
264.66	0.02	1.67
500.00	0.00	1.63
837.21	0.00	1.98
264.61	0.04	1.85
499.91	0.02	1.11
836.92	0.04	2.13
264.66	0.02	2.19
499.91	0.02	1.21
836.92	0.04	1.13
264.71	0.00	1.01
500.00	0.00	1.20
836.92	0.04	1.64
264.61	0.04	4.10
499.91	0.02	1.85
836.92	0.04	2.69
264.61	0.04	3.53
500.00	0.00	2.41
836.73	0.06	2.91
264.71	0.00	1.10
499.82	0.04	1.79
836.92	0.04	2.01
264.61	0.04	1.31
499.91	0.02	1.19
837.21	0.00	2.46
264.55	0.06	2.22
500.00	0.00	0.52
837.21	0.00	1.09
264.71	0.00	2.16
500.00	0.00	1.61
837.21	0.00	0.96
264.66	0.02	3.01
499.91	0.02	2.43
837.21	0.00	1.51
264.71	0.00	1.66
499.91	0.02	2.22
837.21	0.00	2.60
264.66	0.02	1.76
499.82	0.04	2.20
837.06	0.02	1.59
264.66	0.02	1.09
500.00	0.00	0.93
837.21	0.00	0.48
264.66	0.02	1.73
499.82	0.04	1.86
837.06	0.02	1.51
264.61	0.04	3.51
500.00	0.00	0.58
837.21	0.00	2.58
264.71	0.00	2.13
500.00	0.00	1.11
837.21	0.00	2.05
264.71	0.00	0.55
499.82	0.04	2.15
837.06	0.02	1.02
264.71	0.00	1.54
500.00	0.00	1.00
837.21	0.00	0.94
264.66	0.02	1.00
500.00	0.00	0.54
836.92	0.04	1.59
264.71	0.00	2.73
500.00	0.00	1.86
836.92	0.04	3.63
264.66	0.02	3.36
500.00	0.00	1.12
836.92	0.04	3.16
264.66	0.02	1.15
499.91	0.02	1.13
837.21	0.00	1.40
264.71	0.00	0.54
500.00	0.00	1.08
837.21	0.00	1.85
264.71	0.00	2.00
500.00	0.00	1.14
837.06	0.02	1.55
264.57	0.05	3.06
500.00	0.00	2.34
837.21	0.00	2.59
264.71	0.00	1.51
500.00	0.00	0.51
837.21	0.00	0.49
264.71	0.00	1.99
499.91	0.02	0.51
836.92	0.04	1.61
264.66	0.02	0.58
499.89	0.02	0.57
837.21	0.00	0.47
264.71	0.00	1.02
499.91	0.02	1.64
837.06	0.02	2.46
264.71	0.00	2.34
499.91	0.02	2.21
837.21	0.00	3.04
264.71	0.00	1.70
500.00	0.00	1.70
837.06	0.02	2.49
264.66	0.02	1.54
499.91	0.02	2.53
837.21	0.00	1.43
264.71	0.00	2.09
500.00	0.00	1.99
837.21	0.00	1.92
264.66	0.02	2.11
499.82	0.04	1.13
837.21	0.00	0.47
264.66	0.02	2.12
500.00	0.00	0.55
837.21	0.00	0.49
264.61	0.04	3.02
500.00	0.00	1.51
837.02	0.02	1.59
264.66	0.02	1.69
500.00	0.00	1.99
837.21	0.00	1.02
264.71	0.00	1.82
500.00	0.00	2.18
837.21	0.00	1.57
264.66	0.02	0.66
499.89	0.02	1.07
837.21	0.00	1.61
264.71	0.00	1.49
499.89	0.02	1.74
837.06	0.02	2.06
264.66	0.02	1.31
499.91	0.02	1.13
837.21	0.00	1.54
264.65	0.02	1.62
499.91	0.02	1.10
837.06	0.02	2.21
264.66	0.02	3.51
499.82	0.04	2.40
837.06	0.02	1.06
264.61	0.04	2.94
500.00	0.00	3.43
837.06	0.02	1.06
264.66	0.02	1.09
499.91	0.02	2.90
837.06	0.02	1.20
264.66	0.02	2.14
500.00	0.00	1.10
837.21	0.00	0.49
264.66	0.02	1.09
499.71	0.06	2.26
837.06	0.02	2.06
264.61	0.04	2.48
499.82	0.04	2.33
837.06	0.02	1.56
264.66	0.02	0.61
500.00	0.00	0.60
837.21	0.00	2.01
264.71	0.00	2.67
499.91	0.02	2.72
837.21	0.00	2.09
264.66	0.02	3.21
500.00	0.00	0.97
837.06	0.02	1.53
264.66	0.02	1.25
499.82	0.04	3.08
836.73	0.06	3.68
264.61	0.04	2.18
500.00	0.00	0.71
836.92	0.04	3.13
264.71	0.00	1.88
499.91	0.02	1.34
836.92	0.04	2.56
264.66	0.02	2.51
499.91	0.02	2.65
836.92	0.04	3.79
264.66	0.02	2.20
499.91	0.02	0.59
836.92	0.04	2.76
264.66	0.02	2.89
500.00	0.00	1.72
837.06	0.02	0.58
264.65	0.02	0.53
500.00	0.00	0.49
837.21	0.00	0.48
264.71	0.00	1.51
500.00	0.00	1.66
836.92	0.04	2.05
264.71	0.00	1.62
500.00	0.00	1.44
837.06	0.02	1.49
264.61	0.04	3.45
500.00	0.00	2.37
837.06	0.02	2.00
264.57	0.05	2.52
500.00	0.00	1.55
837.06	0.02	1.48
264.65	0.02	1.13
500.00	0.00	1.04
837.06	0.02	2.05
264.66	0.02	1.12
500.00	0.00	1.04
837.21	0.00	0.50
264.71	0.00	1.16
499.74	0.05	2.19
837.06	0.02	1.62
264.71	0.00	1.16
500.00	0.00	2.56
837.06	0.02	1.22
264.71	0.00	0.65
499.80	0.04	3.12
837.21	0.00	1.61
264.66	0.02	2.10
500.00	0.00	1.61
837.06	0.02	1.48
264.71	0.00	2.55
499.91	0.02	1.18
837.21	0.00	0.95
264.71	0.00	1.55
499.91	0.02	2.06
837.21	0.00	1.51
264.71	0.00	1.79
500.00	0.00	1.01
837.06	0.02	1.02
264.71	0.00	2.49
499.91	0.02	5.18
837.21	0.00	2.74
264.71	0.00	0.84
499.91	0.02	4.48
837.06	0.02	3.98
264.71	0.00	1.34
500.00	0.00	1.16
837.21	0.00	3.08
264.61	0.04	3.75
499.91	0.02	2.48
837.21	0.00	2.05
264.61	0.04	1.89
500.00	0.00	0.49
837.02	0.02	0.54
264.66	0.02	1.10
500.00	0.00	0.57
836.92	0.04	2.61
264.71	0.00	0.57
499.91	0.02	2.56
837.21	0.00	1.46
264.71	0.00	1.03
500.00	0.00	1.00
837.21	0.00	0.99
264.71	0.00	1.95
499.91	0.02	3.80
837.21	0.00	2.79
264.71	0.00	1.50
500.00	0.00	3.31
836.92	0.04	3.28
264.66	0.02	2.85
499.80	0.04	2.32
837.06	0.02	1.58
264.71	0.00	0.96
499.80	0.04	2.29
837.06	0.02	2.15
264.71	0.00	0.99
499.89	0.02	1.59
837.06	0.02	0.60
264.66	0.02	1.88
499.91	0.02	2.15
837.06	0.02	1.12
264.71	0.00	0.95
500.00	0.00	0.51
837.21	0.00	0.51
264.66	0.02	2.27
500.00	0.00	2.06
837.21	0.00	1.05
264.66	0.02	1.03
500.00	0.00	0.47
837.21	0.00	0.48
264.57	0.05	2.12
499.91	0.02	1.03
837.21	0.00	0.48
264.66	0.02	3.15
500.00	0.00	1.55
837.21	0.00	1.03
264.65	0.02	1.56
500.00	0.00	0.48
837.21	0.00	1.02
264.66	0.02	3.23
500.00	0.00	1.90
836.92	0.04	2.25
264.66	0.02	1.84
499.82	0.04	2.57
837.21	0.00	1.02
264.61	0.04	2.43
500.00	0.00	1.42
837.21	0.00	0.54
264.71	0.00	2.14
499.91	0.02	2.60
837.21	0.00	1.67
264.71	0.00	1.64
500.00	0.00	0.54
837.21	0.00	0.53
264.66	0.02	1.08
500.00	0.00	1.62
837.21	0.00	1.52
264.71	0.00	0.57
500.00	0.00	1.29
837.06	0.02	2.63
264.66	0.02	1.85
499.89	0.02	0.58
836.77	0.05	2.64
264.66	0.02	2.89
499.91	0.02	2.56
837.06	0.02	2.08
264.71	0.00	1.83
499.91	0.02	2.76
837.21	0.00	0.93
264.71	0.00	2.91
499.91	0.02	2.77
837.21	0.00	1.19
264.71	0.00	2.52
499.91	0.02	3.92
836.92	0.04	2.40
264.71	0.00	2.88
499.82	0.04	1.36
837.21	0.00	0.57
264.66	0.02	3.44
499.82	0.04	2.69
837.21	0.00	2.76
264.66	0.02	1.33
499.91	0.02	2.50
836.92	0.04	2.78
264.71	0.00	2.72
499.91	0.02	3.18
836.92	0.04	2.20
264.71	0.00	0.53
500.00	0.00	1.76
837.21	0.00	1.50
264.66	0.02	2.69
499.82	0.04	2.30
837.21	0.00	2.61
264.71	0.00	1.86
499.91	0.02	1.83
837.21	0.00	2.12
264.61	0.04	3.38
500.00	0.00	1.18
836.92	0.04	3.20
264.71	0.00	1.12
499.91	0.02	2.68
837.21	0.00	0.98
264.66	0.02	3.42
500.00	0.00	2.14
837.06	0.02	1.58
264.71	0.00	1.91
500.00	0.00	1.04
836.92	0.04	1.51
264.66	0.02	1.08
500.00	0.00	1.00
837.06	0.02	2.53
264.71	0.00	2.66
500.00	0.00	0.60
837.06	0.02	0.59
264.66	0.02	2.07
500.00	0.00	1.02
837.06	0.02	2.19
264.71	0.00	0.52
500.00	0.00	0.55
836.92	0.04	3.07
264.71	0.00	1.79
499.91	0.02	1.09
836.92	0.04	2.51
264.66	0.02	1.85
499.91	0.02	1.61
837.21	0.00	2.08
264.71	0.00	0.91
500.00	0.00	1.11
836.92	0.04	2.04
264.66	0.02	2.11
499.91	0.02	1.09
837.21	0.00	1.03
264.71	0.00	0.54
499.91	0.02	1.53
837.21	0.00	0.94
264.71	0.00	1.27
499.91	0.02	2.60
837.06	0.02	2.47
264.66	0.02	1.69
499.91	0.02	2.13
837.21	0.00	0.98
264.71	0.00	1.50
499.91	0.02	0.62
837.21	0.00	0.51
264.61	0.04	2.09
499.91	0.02	1.11
837.21	0.00	1.46
264.57	0.05	3.33
500.00	0.00	0.47
836.92	0.04	2.11
264.71	0.00	1.94
500.00	0.00	0.95
837.06	0.02	1.66
264.66	0.02	2.23
500.00	0.00	1.05
837.21	0.00	1.55
264.66	0.02	2.71
500.00	0.00	1.21
837.21	0.00	1.43
264.66	0.02	1.85
500.00	0.00	2.10
837.06	0.02	1.49
264.66	0.02	1.54
499.91	0.02	1.49
837.21	0.00	1.01
264.71	0.00	1.60
499.91	0.02	1.59
837.06	0.02	1.15
264.61	0.04	1.72
499.91	0.02	2.62
837.21	0.00	0.52
264.66	0.02	1.60
500.00	0.00	0.51
836.87	0.04	1.14
264.71	0.00	1.64
500.00	0.00	2.05
837.21	0.00	1.07
264.60	0.04	2.32
499.91	0.02	1.14
836.92	0.04	1.55
264.55	0.06	2.27
500.00	0.00	0.53
837.06	0.02	2.06
264.66	0.02	1.61
499.91	0.02	2.24
837.06	0.02	2.16
264.57	0.05	3.63
500.00	0.00	0.97
837.21	0.00	1.03
264.71	0.00	1.10
499.89	0.02	1.70
837.06	0.02	2.10
264.71	0.00	0.62
499.82	0.04	2.76
837.06	0.02	1.67
264.71	0.00	2.08
499.91	0.02	2.46
837.21	0.00	0.56
264.71	0.00	2.61
500.00	0.00	2.01
837.21	0.00	1.10
264.60	0.04	2.48
500.00	0.00	0.50
837.21	0.00	0.49
264.71	0.00	1.97
500.00	0.00	1.49
837.06	0.02	1.54
264.71	0.00	1.52
500.00	0.00	2.08
837.21	0.00	0.54
264.71	0.00	0.94
499.91	0.02	1.02
837.21	0.00	1.07
264.65	0.02	1.61
499.91	0.02	1.68
836.87	0.04	1.60
264.61	0.04	3.25
500.00	0.00	0.48
837.06	0.02	1.07
264.66	0.02	1.95
499.91	0.02	2.61
837.21	0.00	1.49
264.61	0.04	2.57
500.00	0.00	2.23
836.92	0.04	3.88
264.71	0.00	1.57
499.82	0.04	3.55
837.21	0.00	1.04
264.61	0.04	1.94
500.00	0.00	3.09
837.21	0.00	1.56
264.66	0.02	2.32
499.91	0.02	1.81
837.06	0.02	2.48
264.71	0.00	1.03
500.00	0.00	0.59
837.06	0.02	2.02
264.71	0.00	2.28
499.91	0.02	1.49
836.92	0.04	2.06
264.66	0.02	1.05
500.00	0.00	0.95
837.21	0.00	0.92
264.61	0.04	3.56
499.82	0.04	2.52
837.06	0.02	2.17
264.66	0.02	2.58
499.91	0.02	1.38
836.92	0.04	1.60
264.71	0.00	2.10
499.82	0.04	2.30
837.21	0.00	1.04
264.71	0.00	1.01
500.00	0.00	0.52
837.21	0.00	1.98
264.66	0.02	1.14
499.91	0.02	2.11
837.06	0.02	1.06
264.61	0.04	2.23
500.00	0.00	1.47
837.06	0.02	1.69
264.66	0.02	2.22
499.91	0.02	2.50
837.06	0.02	2.83
264.71	0.00	1.46
499.82	0.04	3.51
837.06	0.02	3.20
264.66	0.02	0.51
499.82	0.04	2.26
836.77	0.05	2.22
264.66	0.02	1.31
499.82	0.04	2.70
837.06	0.02	1.13
264.65	0.02	2.74
499.89	0.02	1.65
837.21	0.00	1.09
264.71	0.00	2.70
499.80	0.04	1.76
837.06	0.02	1.11
264.66	0.02	1.51
500.00	0.00	1.00
837.21	0.00	0.97
264.66	0.02	1.04
500.00	0.00	0.48
837.21	0.00	1.42
264.66	0.02	1.78
500.00	0.00	1.05
837.21	0.00	0.51
264.61	0.04	2.85
499.82	0.04	2.72
837.06	0.02	1.15
264.71	0.00	1.77
500.00	0.00	2.53
837.21	0.00	2.61
264.61	0.04	4.65
499.91	0.02	1.78
837.06	0.02	3.72
264.71	0.00	1.67
500.00	0.00	1.68
836.77	0.05	2.12
264.71	0.00	1.06
500.00	0.00	1.06
837.21	0.00	2.07
264.60	0.04	2.04
500.00	0.00	1.86
837.21	0.00	2.43
264.71	0.00	1.26
500.00	0.00	0.56
837.21	0.00	2.49
264.71	0.00	1.59
500.00	0.00	1.52
837.21	0.00	1.40
264.71	0.00	2.08
499.91	0.02	0.74
837.06	0.02	2.94
264.71	0.00	1.03
499.82	0.04	1.11
837.06	0.02	0.55
264.66	0.02	0.62
500.00	0.00	2.09
837.06	0.02	1.61
264.71	0.00	1.01
500.00	0.00	1.65
837.06	0.02	1.10
264.71	0.00	1.60
499.91	0.02	1.16
837.06	0.02	1.50
264.71	0.00	2.15
499.91	0.02	0.58
837.06	0.02	2.05
264.71	0.00	0.96
500.00	0.00	0.59
837.21	0.00	1.96
264.66	0.02	2.01
500.00	0.00	2.59
837.06	0.02	1.65
264.65	0.02	1.45
499.82	0.04	3.23
837.21	0.00	1.03
264.66	0.02	1.38
500.00	0.00	1.49
836.92	0.04	2.32
264.71	0.00	1.60
500.00	0.00	2.63
837.06	0.02	1.15
264.66	0.02	1.46
500.00	0.00	2.34
837.06	0.02	1.62
264.66	0.02	1.95
500.00	0.00	1.83
837.06	0.02	2.70
264.71	0.00	3.29
499.91	0.02	1.56
836.92	0.04	2.74
264.66	0.02	2.15
500.00	0.00	0.98
837.06	0.02	0.62
264.66	0.02	1.22
500.00	0.00	1.53
837.21	0.00	1.01
264.71	0.00	0.61
499.74	0.05	3.39
837.06	0.02	2.77
264.71	0.00	2.05
499.91	0.02	1.10
837.06	0.02	1.44
264.66	0.02	1.57
500.00	0.00	0.55
837.06	0.02	0.57
264.66	0.02	1.56
500.00	0.00	1.59
837.21	0.00	1.42
264.71	0.00	0.59
500.00	0.00	1.03
837.21	0.00	0.94
264.71	0.00	1.55
499.91	0.02	1.14
837.21	0.00	0.51
264.71	0.00	2.03
500.00	0.00	1.17
837.06	0.02	2.09
264.71	0.00	0.98
500.00	0.00	0.50
837.21	0.00	1.00
264.66	0.02	1.66
500.00	0.00	1.52
836.92	0.04	2.59
264.71	0.00	1.48
500.00	0.00	2.05
837.21	0.00	1.93
264.71	0.00	0.98
499.91	0.02	1.53
837.06	0.02	1.53
264.71	0.00	1.67
499.91	0.02	1.09
837.21	0.00	1.44
264.71	0.00	1.14
500.00	0.00	2.13
836.92	0.04	1.96
264.66	0.02	2.39
500.00	0.00	1.18
837.21	0.00	1.95
264.66	0.02	1.24
500.00	0.00	2.07
837.21	0.00	0.95
264.61	0.04	2.52
500.00	0.00	2.86
837.06	0.02	2.71
264.71	0.00	0.75
500.00	0.00	2.15
837.06	0.02	2.71
264.66	0.02	2.04
500.00	0.00	1.46
837.21	0.00	0.97
264.66	0.02	1.98
500.00	0.00	0.97
837.06	0.02	1.54
264.71	0.00	2.53
499.91	0.02	1.44
837.21	0.00	1.47
264.71	0.00	2.00
500.00	0.00	1.15
836.92	0.04	2.66
264.66	0.02	2.87
499.74	0.05	2.50
837.06	0.02	1.74
264.71	0.00	3.14
499.91	0.02	3.24
837.06	0.02	1.28
264.66	0.02	3.23
500.00	0.00	2.43
837.21	0.00	1.11
264.71	0.00	2.01
499.91	0.02	2.95
837.21	0.00	1.17
264.66	0.02	1.85
500.00	0.00	2.63
837.06	0.02	1.62
264.71	0.00	1.06
500.00	0.00	2.13
837.21	0.00	2.70
264.61	0.04	1.72
500.00	0.00	2.42
837.21	0.00	2.48
264.60	0.04	2.88
499.91	0.02	0.70
837.21	0.00	1.46
264.71	0.00	0.56
499.91	0.02	2.10
837.21	0.00	1.41
264.71	0.00	1.06
499.82	0.04	3.48
837.21	0.00	1.92
264.71	0.00	2.56
500.00	0.00	1.51
837.21	0.00	1.54
264.61	0.04	3.16
499.82	0.04	1.65
837.21	0.00	1.52
264.60	0.04	3.03
499.91	0.02	1.42
836.92	0.04	3.65
264.66	0.02	1.29
500.00	0.00	1.13
836.77	0.05	4.23
264.66	0.02	1.45
500.00	0.00	0.97
837.21	0.00	0.48
264.71	0.00	1.91
500.00	0.00	0.94
837.06	0.02	1.47
264.66	0.02	2.20
500.00	0.00	0.51
837.06	0.02	1.11
264.71	0.00	1.59
499.91	0.02	1.03
837.21	0.00	1.56
264.57	0.05	3.00
499.71	0.06	1.74
837.06	0.02	1.07
264.66	0.02	2.56
499.91	0.02	1.13
837.06	0.02	0.56
264.71	0.00	2.19
500.00	0.00	1.97
836.92	0.04	3.60
264.71	0.00	1.45
500.00	0.00	0.50
836.92	0.04	3.08
264.71	0.00	2.16
499.82	0.04	2.15
837.21	0.00	1.44
264.66	0.02	2.15
500.00	0.00	1.01
837.21	0.00	1.51
264.71	0.00	1.43
500.00	0.00	2.59
837.06	0.02	2.52
264.71	0.00	1.53
499.91	0.02	3.74
837.21	0.00	1.95
264.71	0.00	1.65
499.82	0.04	1.40
837.21	0.00	1.44
264.66	0.02	1.14
500.00	0.00	1.76
836.92	0.04	3.13
264.71	0.00	1.59
500.00	0.00	1.17
837.06	0.02	1.46
264.71	0.00	1.02
499.91	0.02	0.69
837.06	0.02	2.00
264.66	0.02	1.58
499.91	0.02	1.59
837.21	0.00	1.03
264.71	0.00	2.14
499.91	0.02	2.18
837.06	0.02	1.58
264.66	0.02	1.23
500.00	0.00	2.16
837.06	0.02	1.94
264.71	0.00	0.61
499.89	0.02	1.07
837.21	0.00	1.55
264.61	0.04	2.69
500.00	0.00	2.24
837.06	0.02	2.06
264.71	0.00	0.65
499.91	0.02	3.27
836.92	0.04	2.64
264.71	0.00	1.16
499.91	0.02	1.50
837.21	0.00	0.52
264.66	0.02	1.81
500.00	0.00	2.48
837.06	0.02	1.55
264.71	0.00	2.51
499.91	0.02	1.56
836.92	0.04	1.75
264.71	0.00	1.97
499.91	0.02	2.11
837.06	0.02	1.12
264.71	0.00	2.34
499.82	0.04	2.75
837.21	0.00	1.02
264.60	0.04	1.71
499.91	0.02	2.14
836.92	0.04	1.82
264.71	0.00	2.09
499.82	0.04	2.05
837.06	0.02	1.06
264.71	0.00	1.67
500.00	0.00	1.03
836.92	0.04	2.06
264.66	0.02	1.85
499.89	0.02	1.35
837.06	0.02	1.60
264.71	0.00	1.45
499.91	0.02	2.31
836.92	0.04	3.18
264.66	0.02	2.22
499.91	0.02	0.62
837.21	0.00	1.50
264.71	0.00	1.50
500.00	0.00	1.69
837.06	0.02	1.04
264.71	0.00	1.42
499.82	0.04	2.90
836.92	0.04	3.29
264.66	0.02	1.49
499.82	0.04	2.22
837.06	0.02	2.13
264.55	0.06	2.61
499.74	0.05	3.21
837.21	0.00	2.46
264.61	0.04	3.13
500.00	0.00	1.20
837.06	0.02	3.62
264.71	0.00	1.60
499.74	0.05	3.47
836.92	0.04	1.67
264.57	0.05	3.83
499.91	0.02	2.20
837.21	0.00	1.93
264.71	0.00	2.81
500.00	0.00	1.79
837.06	0.02	3.06
264.71	0.00	2.21
499.91	0.02	2.42
837.06	0.02	2.64
264.71	0.00	1.01
499.91	0.02	1.04
837.21	0.00	1.39
264.66	0.02	1.08
499.91	0.02	1.53
837.21	0.00	0.93
264.71	0.00	0.52
499.91	0.02	1.28
836.92	0.04	2.57
264.66	0.02	0.64
500.00	0.00	1.01
837.21	0.00	0.50
264.71	0.00	1.68
500.00	0.00	1.15
836.92	0.04	1.19
264.71	0.00	1.05
499.91	0.02	2.15
837.21	0.00	1.64
264.66	0.02	1.04
500.00	0.00	1.08
837.21	0.00	1.00
264.71	0.00	1.46
499.89	0.02	1.48
837.21	0.00	1.03
264.66	0.02	1.64
499.80	0.04	2.64
837.21	0.00	0.54
264.71	0.00	1.09
499.91	0.02	2.21
837.06	0.02	1.63
264.66	0.02	1.69
499.91	0.02	2.05
837.06	0.02	0.52
264.66	0.02	0.59
500.00	0.00	0.98
836.73	0.06	2.23
264.71	0.00	0.51
500.00	0.00	1.07
837.21	0.00	0.48
264.57	0.05	2.89
499.91	0.02	1.58
837.06	0.02	1.53
264.71	0.00	2.30
499.91	0.02	1.57
837.21	0.00	1.46
264.66	0.02	1.67
499.82	0.04	2.89
837.21	0.00	1.99
264.57	0.05	2.03
500.00	0.00	3.15
836.87	0.04	1.51
264.61	0.04	1.81
499.91	0.02	2.17
837.06	0.02	2.67
264.61	0.04	2.86
499.91	0.02	2.85
837.21	0.00	2.16
264.66	0.02	1.50
499.82	0.04	2.28
837.21	0.00	2.61
264.66	0.02	1.81
500.00	0.00	0.52
837.21	0.00	0.49
264.71	0.00	0.93
499.91	0.02	1.56
837.06	0.02	1.53
264.71	0.00	1.04
500.00	0.00	0.52
837.21	0.00	1.54
264.71	0.00	1.56
500.00	0.00	2.05
837.21	0.00	0.46
264.66	0.02	2.99
499.91	0.02	2.56
837.21	0.00	2.28
264.71	0.00	3.61
499.82	0.04	3.02
837.06	0.02	2.71
264.66	0.02	1.75
500.00	0.00	1.52
837.21	0.00	1.47
264.71	0.00	2.27
500.00	0.00	2.61
836.92	0.04	3.24
264.66	0.02	2.40
499.82	0.04	2.69
837.21	0.00	0.62
264.71	0.00	2.74
500.00	0.00	2.18
837.21	0.00	1.63
264.66	0.02	1.16
500.00	0.00	2.68
837.21	0.00	1.12
264.61	0.04	3.10
500.00	0.00	0.99
836.92	0.04	2.16
264.71	0.00	0.58
499.91	0.02	1.69
836.92	0.04	2.15
264.66	0.02	2.92
499.91	0.02	2.23
837.21	0.00	1.46
264.71	0.00	2.38
499.91	0.02	1.75
837.21	0.00	1.00
264.66	0.02	2.67
500.00	0.00	2.88
837.06	0.02	1.59
264.71	0.00	2.74
499.91	0.02	1.54
837.06	0.02	2.30
264.61	0.04	2.78
499.91	0.02	3.20
836.92	0.04	1.19
264.61	0.04	2.72
499.91	0.02	2.53
837.06	0.02	0.52
264.66	0.02	1.03
500.00	0.00	1.42
837.06	0.02	0.59
264.71	0.00	0.94
499.71	0.06	2.18
837.06	0.02	2.04
264.71	0.00	1.13
500.00	0.00	1.06
837.06	0.02	0.53
264.66	0.02	1.21
499.82	0.04	3.09
836.92	0.04	2.09
264.66	0.02	2.37
500.00	0.00	1.96
837.21	0.00	0.94
264.66	0.02	2.71
500.00	0.00	2.51
837.21	0.00	1.70
264.66	0.02	2.16
500.00	0.00	2.09
837.21	0.00	0.97
264.66	0.02	2.35
499.80	0.04	2.94
836.92	0.04	3.34
264.66	0.02	1.93
500.00	0.00	3.44
836.92	0.04	2.80
264.66	0.02	1.81
499.91	0.02	2.03
837.21	0.00	1.56
264.71	0.00	3.00
499.91	0.02	2.54
837.06	0.02	2.09
264.71	0.00	1.96
500.00	0.00	0.50
837.06	0.02	1.52
264.71	0.00	0.91
500.00	0.00	1.06
837.06	0.02	0.58
264.71	0.00	2.29
499.71	0.06	2.40
837.21	0.00	1.53
264.66	0.02	1.57
499.91	0.02	1.24
837.21	0.00	0.99
264.66	0.02	1.56
500.00	0.00	2.50
837.21	0.00	1.15
264.71	0.00	2.14
500.00	0.00	1.95
837.06	0.02	1.57
264.60	0.04	2.56
500.00	0.00	0.94
837.21	0.00	0.92
264.66	0.02	1.99
500.00	0.00	0.48
837.21	0.00	1.00
264.71	0.00	1.81
500.00	0.00	1.56
836.92	0.04	1.80
264.66	0.02	2.37
500.00	0.00	2.04
837.06	0.02	2.81
264.71	0.00	1.00
500.00	0.00	1.45
837.21	0.00	1.63
264.66	0.02	1.66
499.91	0.02	2.58
837.21	0.00	0.46
264.71	0.00	1.01
499.82	0.04	1.61
837.06	0.02	1.05
264.71	0.00	0.46
500.00	0.00	0.51
837.21	0.00	0.47
264.65	0.02	1.87
500.00	0.00	1.64
836.92	0.04	2.21
264.71	0.00	1.13
500.00	0.00	2.48
837.21	0.00	1.01
264.71	0.00	2.54
500.00	0.00	1.40
837.02	0.02	1.62
264.71	0.00	1.98
499.91	0.02	1.98
837.06	0.02	1.06
264.60	0.04	1.26
500.00	0.00	1.44
837.21	0.00	1.06
264.71	0.00	1.07
500.00	0.00	1.95
837.21	0.00	0.93
264.66	0.02	1.42
499.91	0.02	1.04
837.21	0.00	0.46
264.71	0.00	0.97
500.00	0.00	0.94
837.21	0.00	0.49
264.71	0.00	0.52
500.00	0.00	0.51
837.06	0.02	2.11
264.60	0.04	1.31
499.91	0.02	2.17
837.21	0.00	1.49
264.66	0.02	1.87
500.00	0.00	2.24
837.21	0.00	1.07
264.60	0.04	2.32
499.82	0.04	1.71
836.77	0.05	2.29
264.66	0.02	1.74
499.74	0.05	3.24
837.21	0.00	1.67
264.66	0.02	1.14
499.82	0.04	3.17
837.21	0.00	0.58
264.71	0.00	1.51
500.00	0.00	0.99
837.06	0.02	0.55
264.66	0.02	0.99
500.00	0.00	0.45
837.06	0.02	0.52
264.71	0.00	1.69
500.00	0.00	2.76
837.21	0.00	1.43
264.71	0.00	2.85
499.91	0.02	2.19
836.92	0.04	3.24
264.66	0.02	1.55
500.00	0.00	0.47
837.06	0.02	0.54
264.71	0.00	1.21
499.74	0.05	2.62
837.21	0.00	1.54
264.61	0.04	2.49
499.89	0.02	1.68
837.21	0.00	1.12
264.66	0.02	3.00
499.91	0.02	2.21
837.21	0.00	1.58
264.66	0.02	1.06
499.80	0.04	2.24
836.92	0.04	1.65
264.66	0.02	1.21
499.91	0.02	1.08
837.21	0.00	0.49
264.61	0.04	3.50
499.91	0.02	2.75
837.21	0.00	1.03
264.71	0.00	2.15
499.82	0.04	2.24
837.06	0.02	1.10
264.66	0.02	1.56
499.91	0.02	0.59
837.06	0.02	1.08
264.61	0.04	2.26
499.91	0.02	1.56
837.21	0.00	0.53
264.71	0.00	0.56
500.00	0.00	0.56
837.21	0.00	1.40
264.61	0.04	2.73
499.91	0.02	0.68
837.21	0.00	1.87
264.66	0.02	1.31
499.91	0.02	2.67
837.21	0.00	2.05
264.71	0.00	1.73
499.91	0.02	1.53
837.21	0.00	1.52
264.71	0.00	2.54
500.00	0.00	1.67
837.06	0.02	1.69
264.65	0.02	1.17
500.00	0.00	2.77
837.06	0.02	2.17
264.71	0.00	1.09
499.82	0.04	2.13
837.06	0.02	1.13
264.71	0.00	2.12
500.00	0.00	1.08
837.21	0.00	1.38
264.61	0.04	1.22
499.91	0.02	1.50
837.21	0.00	0.51
264.71	0.00	0.49
499.91	0.02	2.01
837.06	0.02	1.12
264.71	0.00	1.59
499.91	0.02	2.20
837.06	0.02	0.64
264.71	0.00	1.25
500.00	0.00	2.66
837.21	0.00	2.20
264.66	0.02	2.88
499.91	0.02	1.73
837.21	0.00	2.22
264.65	0.02	2.32
499.91	0.02	2.32
837.06	0.02	1.09
264.65	0.02	1.12
500.00	0.00	2.02
837.21	0.00	1.37
264.71	0.00	1.13
500.00	0.00	0.94
836.92	0.04	2.50
264.66	0.02	1.56
500.00	0.00	1.05
837.06	0.02	2.06
264.71	0.00	1.05
499.91	0.02	2.19
837.21	0.00	0.96
264.71	0.00	1.57
500.00	0.00	1.45
837.21	0.00	1.14
264.66	0.02	2.12
499.82	0.04	3.15
837.06	0.02	0.58
264.66	0.02	1.04
500.00	0.00	0.54
837.21	0.00	1.87
264.71	0.00	0.62
500.00	0.00	0.96
837.21	0.00	0.92
264.66	0.02	1.70
500.00	0.00	1.69
836.92	0.04	2.12
264.65	0.02	1.35
500.00	0.00	1.10
837.06	0.02	0.57
264.65	0.02	1.10
500.00	0.00	0.97
837.21	0.00	1.39
264.71	0.00	0.54
500.00	0.00	1.88
837.21	0.00	0.93
264.65	0.02	2.28
500.00	0.00	0.98
837.21	0.00	1.51
264.61	0.04	2.80
500.00	0.00	0.60
837.06	0.02	1.02
264.71	0.00	1.09
499.82	0.04	2.33
837.21	0.00	1.01
264.71	0.00	0.60
499.91	0.02	2.95
837.06	0.02	1.52
264.66	0.02	0.57
499.82	0.04	1.43
837.06	0.02	2.10
264.61	0.04	2.61
499.74	0.05	2.97
837.21	0.00	1.97
264.71	0.00	2.10
499.91	0.02	1.13
836.73	0.06	2.20
264.66	0.02	2.55
500.00	0.00	0.56
837.21	0.00	0.50
264.71	0.00	2.41
499.91	0.02	2.85
837.06	0.02	3.38
264.71	0.00	1.70
499.91	0.02	2.15
837.06	0.02	2.27
264.71	0.00	1.52
500.00	0.00	0.98
837.06	0.02	1.08
264.61	0.04	2.08
500.00	0.00	0.55
837.21	0.00	0.51
264.71	0.00	1.29
499.91	0.02	0.63
837.21	0.00	0.51
264.66	0.02	1.72
500.00	0.00	1.77
836.92	0.04	2.69
264.61	0.04	2.55
500.00	0.00	0.50
837.21	0.00	1.46
264.71	0.00	1.82
499.91	0.02	1.06
837.21	0.00	0.48
264.71	0.00	1.01
500.00	0.00	2.01
837.21	0.00	0.93
264.66	0.02	1.23
500.00	0.00	0.98
836.92	0.04	2.06
264.66	0.02	1.22
500.00	0.00	1.69
836.92	0.04	2.31
264.71	0.00	3.01
499.82	0.04	3.39
837.21	0.00	1.54
264.66	0.02	1.11
500.00	0.00	2.59
837.06	0.02	2.70
264.71	0.00	1.71
499.91	0.02	2.14
837.02	0.02	1.02
264.71	0.00	1.66
499.91	0.02	1.19
837.06	0.02	1.54
264.71	0.00	0.54
499.91	0.02	1.81
837.06	0.02	2.02
264.61	0.04	2.77
500.00	0.00	0.56
837.06	0.02	2.71
264.71	0.00	3.94
500.00	0.00	2.37
836.92	0.04	3.24
264.71	0.00	1.75
499.91	0.02	3.52
837.06	0.02	1.07
264.66	0.02	2.38
499.82	0.04	2.98
837.21	0.00	0.51
264.66	0.02	1.41
499.91	0.02	1.82
836.92	0.04	3.17
264.66	0.02	1.93
499.82	0.04	1.81
837.06	0.02	2.69
264.61	0.04	1.62
499.82	0.04	1.57
836.92	0.04	2.62
264.61	0.04	2.29
500.00	0.00	2.10
837.21	0.00	0.94
264.71	0.00	1.59
499.91	0.02	1.69
837.21	0.00	0.57
264.71	0.00	2.73
499.82	0.04	2.31
837.06	0.02	1.72
264.71	0.00	1.43
500.00	0.00	0.53
836.73	0.06	2.24
264.66	0.02	2.63
499.91	0.02	1.67
837.21	0.00	0.55
264.66	0.02	3.09
500.00	0.00	1.88
837.06	0.02	2.17
264.71	0.00	1.78
499.82	0.04	1.98
836.77	0.05	3.21
264.71	0.00	1.60
499.91	0.02	1.58
837.21	0.00	1.52
264.66	0.02	1.02
500.00	0.00	1.06
837.06	0.02	1.03
264.66	0.02	1.56
499.89	0.02	1.17
836.73	0.06	1.70
264.61	0.04	2.07
500.00	0.00	1.56
837.21	0.00	0.98
264.71	0.00	1.01
500.00	0.00	0.55
836.92	0.04	1.51
264.61	0.04	1.75
499.82	0.04	2.76
837.06	0.02	2.53
264.66	0.02	2.01
499.82	0.04	1.73
837.21	0.00	0.52
264.61	0.04	3.26
500.00	0.00	0.54
837.21	0.00	1.03
264.66	0.02	1.22
499.91	0.02	2.65
837.21	0.00	2.00
264.66	0.02	1.15
500.00	0.00	0.93
837.06	0.02	0.59
264.66	0.02	2.47
499.91	0.02	2.43
837.06	0.02	1.82
264.61	0.04	3.57
499.91	0.02	1.72
836.92	0.04	2.15
264.71	0.00	1.01
500.00	0.00	1.48
837.21	0.00	0.49
264.71	0.00	2.14
499.91	0.02	1.00
837.06	0.02	1.49
264.61	0.04	4.13
500.00	0.00	1.54
837.21	0.00	0.60
264.57	0.05	3.65
499.91	0.02	3.35
836.92	0.04	1.92
264.66	0.02	1.80
500.00	0.00	1.55
837.21	0.00	1.53
264.71	0.00	1.44
499.91	0.02	2.19
837.21	0.00	1.49
264.66	0.02	2.00
500.00	0.00	2.10
836.92	0.04	2.67
264.61	0.04	3.55
500.00	0.00	0.99
837.06	0.02	0.99
264.66	0.02	3.48
499.91	0.02	2.15
836.92	0.04	3.40
264.61	0.04	2.52
499.91	0.02	3.90
837.21	0.00	2.25
264.60	0.04	1.57
500.00	0.00	1.43
837.06	0.02	0.58
264.71	0.00	1.04
500.00	0.00	0.97
837.06	0.02	0.53
264.71	0.00	1.13
500.00	0.00	1.47
837.06	0.02	1.07
264.61	0.04	2.24
499.91	0.02	1.02
837.21	0.00	1.44
264.66	0.02	2.61
500.00	0.00	0.48
836.92	0.04	1.14
264.71	0.00	1.01
499.82	0.04	1.23
837.21	0.00	0.48
264.66	0.02	1.66
500.00	0.00	2.29
837.21	0.00	2.00
264.61	0.04	2.32
500.00	0.00	1.69
837.06	0.02	3.14
264.65	0.02	1.49
499.91	0.02	1.17
837.21	0.00	0.96
264.71	0.00	0.95
499.82	0.04	2.21
836.77	0.05	1.70
264.71	0.00	2.50
500.00	0.00	1.45
837.21	0.00	0.98
264.61	0.04	3.06
499.91	0.02	2.50
837.21	0.00	0.56
264.71	0.00	1.57
499.91	0.02	0.54
837.21	0.00	1.62
264.61	0.04	3.44
499.91	0.02	2.76
837.06	0.02	0.63
264.71	0.00	1.48
499.91	0.02	1.63
837.21	0.00	0.54
264.66	0.02	2.13
500.00	0.00	1.03
837.06	0.02	2.11
264.66	0.02	2.26
499.91	0.02	1.10
837.21	0.00	1.04
264.71	0.00	1.75
500.00	0.00	0.64
837.21	0.00	1.95
264.71	0.00	1.71
500.00	0.00	1.22
837.21	0.00	1.49
264.71	0.00	1.13
500.00	0.00	2.12
837.06	0.02	1.96
264.71	0.00	1.22
499.82	0.04	1.50
836.73	0.06	2.68
264.61	0.04	2.50
500.00	0.00	1.61
837.21	0.00	1.64
264.66	0.02	1.78
500.00	0.00	0.59
837.21	0.00	2.41
264.66	0.02	0.51
499.91	0.02	1.08
837.21	0.00	1.40
264.66	0.02	2.59
499.91	0.02	1.18
837.06	0.02	1.04
264.66	0.02	2.10
499.91	0.02	0.59
837.21	0.00	0.51
264.66	0.02	2.23
499.82	0.04	2.53
837.21	0.00	1.58
264.66	0.02	2.17
499.91	0.02	2.00
837.21	0.00	0.49
264.71	0.00	2.49
499.91	0.02	1.81
837.21	0.00	3.13
264.71	0.00	1.06
499.82	0.04	2.62
836.92	0.04	2.64
264.66	0.02	1.71
499.91	0.02	1.27
837.21	0.00	1.45
264.66	0.02	1.32
499.91	0.02	1.79
837.06	0.02	2.00
264.66	0.02	1.80
499.82	0.04	1.60
837.21	0.00	1.11
264.71	0.00	0.53
499.91	0.02	2.77
836.92	0.04	2.21
264.71	0.00	0.68
499.82	0.04	2.93
836.92	0.04	3.16
264.71	0.00	1.27
499.91	0.02	2.37
837.21	0.00	2.59
264.66	0.02	2.16
500.00	0.00	1.12
837.21	0.00	1.44
264.71	0.00	2.07
500.00	0.00	0.62
837.21	0.00	1.93
264.66	0.02	2.08
499.91	0.02	4.31
837.06	0.02	2.56
264.71	0.00	0.78
499.82	0.04	3.24
837.21	0.00	3.01
264.71	0.00	1.64
499.82	0.04	2.81
837.21	0.00	1.03
264.66	0.02	1.04
500.00	0.00	0.57
837.06	0.02	2.07
264.61	0.04	3.49
499.91	0.02	2.78
837.06	0.02	1.14
264.66	0.02	2.27
500.00	0.00	2.17
837.21	0.00	2.10
264.61	0.04	2.31
500.00	0.00	1.15
836.92	0.04	1.66
264.66	0.02	1.11
500.00	0.00	0.99
837.21	0.00	0.50
264.71	0.00	2.64
499.91	0.02	1.14
837.21	0.00	1.56
264.71	0.00	2.17
500.00	0.00	1.58
837.06	0.02	1.05
264.71	0.00	2.59
500.00	0.00	1.08
837.21	0.00	2.98
264.71	0.00	2.16
500.00	0.00	0.61
836.92	0.04	2.03
264.71	0.00	1.15
500.00	0.00	2.17
836.92	0.04	2.61
264.66	0.02	0.77
500.00	0.00	1.12
837.06	0.02	1.92
264.71	0.00	2.50
499.91	0.02	2.65
837.06	0.02	2.10
264.71	0.00	2.17
499.91	0.02	2.06
837.21	0.00	1.00
264.66	0.02	1.66
500.00	0.00	1.67
836.92	0.04	2.21
264.66	0.02	2.24
499.82	0.04	2.32
836.92	0.04	2.84
264.71	0.00	2.37
499.91	0.02	1.01
837.21	0.00	1.46
264.66	0.02	2.88
499.91	0.02	0.64
837.21	0.00	0.49
264.66	0.02	1.65
499.91	0.02	1.14
836.92	0.04	2.09
264.66	0.02	1.10
500.00	0.00	1.10
837.21	0.00	0.48
264.66	0.02	1.93
500.00	0.00	1.37
837.21	0.00	1.42
264.71	0.00	0.49
499.91	0.02	1.65
837.06	0.02	3.05
264.71	0.00	1.19
499.82	0.04	3.12
837.02	0.02	1.50
264.71	0.00	2.19
500.00	0.00	0.94
837.21	0.00	1.95
264.66	0.02	2.72
499.91	0.02	1.65
837.21	0.00	0.49
264.71	0.00	1.46
499.91	0.02	1.24
836.92	0.04	2.64
264.61	0.04	3.96
499.91	0.02	1.86
837.21	0.00	1.55
264.71	0.00	4.03
499.89	0.02	0.71
837.21	0.00	2.50
264.61	0.04	3.02
500.00	0.00	1.74
836.87	0.04	1.62
264.71	0.00	1.03
500.00	0.00	0.59
837.21	0.00	2.15
264.60	0.04	3.39
500.00	0.00	1.27
837.21	0.00	0.55
264.71	0.00	2.06
500.00	0.00	2.78
837.06	0.02	2.22
264.71	0.00	2.24
500.00	0.00	0.63
837.06	0.02	1.53
264.66	0.02	1.07
499.82	0.04	1.84
837.21	0.00	2.05
264.66	0.02	2.12
499.91	0.02	1.68
837.21	0.00	0.51
264.66	0.02	1.60
499.91	0.02	0.65
837.21	0.00	0.97
264.61	0.04	3.38
499.91	0.02	1.89
837.21	0.00	2.63
264.65	0.02	1.44
499.91	0.02	2.25
836.92	0.04	3.12
264.66	0.02	1.12
499.91	0.02	1.03
836.92	0.04	1.58
264.71	0.00	0.65
500.00	0.00	1.41
837.06	0.02	1.06
264.71	0.00	2.10
499.80	0.04	2.24
837.21	0.00	0.50
264.71	0.00	2.53
499.91	0.02	0.56
837.06	0.02	1.02
264.61	0.04	3.46
500.00	0.00	2.36
837.06	0.02	1.64
264.61	0.04	3.61
500.00	0.00	1.06
837.21	0.00	2.10
264.57	0.05	2.82
499.82	0.04	1.55
837.06	0.02	0.54
264.71	0.00	2.08
500.00	0.00	2.54
837.21	0.00	0.56
264.66	0.02	1.28
500.00	0.00	2.30
837.21	0.00	1.42
264.61	0.04	2.96
499.91	0.02	3.92
837.21	0.00	0.96
264.71	0.00	2.31
499.91	0.02	3.23
837.21	0.00	1.06
264.71	0.00	1.07
499.91	0.02	2.10
836.92	0.04	2.74
264.71	0.00	1.95
500.00	0.00	1.81
837.21	0.00	3.76
264.71	0.00	3.74
499.91	0.02	3.66
836.92	0.04	3.28
264.66	0.02	1.63
500.00	0.00	0.91
837.21	0.00	1.94
264.71	0.00	1.05
499.91	0.02	2.22
837.06	0.02	1.46
264.71	0.00	1.61
499.91	0.02	0.60
837.21	0.00	2.49
264.71	0.00	1.15
500.00	0.00	1.28
837.06	0.02	2.44
264.71	0.00	2.63
499.91	0.02	2.82
837.21	0.00	2.64
264.61	0.04	2.87
500.00	0.00	2.17
837.06	0.02	2.08
264.66	0.02	1.77
500.00	0.00	1.07
837.21	0.00	2.38
264.71	0.00	1.35
500.00	0.00	0.69
836.77	0.05	3.49
264.66	0.02	2.59
500.00	0.00	1.71
837.21	0.00	1.51
264.71	0.00	1.48
499.91	0.02	2.26
837.06	0.02	3.21
264.61	0.04	3.38
499.74	0.05	1.96
837.21	0.00	0.53
264.66	0.02	2.69
499.91	0.02	0.62
837.06	0.02	2.65
264.66	0.02	0.53
499.82	0.04	2.20
837.21	0.00	1.56
264.71	0.00	1.12
500.00	0.00	2.01
837.21	0.00	0.55
264.57	0.05	2.08
499.91	0.02	1.57
837.21	0.00	1.72
264.71	0.00	1.31
499.82	0.04	2.89
837.21	0.00	1.62
264.60	0.04	3.32
499.91	0.02	2.52
837.06	0.02	1.44
264.61	0.04	2.43
500.00	0.00	1.09
836.92	0.04	3.15
264.71	0.00	1.25
499.91	0.02	2.16
837.21	0.00	0.55
264.61	0.04	2.42
500.00	0.00	2.61
837.21	0.00	1.59
264.71	0.00	1.59
499.82	0.04	2.40
837.06	0.02	2.57
264.57	0.05	3.74
500.00	0.00	0.59
837.06	0.02	2.00
264.66	0.02	0.58
499.82	0.04	3.91
837.06	0.02	2.79
264.66	0.02	1.93
499.91	0.02	3.25
837.21	0.00	1.02
264.66	0.02	2.26
499.91	0.02	1.94
836.92	0.04	2.20
264.71	0.00	2.06
500.00	0.00	1.10
837.21	0.00	2.12
264.71	0.00	1.73
500.00	0.00	1.65
837.02	0.02	1.57
264.71	0.00	1.72
500.00	0.00	0.59
837.06	0.02	2.07
264.71	0.00	1.69
499.91	0.02	1.80
836.92	0.04	2.52
264.71	0.00	0.45
500.00	0.00	0.64
837.02	0.02	1.98
264.61	0.04	3.12
499.91	0.02	2.26
837.21	0.00	1.49
264.65	0.02	1.09
500.00	0.00	2.57
837.21	0.00	2.50
264.66	0.02	1.53
499.80	0.04	2.22
837.06	0.02	1.20
264.61	0.04	3.42
500.00	0.00	2.59
837.02	0.02	1.11
