3000.00	0.00	4.96
6000.00	0.00	4.06
3000.00	0.00	4.06
2489.63	0.00	5.62
2489.63	0.00	3.71
2486.58	0.12	4.72
4500.00	0.00	4.96
4500.00	0.00	4.51
4500.00	0.00	4.51
3451.76	0.09	4.70
3454.89	0.00	2.35
3454.89	0.00	4.15
3293.34	0.20	21.41
2622.94	0.00	27.64
705.09	0.00	31.85
2192.45	0.00	9.31
2192.45	0.00	6.96
2190.46	0.09	6.96
3000.00	0.00	4.96
3000.00	0.00	4.06
3000.00	0.00	5.41
3600.00	0.00	3.61
3600.00	0.00	5.41
3600.00	0.00	4.96
9000.00	0.00	2.71
6000.00	0.00	3.61
6000.00	0.00	1.80
8071.18	0.00	5.69
7995.88	0.14	6.17
15991.76	0.14	4.20
2777.78	0.00	4.84
2773.88	0.14	5.40
2773.88	0.14	3.94
4228.52	0.16	3.95
4235.29	0.00	3.50
4235.29	0.00	3.50
3600.00	0.00	4.06
3600.00	0.00	2.26
3600.00	0.00	3.61
6000.00	0.00	3.16
6000.00	0.00	3.16
6000.00	0.00	2.26
3000.00	0.00	2.71
6000.00	0.00	3.38
3000.00	0.00	3.61
9000.00	0.00	2.71
4500.00	0.00	3.61
4500.00	0.00	3.16
3600.00	0.00	8.12
3600.00	0.00	7.22
3600.00	0.00	5.41
4833.59	0.11	7.62
2419.35	0.00	5.16
2419.35	0.00	3.81
9644.91	0.00	15.38
4833.46	0.14	14.53
4823.59	0.28	25.17
18000.00	0.00	0.45
0.00	100.00	0.00
0.00	100.00	0.00
3000.00	0.00	6.32
3000.00	0.00	4.51
3000.00	0.00	6.32
2782.97	0.12	5.38
2782.97	0.12	3.92
2786.38	0.00	4.82
0.00	100.00	0.00
3600.00	20.00	13.25
900.00	0.00	11.02
1735.66	0.00	39.28
1721.88	0.00	51.80
3440.64	0.09	21.61
3314.92	0.00	4.80
3311.91	0.09	2.45
3311.41	0.11	4.35
4500.00	0.00	4.96
4500.00	0.00	3.61
4500.00	0.00	4.06
3000.00	0.00	4.51
3000.00	0.00	2.26
3000.00	0.00	3.61
2187.12	0.00	9.33
2187.12	0.00	7.43
2184.45	0.12	7.09
4275.53	0.00	3.25
4275.53	0.00	3.70
4271.66	0.09	4.25
18000.00	0.00	0.45
0.00	100.00	0.00
0.00	100.00	0.00
2571.43	0.00	4.51
2571.43	0.00	3.61
2571.43	0.00	5.41
3000.00	0.00	6.77
3000.00	0.00	6.32
3000.00	0.00	5.86
4500.00	0.00	4.06
4500.00	0.00	3.61
4500.00	0.00	2.26
6000.00	0.00	1.80
6000.00	0.00	0.90
6000.00	0.00	1.35
5602.39	0.09	4.35
5602.39	0.09	2.00
5607.48	0.00	5.70
8181.82	0.00	2.98
1636.36	0.00	7.22
6545.45	0.00	5.98
3000.00	0.00	4.96
3000.00	0.00	3.61
3000.00	0.00	4.51
3308.82	0.00	2.81
3308.82	0.00	4.36
3301.78	0.21	3.47
4500.00	0.00	4.51
4500.00	0.00	3.61
4500.00	0.00	4.06
1994.68	0.00	41.95
4005.32	0.00	10.11
1994.68	0.00	38.79
4265.40	0.00	3.71
4260.89	0.11	3.26
4265.40	0.00	2.26
2243.27	0.00	39.25
4504.49	0.00	19.54
2243.27	0.00	27.07
3600.00	0.00	4.06
3600.00	0.00	3.16
3600.00	0.00	2.26
2250.00	0.00	6.77
4500.00	0.00	4.29
2250.00	0.00	5.41
2893.89	0.00	6.41
2893.89	0.00	6.87
2890.83	0.11	6.42
3000.00	0.00	4.96
3000.00	0.00	3.61
3000.00	0.00	4.51
2571.43	0.00	4.96
2571.43	0.00	4.06
2571.43	0.00	5.86
4500.00	0.00	3.61
4500.00	0.00	3.16
4500.00	0.00	2.26
6000.00	0.00	3.61
9000.00	0.00	2.56
6000.00	0.00	1.80
1106.82	0.14	9.70
4433.50	0.00	11.81
5541.87	0.00	1.92
2000.00	0.00	9.47
2000.00	0.00	7.22
2000.00	0.00	8.57
4500.00	0.00	4.96
4500.00	0.00	4.06
9000.00	0.00	2.71
4500.00	0.00	3.61
4500.00	0.00	3.16
4500.00	0.00	3.16
3032.47	0.27	5.36
3040.54	0.00	2.56
3033.52	0.23	4.81
8281.53	0.09	4.54
7970.24	0.00	4.44
16259.30	0.00	2.87
3451.76	0.09	5.81
3454.89	0.00	5.71
3450.05	0.14	4.47
3600.00	0.00	4.06
3600.00	0.00	4.06
3600.00	0.00	4.51
4275.53	0.00	6.15
4275.53	0.00	4.80
4271.66	0.09	4.35
5157.59	0.00	3.49
5157.59	0.00	3.94
5142.11	0.30	3.72
18000.00	0.00	0.45
0.00	100.00	0.00
0.00	100.00	0.00
2890.83	0.11	6.62
2893.89	0.00	7.06
2893.89	0.00	6.51
3298.12	0.14	6.48
3302.75	0.00	5.01
3299.76	0.09	7.04
4275.53	0.00	4.25
4275.53	0.00	3.70
4271.66	0.09	2.45
4500.00	0.00	3.16
4500.00	0.00	2.26
4500.00	0.00	4.06
2706.77	0.00	7.35
2706.77	0.00	2.90
2698.59	0.30	7.37
3441.68	0.00	3.71
3437.47	0.12	3.27
3441.68	0.00	4.16
3000.00	0.00	6.32
3000.00	0.00	4.51
3000.00	0.00	6.32
3448.28	0.00	4.71
3448.28	0.00	3.71
3444.63	0.11	2.91
4500.00	0.00	3.16
4500.00	0.00	3.61
4500.00	0.00	1.80
5584.15	0.11	3.36
5590.06	0.00	3.26
5590.06	0.00	1.90
0.00	100.00	0.00
3600.00	0.00	6.77
3600.00	0.00	17.14
4500.00	0.00	3.61
4500.00	0.00	4.06
4500.00	0.00	3.61
2571.43	0.00	7.67
2571.43	0.00	6.77
2571.43	0.00	6.32
3314.92	0.00	4.80
3314.92	0.00	2.35
3308.41	0.20	4.36
2795.03	0.00	4.91
2789.12	0.21	3.01
2795.03	0.00	4.46
2571.43	0.00	7.67
2571.43	0.00	5.41
2571.43	0.00	7.67
4500.00	0.00	4.06
9000.00	0.00	2.71
4500.00	0.00	5.41
3444.63	0.11	4.71
3448.28	0.00	3.71
3448.28	0.00	2.81
4500.00	0.00	9.02
5625.00	0.00	1.89
1125.00	0.00	9.47
6000.00	0.00	4.06
6000.00	0.00	1.80
6000.00	0.00	4.06
3224.36	0.00	12.59
4026.19	0.11	5.04
805.10	0.12	13.00
2778.17	0.14	5.05
2778.67	0.12	3.03
2782.07	0.00	4.48
6000.00	0.00	3.61
9000.00	0.00	2.56
6000.00	0.00	1.80
3600.00	0.00	4.06
3600.00	0.00	2.26
3600.00	0.00	4.51
5981.06	0.26	14.49
5996.80	0.00	12.18
5996.80	0.00	9.02
2493.07	0.00	7.61
2490.44	0.11	6.17
2493.07	0.00	6.51
3789.47	0.00	4.74
3789.47	0.00	10.26
947.37	0.00	11.28
2880.57	0.14	8.00
2884.62	0.00	8.10
2884.62	0.00	3.27
6000.00	0.00	2.48
6000.00	0.00	1.58
9000.00	0.00	2.11
2898.55	0.00	6.60
2895.92	0.09	5.70
2898.55	0.00	6.15
6000.00	0.00	4.06
4800.00	0.00	8.01
1200.00	0.00	9.02
0.00	100.00	0.00
3435.11	0.00	5.63
3435.11	0.00	15.08
3296.70	0.00	4.38
3293.22	0.11	4.93
3292.08	0.14	2.57
3600.00	0.00	4.06
3600.00	0.00	2.26
3600.00	0.00	3.16
4500.00	0.00	3.16
4500.00	0.00	1.80
4500.00	0.00	3.61
4500.00	0.00	4.96
9000.00	0.00	2.71
4500.00	0.00	4.06
3789.47	0.00	4.74
3789.47	0.00	10.26
947.37	0.00	11.28
2250.00	0.00	5.86
2250.00	0.00	4.51
4500.00	0.00	4.74
6000.00	0.00	1.80
6000.00	0.00	1.35
6000.00	0.00	1.80
2793.88	0.20	5.46
2799.38	0.00	2.45
2799.38	0.00	4.45
4500.00	0.00	18.00
2163.46	0.00	29.32
2336.54	0.00	24.64
0.00	100.00	0.00
3600.00	0.00	5.41
3600.00	0.00	14.44
5584.15	0.11	4.36
5590.06	0.00	3.46
5590.06	0.00	1.90
3600.00	0.00	4.51
3600.00	0.00	3.61
3600.00	0.00	2.71
18000.00	0.00	0.45
0.00	100.00	0.00
0.00	100.00	0.00
5992.04	0.00	15.95
2984.08	0.00	32.03
3007.96	0.00	25.06
2880.57	0.14	8.46
0.00	100.00	0.00
2884.62	0.00	17.79
3000.00	0.00	4.51
3000.00	0.00	3.61
6000.00	0.00	3.38
3600.00	0.00	4.06
3600.00	0.00	2.26
3600.00	0.00	3.16
4245.28	0.00	0.90
4239.33	0.14	1.92
8490.57	0.00	1.41
3000.00	0.00	7.22
3000.00	0.00	6.77
3000.00	0.00	5.86
1636.36	0.00	6.77
8181.82	0.00	2.98
6545.45	0.00	6.88
4239.33	0.14	3.83
4245.28	0.00	3.27
4245.28	0.00	3.27
3296.70	0.00	4.81
3296.70	0.00	2.35
3288.44	0.25	4.37
14616.25	0.12	0.56
0.00	100.00	0.00
0.00	100.00	0.00
3444.63	0.11	4.16
3443.44	0.14	3.61
3448.28	0.00	3.16
2489.63	0.00	5.52
2486.58	0.12	4.17
4979.25	0.00	4.39
4500.00	0.00	1.80
4500.00	0.00	2.26
4500.00	0.00	1.35
4245.28	0.00	3.83
4245.28	0.00	2.36
4239.33	0.14	2.48
3000.00	0.00	4.96
3000.00	0.00	3.61
3000.00	0.00	4.51
1211.63	0.00	63.61
2374.80	0.00	41.20
1211.63	0.00	60.00
0.00	100.00	0.00
2885.71	0.12	19.24
2889.25	0.00	9.78
3039.25	0.21	10.65
0.00	100.00	0.00
3038.05	0.25	17.10
3600.00	0.00	4.06
3600.00	0.00	2.26
3600.00	0.00	3.61
3050.03	0.20	5.31
3048.51	0.25	4.31
3056.03	0.00	3.11
2494.27	0.09	7.96
2496.53	0.00	5.60
2496.53	0.00	6.05
3000.00	0.00	4.51
3000.00	0.00	2.26
3000.00	0.00	3.61
3435.11	0.00	4.17
3435.11	0.00	3.16
6860.59	0.14	1.86
2799.38	0.00	5.26
2799.38	0.00	4.25
2793.88	0.20	3.36
1571.71	0.20	7.17
7874.02	0.00	2.96
6299.21	0.00	7.12
3173.49	0.21	5.67
3176.85	0.11	4.66
3180.21	0.00	5.11
847.36	0.11	12.39
4241.28	0.00	4.73
3393.03	0.00	12.42
4500.00	0.00	3.61
4500.00	0.00	3.16
4500.00	0.00	3.16
3600.00	0.00	5.41
3600.00	0.00	5.41
3600.00	0.00	3.61
14738.50	0.11	0.55
0.00	100.00	0.00
0.00	100.00	0.00
3000.00	0.00	4.51
3000.00	0.00	4.96
3000.00	0.00	3.61
1628.08	0.00	59.09
1641.10	0.00	34.46
1628.08	0.00	49.62
2571.43	0.00	5.41
2571.43	0.00	3.61
2571.43	0.00	4.51
2893.89	0.00	6.41
2893.89	0.00	5.51
2888.60	0.18	5.52
18000.00	0.00	0.45
0.00	100.00	0.00
0.00	100.00	0.00
4500.00	0.00	4.96
4500.00	0.00	5.41
4500.00	0.00	4.06
2795.03	0.00	9.52
2792.08	0.11	8.07
2792.08	0.11	8.63
3000.00	0.00	4.96
3000.00	0.00	3.61
3000.00	0.00	2.71
4500.00	0.00	3.61
4500.00	0.00	2.71
4500.00	0.00	3.16
2900.99	0.08	7.04
2903.23	0.00	5.14
2903.23	0.00	5.14
4059.54	0.00	6.00
811.17	0.09	11.01
3243.07	0.14	12.04
733.06	0.00	68.97
2725.25	0.00	43.53
3453.15	0.00	19.33
3600.00	0.00	6.77
720.00	0.00	12.18
2880.00	0.00	15.79
5572.76	0.00	433.65
5565.94	0.12	200.64
10217.92	0.00	236.68
18000.00	0.00	0.45
0.00	100.00	0.00
0.00	100.00	0.00
3000.00	0.00	6.32
3000.00	0.00	4.51
3000.00	0.00	7.22
4500.00	0.00	4.96
4500.00	0.00	4.06
9000.00	0.00	2.71
5584.15	0.11	3.46
5590.06	0.00	3.00
5590.06	0.00	1.90
4059.52	0.09	6.00
4063.21	0.00	2.19
4058.91	0.11	2.55
18000.00	0.00	0.45
0.00	100.00	0.00
0.00	100.00	0.00
3430.29	0.14	4.39
3435.11	0.00	3.48
3435.11	0.00	3.93
4492.80	0.16	2.94
4500.00	0.00	3.72
4500.00	0.00	3.27
4297.20	0.00	11.80
2192.45	0.00	16.62
2278.08	0.09	12.26
4245.28	0.00	3.83
4245.28	0.00	3.37
4239.33	0.14	2.02
4260.89	0.11	3.81
4265.40	0.00	1.90
4265.40	0.00	3.26
2571.43	0.00	7.67
2571.43	0.00	6.77
2571.43	0.00	6.32
0.00	100.00	0.00
3435.11	0.00	15.99
3435.11	0.00	5.63
5625.00	0.00	4.24
4500.00	0.00	8.57
1125.00	0.00	9.47
4500.00	0.00	3.26
4500.00	0.00	3.71
4495.24	0.11	2.01
18000.00	0.00	0.45
0.00	100.00	0.00
0.00	100.00	0.00
4500.00	0.00	4.96
4500.00	0.00	4.06
9000.00	0.00	2.71
3430.29	0.14	4.28
3435.11	0.00	3.72
3435.11	0.00	4.73
0.00	100.00	0.00
6000.00	0.00	9.02
6000.00	0.00	3.61
4255.32	0.00	2.36
4255.32	0.00	1.35
4250.12	0.12	1.91
1602.58	0.11	6.97
8021.39	0.00	1.46
6417.11	0.00	7.00
4500.00	0.00	4.96
4500.00	0.00	4.06
4500.00	0.00	4.06
0.00	100.00	0.00
3600.00	0.00	15.66
3600.00	0.00	5.52
3292.08	0.14	4.93
3296.70	0.00	3.82
3293.22	0.11	3.02
5787.78	0.00	2.58
2890.83	0.11	1.45
2893.89	0.00	2.81
3000.00	0.00	6.77
3000.00	0.00	6.32
3000.00	0.00	3.16
0.00	100.00	0.00
2571.43	0.00	5.41
5142.86	0.00	10.38
4500.00	0.00	4.96
4500.00	0.00	4.06
4500.00	0.00	4.06
2769.23	0.00	17.59
692.31	0.00	12.63
3461.54	0.00	8.48
3435.11	0.00	4.73
3430.29	0.14	2.48
3435.11	0.00	2.81
14495.76	0.14	0.56
0.00	100.00	0.00
0.00	100.00	0.00
3600.00	0.00	3.61
3600.00	0.00	1.80
3600.00	0.00	3.16
3600.00	0.00	6.32
3600.00	0.00	4.96
3600.00	0.00	6.77
4500.00	0.00	3.61
4500.00	0.00	3.16
18000.00	0.00	0.90
2884.62	0.00	6.53
2880.57	0.14	3.38
5769.23	0.00	1.86
2803.74	0.00	6.60
2803.74	0.00	7.05
2798.65	0.18	6.61
2571.43	0.00	5.41
2571.43	0.00	3.61
2571.43	0.00	4.51
4500.00	0.00	5.41
4500.00	0.00	4.96
4500.00	0.00	4.06
6000.00	0.00	3.61
9000.00	0.00	2.56
6000.00	0.00	1.80
4500.00	0.00	4.96
4500.00	0.00	2.26
4500.00	0.00	4.06
4500.00	0.00	3.61
4500.00	0.00	2.26
4500.00	0.00	2.26
4500.00	0.00	4.96
4500.00	0.00	4.06
4493.69	0.14	4.17
3600.00	0.00	5.51
3596.19	0.11	4.26
3600.00	0.00	5.51
3600.00	0.00	4.06
3600.00	0.00	4.51
3600.00	0.00	3.61
5555.56	0.00	1.91
5547.76	0.14	1.46
5555.56	0.00	1.91
857.14	0.00	12.18
3428.57	0.00	13.19
4285.71	0.00	4.69
3000.00	0.00	6.32
3000.00	0.00	4.51
3000.00	0.00	6.32
1898.73	0.00	9.00
1893.41	0.28	7.22
3797.47	0.00	5.18
3600.00	0.00	4.51
3600.00	0.00	3.61
3600.00	0.00	2.71
3600.00	0.00	5.86
3600.00	0.00	6.32
3600.00	0.00	5.41
1636.36	0.00	6.77
8181.82	0.00	2.98
6545.45	0.00	6.88
4500.00	0.00	3.61
4500.00	0.00	3.83
6750.00	0.00	3.46
2795.03	0.00	5.26
2795.03	0.00	4.26
5584.15	0.11	4.36
3600.00	0.00	7.22
9000.00	0.00	2.71
3600.00	0.00	4.96
3448.28	0.00	3.81
3448.28	0.00	4.71
3444.63	0.11	2.46
3308.41	0.20	5.00
3314.92	0.00	3.99
3314.92	0.00	2.90
2486.19	0.00	5.52
2486.19	0.00	3.61
2482.70	0.14	4.63
4260.89	0.11	3.81
4265.40	0.00	3.26
4265.40	0.00	3.26
3000.00	0.00	6.77
3000.00	0.00	4.96
3000.00	0.00	3.16
2884.62	0.00	5.18
2880.57	0.14	3.83
2884.62	0.00	4.73
4902.22	0.32	5.22
4918.03	0.00	2.10
4918.03	0.00	1.75
3000.00	0.00	4.96
3000.00	0.00	3.61
3000.00	0.00	4.51
3000.00	0.00	4.96
3000.00	0.00	3.61
3000.00	0.00	4.51
4265.40	0.00	3.81
4260.89	0.11	3.36
4260.19	0.12	1.91
2712.47	0.09	7.34
2709.97	0.18	5.44
2714.93	0.00	5.43
4035.73	0.23	4.58
4044.94	0.00	4.02
4044.94	0.00	2.46
3000.00	0.00	4.96
3000.00	0.00	3.61
3000.00	0.00	4.51
2571.43	0.00	5.41
2571.43	0.00	3.61
2571.43	0.00	4.51
3600.00	0.00	5.86
3600.00	0.00	4.06
3600.00	0.00	4.51
3600.00	0.00	6.32
3600.00	0.00	4.51
3600.00	0.00	4.06
3451.76	0.09	5.25
3454.89	0.00	4.25
3454.89	0.00	6.24
3444.63	0.11	5.72
3448.28	0.00	5.81
3448.28	0.00	3.91
2890.83	0.11	6.62
2893.89	0.00	5.16
2893.89	0.00	5.61
1811.50	0.00	34.91
1797.12	0.00	46.01
3579.87	0.00	28.08
2893.89	0.00	7.06
2893.89	0.00	6.51
2890.83	0.11	3.36
18000.00	0.00	0.45
0.00	100.00	0.00
0.00	100.00	0.00
2796.42	0.11	3.81
2796.84	0.09	4.80
2799.38	0.00	5.25
3454.89	0.00	4.70
3451.76	0.09	3.80
3454.89	0.00	4.70
2241.04	0.00	29.77
2241.04	0.00	36.09
4500.00	0.00	9.66
2571.43	0.00	5.41
2571.43	0.00	3.61
2571.43	0.00	4.51
4918.03	0.00	1.46
4907.56	0.21	3.11
4912.83	0.11	2.01
3000.00	0.00	4.51
3000.00	0.00	2.26
3000.00	0.00	3.61
5294.12	0.00	6.23
1058.82	0.00	10.38
4235.29	0.00	9.25
1696.80	0.11	41.34
1685.12	0.00	47.36
3367.17	0.09	23.07
4500.00	0.00	2.26
4500.00	0.00	1.35
4500.00	0.00	1.80
3600.00	0.00	4.51
3600.00	0.00	3.61
3600.00	0.00	2.71
4271.66	0.09	5.25
4275.53	0.00	4.25
4275.53	0.00	4.25
2422.61	0.00	7.70
2420.05	0.11	7.81
2417.85	0.20	7.26
3559.63	0.00	23.70
2810.23	0.00	26.45
754.38	0.14	35.71
6000.00	0.00	4.51
6000.00	0.00	1.80
18000.00	0.00	0.90
18000.00	0.00	0.45
0.00	100.00	0.00
0.00	100.00	0.00
2890.83	0.11	5.17
2893.89	0.00	3.71
2893.89	0.00	4.61
3441.68	0.00	6.52
3437.47	0.12	5.07
3438.04	0.11	4.72
3000.00	0.00	6.32
3000.00	0.00	4.51
3000.00	0.00	6.32
9000.00	0.00	2.26
9000.00	0.00	1.35
18000.00	0.00	0.90
3029.52	0.00	17.11
6050.53	0.14	6.16
2913.00	0.00	18.71
3000.00	0.00	6.32
3000.00	0.00	6.77
3000.00	0.00	6.32
6000.00	0.00	2.71
6000.00	0.00	2.26
6000.00	0.00	2.71
2496.53	0.00	7.86
2496.53	0.00	6.96
2491.63	0.20	5.61
3448.28	0.00	4.71
3444.63	0.11	2.46
3448.28	0.00	4.26
3600.00	0.00	4.51
3600.00	0.00	3.61
3600.00	0.00	2.71
4500.00	0.00	4.06
4500.00	0.00	3.61
4500.00	0.00	4.06
3444.63	0.11	4.81
3448.28	0.00	3.46
3448.28	0.00	3.91
3000.00	0.00	6.32
3000.00	0.00	4.51
3000.00	0.00	6.32
6000.00	0.00	3.16
18000.00	0.00	0.90
6000.00	0.00	1.80
5000.00	0.00	6.50
4000.00	0.00	11.16
1000.00	0.00	8.57
3000.00	0.00	4.96
3000.00	0.00	3.61
3000.00	0.00	4.51
4500.00	0.00	4.96
4500.00	0.00	4.06
9000.00	0.00	2.71
958.47	0.00	47.66
3408.92	0.00	16.31
2484.08	0.00	31.92
4500.00	0.00	3.61
4500.00	0.00	1.80
4500.00	0.00	1.80
6000.00	0.00	2.71
6000.00	0.00	1.35
6000.00	0.00	1.35
3461.54	0.00	9.38
692.31	0.00	12.63
2769.23	0.00	14.10
4017.86	0.00	5.29
4017.86	0.00	4.84
4006.59	0.28	4.85
2898.55	0.00	6.60
2898.55	0.00	6.15
2895.92	0.09	5.70
3600.00	0.00	4.51
3600.00	0.00	2.26
3600.00	0.00	4.06
3296.70	0.00	4.82
3288.60	0.25	3.93
3296.70	0.00	4.82
3161.70	0.23	4.69
3164.57	0.14	2.57
3165.14	0.12	4.14
3600.00	0.00	4.06
3600.00	0.00	3.16
3600.00	0.00	3.61
2885.71	0.12	7.09
2889.25	0.00	6.52
2889.25	0.00	3.26
6000.00	0.00	1.80
6000.00	0.00	1.35
6000.00	0.00	1.80
2895.92	0.09	5.70
2898.55	0.00	2.80
2898.55	0.00	5.25
3600.00	0.00	5.41
3600.00	0.00	4.51
3600.00	0.00	4.06
3448.28	0.00	18.84
0.00	100.00	0.00
3444.63	0.11	5.72
2686.57	0.00	5.48
2678.50	0.30	4.04
2684.13	0.09	5.03
2895.92	0.09	6.61
2898.55	0.00	4.70
2898.55	0.00	6.50
3428.57	0.00	4.74
3423.09	0.16	2.49
3428.57	0.00	2.37
4046.76	0.00	8.03
808.22	0.14	12.87
3237.41	0.00	13.70
3000.00	0.00	6.77
3000.00	0.00	4.96
3000.00	0.00	6.77
4500.00	0.00	4.51
4500.00	0.00	4.06
4500.00	0.00	2.26
4500.00	0.00	9.02
5625.00	0.00	3.79
1125.00	0.00	7.67
18000.00	0.00	0.45
0.00	100.00	0.00
0.00	100.00	0.00
3454.89	0.00	4.15
3454.89	0.00	3.70
3451.76	0.09	4.70
3000.00	0.00	4.96
3000.00	0.00	3.61
3000.00	0.00	4.51
2486.19	0.00	5.52
2486.19	0.00	4.17
2482.70	0.14	6.09
3448.28	0.00	4.71
3448.28	0.00	3.71
3444.63	0.11	2.91
4500.00	0.00	2.26
4500.00	0.00	1.35
4500.00	0.00	1.80
0.00	100.00	0.00
2571.43	0.00	23.01
2571.43	0.00	9.92
5555.56	0.00	2.26
5547.76	0.14	2.82
5555.56	0.00	2.71
4239.33	0.14	3.83
4245.28	0.00	3.27
4245.28	0.00	3.27
6000.00	0.00	3.16
6000.00	0.00	1.80
6000.00	0.00	2.71
4245.28	0.00	3.72
4245.28	0.00	3.27
4239.33	0.14	2.37
3600.00	0.00	9.02
3600.00	0.00	14.44
0.00	100.00	0.00
2893.89	0.00	4.96
2893.89	0.00	4.51
2890.83	0.11	6.87
2482.70	0.14	8.00
2486.19	0.00	8.10
2486.19	0.00	7.20
3600.00	0.00	4.51
3600.00	0.00	3.61
3600.00	0.00	2.71
18000.00	0.00	0.90
3600.00	0.00	3.61
3600.00	0.00	4.51
3430.29	0.14	4.73
3435.11	0.00	3.72
3432.00	0.09	4.72
0.00	100.00	0.00
2792.08	0.11	6.82
2795.03	0.00	21.69
3448.28	0.00	5.61
3444.63	0.11	5.62
3448.28	0.00	2.81
3600.00	0.00	4.51
3600.00	0.00	3.61
3600.00	0.00	2.71
7407.41	0.00	1.55
7407.41	0.00	1.55
7392.86	0.20	4.01
2890.83	0.11	4.71
2893.89	0.00	5.16
2893.89	0.00	3.71
4255.34	0.11	22.59
8526.51	0.00	13.97
4259.85	0.00	21.84
4500.00	0.00	3.61
4500.00	0.00	3.61
4500.00	0.00	3.16
2496.53	0.00	7.86
2494.27	0.09	6.96
2496.53	0.00	6.50
3000.00	0.00	4.96
3000.00	0.00	3.61
3000.00	0.00	4.06
2571.43	0.00	7.67
2571.43	0.00	5.41
2571.43	0.00	7.67
2571.43	0.00	6.77
2571.43	0.00	5.86
2571.43	0.00	6.77
3600.00	0.00	6.32
3600.00	0.00	5.41
3600.00	0.00	5.86
4245.28	0.00	1.91
4245.28	0.00	2.36
4239.33	0.14	1.46
2803.74	0.00	2.35
2803.74	0.00	3.70
2798.61	0.18	5.25
1551.37	0.11	30.25
1437.98	0.00	32.12
1437.98	0.00	36.63
4499.96	0.00	37.44
8956.76	0.16	21.84
4499.96	0.00	34.28
4058.91	0.11	593.07
4059.52	0.09	497.37
4740.41	0.00	678.20
3454.89	0.00	4.61
3451.76	0.09	3.71
3454.89	0.00	2.80
2184.47	0.00	9.24
2181.40	0.14	6.09
2184.47	0.00	8.34
6610.65	0.11	3.68
3308.82	0.00	4.16
3308.82	0.00	5.71
2571.43	0.00	7.67
2571.43	0.00	6.77
2571.43	0.00	6.32
3600.00	0.00	4.06
3600.00	0.00	3.61
3600.00	0.00	4.51
5602.39	0.09	3.45
5607.48	0.00	1.90
5607.48	0.00	3.44
3448.28	0.00	4.61
3448.28	0.00	2.26
3444.63	0.11	4.16
5555.56	0.00	3.37
5547.76	0.14	3.49
5555.56	0.00	3.37
3000.00	0.00	4.96
3000.00	0.00	4.06
3000.00	0.00	5.41
3600.00	0.00	6.77
2880.00	0.00	15.45
719.24	0.11	12.29
6000.00	0.00	2.71
6000.00	0.00	3.16
6000.00	0.00	3.16
5000.00	0.00	4.15
4000.00	0.00	12.18
1000.00	0.00	12.63
3000.00	0.00	6.77
3000.00	0.00	5.86
3000.00	0.00	4.51
2895.92	0.09	5.25
2898.55	0.00	3.89
2898.55	0.00	4.80
6000.00	0.00	3.16
6000.00	0.00	2.71
6000.00	0.00	1.80
4543.69	0.00	14.31
2271.84	0.00	21.69
2184.47	0.00	27.07
5590.06	0.00	1.80
5590.06	0.00	1.35
5584.15	0.11	1.91
3428.57	0.00	11.84
4285.71	0.00	4.69
857.14	0.00	10.83
2571.43	0.00	7.67
2571.43	0.00	7.67
2571.43	0.00	6.77
3000.00	0.00	10.83
600.00	0.00	14.44
2400.00	0.00	18.95
4024.39	0.11	6.05
804.60	0.14	11.10
3222.92	0.00	12.12
3295.23	0.23	5.03
3302.75	0.00	4.02
3302.75	0.00	2.91
1906.78	0.00	9.53
1902.72	0.21	6.74
1906.78	0.00	8.63
3430.29	0.14	3.94
3435.11	0.00	3.48
3435.11	0.00	4.38
3600.00	0.00	4.06
3600.00	0.00	4.51
3600.00	0.00	3.61
3600.00	0.00	4.06
3600.00	0.00	2.26
3600.00	0.00	3.61
4265.40	0.00	3.71
4260.89	0.11	3.26
4265.40	0.00	1.80
2422.61	0.00	5.70
2420.05	0.11	3.81
2420.41	0.09	4.80
949.67	0.00	67.11
3557.46	0.00	35.59
4498.63	0.00	15.97
2898.55	0.00	5.06
2898.55	0.00	3.61
2895.92	0.09	4.61
0.00	100.00	0.00
4500.00	0.00	5.41
4500.00	0.00	13.98
3176.22	0.30	4.66
3185.84	0.00	3.55
3181.37	0.14	2.10
3000.00	0.00	6.32
3000.00	0.00	5.86
3000.00	0.00	6.77
2769.23	0.00	18.50
3461.54	0.00	5.59
692.31	0.00	12.63
3451.76	0.09	4.80
3454.89	0.00	4.34
3454.89	0.00	3.89
3026.90	0.28	5.37
3035.41	0.00	2.58
3028.50	0.23	4.81
3600.00	0.00	2.26
3600.00	0.00	1.35
3600.00	0.00	2.71
2571.43	0.00	7.32
2571.43	0.00	6.41
2568.71	0.11	6.42
2131.58	0.00	32.28
4223.39	0.14	20.53
2114.66	0.00	37.03
2808.11	0.00	4.34
2805.56	0.09	5.34
2805.95	0.08	3.89
4016.28	0.26	5.95
4023.19	0.09	4.93
4026.85	0.00	6.38
4500.00	0.00	3.16
4500.00	0.00	1.80
4500.00	0.00	4.51
5205.34	0.23	7.14
0.00	100.00	0.00
5217.39	0.00	11.59
3000.00	0.00	4.51
3000.00	0.00	4.96
3000.00	0.00	3.61
2799.38	0.00	5.26
2799.38	0.00	3.71
2793.88	0.20	4.81
5999.32	0.00	12.23
1275.11	0.00	23.38
4728.28	0.00	16.86
18000.00	0.00	0.45
0.00	100.00	0.00
0.00	100.00	0.00
2490.44	0.11	7.97
2493.07	0.00	7.16
2493.07	0.00	6.51
3000.00	0.00	4.51
3000.00	0.00	4.06
3000.00	0.00	5.41
2884.62	0.00	4.62
2884.62	0.00	3.16
2880.57	0.14	3.72
4500.00	0.00	1.80
4500.00	0.00	2.26
4500.00	0.00	1.35
5547.76	0.14	3.38
5555.56	0.00	1.91
5555.56	0.00	3.27
3600.00	0.00	5.86
3600.00	0.00	4.06
3600.00	0.00	4.51
5572.76	0.00	3.82
5572.76	0.00	3.26
5565.94	0.12	3.82
1040.39	0.12	10.26
4162.89	0.09	12.43
5208.33	0.00	4.02
3292.08	0.14	4.04
3296.70	0.00	4.48
3293.22	0.11	3.59
1506.98	0.00	45.65
2990.03	0.00	23.91
1495.02	0.00	57.74
2425.88	0.00	5.79
2423.31	0.11	3.90
2424.00	0.08	4.89
3600.00	0.00	4.06
3600.00	0.00	4.51
3600.00	0.00	3.61
3600.00	0.00	4.06
5400.00	0.00	4.06
3600.00	0.00	5.64
4500.00	0.00	4.06
4500.00	0.00	4.06
4500.00	0.00	4.51
6000.00	0.00	1.80
6000.00	0.00	0.90
6000.00	0.00	1.35
3591.38	0.00	23.46
1795.69	0.00	32.93
1795.69	0.00	39.70
0.00	100.00	0.00
6000.00	0.00	9.05
8099.53	0.11	3.01
3600.00	0.00	5.86
3600.00	0.00	6.32
3600.00	0.00	6.32
4500.00	0.00	2.26
4500.00	0.00	1.35
4500.00	0.00	1.80
2885.71	0.12	5.73
2889.25	0.00	3.92
2889.25	0.00	4.82
3000.00	0.00	6.32
3000.00	0.00	6.32
3000.00	0.00	6.77
4379.56	0.00	4.34
2189.78	0.00	5.51
2187.47	0.11	5.07
3430.29	0.14	6.65
3435.11	0.00	6.75
3435.11	0.00	5.63
4084.21	0.00	15.00
1143.58	0.00	22.69
2941.87	0.27	19.56
2571.43	0.00	7.67
2571.43	0.00	4.96
2571.43	0.00	6.77
4368.93	0.00	4.34
2184.47	0.00	3.16
2181.40	0.14	5.08
2898.55	0.00	5.15
2895.92	0.09	3.80
2898.55	0.00	4.70
2493.07	0.00	7.97
2490.44	0.11	5.72
2493.07	0.00	7.97
2795.03	0.00	5.26
2792.08	0.11	2.46
2792.08	0.11	4.36
3600.00	0.00	6.32
3600.00	0.00	4.96
3600.00	0.00	4.51
3444.63	0.11	5.72
3448.28	0.00	5.61
3448.28	0.00	4.26
1636.36	0.00	8.12
6545.45	11.11	6.88
7363.64	0.00	3.21
2707.53	0.12	6.10
2705.52	0.20	6.00
2708.75	0.08	7.54
4500.00	0.00	1.35
4500.00	0.00	1.80
4500.00	0.00	2.26
18000.00	0.00	0.45
18000.00	0.00	0.45
0.00	100.00	0.00
2769.23	0.00	17.59
692.31	0.00	12.63
3461.54	0.00	5.59
2786.38	0.00	5.27
2782.47	0.14	3.82
2783.43	0.11	4.82
3530.34	0.00	19.09
4472.30	0.00	14.07
989.45	0.00	23.01
4500.00	0.00	3.61
18000.00	0.00	0.90
4500.00	0.00	3.16
6000.00	0.00	1.80
6000.00	0.00	3.16
6000.00	0.00	3.61
3437.47	0.12	4.27
3441.68	0.00	2.36
3441.68	0.00	3.71
2799.38	0.00	6.44
2793.88	0.20	5.91
2799.38	0.00	4.44
2898.55	0.00	4.15
2898.55	0.00	3.70
2895.92	0.09	5.16
777.54	0.00	13.34
3879.94	0.20	5.74
3110.15	0.00	16.66
2422.61	0.00	10.06
2422.61	0.00	14.85
2417.85	0.20	8.17
3596.19	0.11	6.42
3600.00	0.00	7.92
3600.00	0.00	7.77
2890.83	0.11	11.24
2893.89	0.00	17.74
0.00	100.00	0.00
4663.21	0.00	8.26
1163.34	0.21	9.89
4663.21	0.00	4.18
5247.81	0.00	4.44
5247.81	0.00	2.00
5237.51	0.20	5.91
3032.56	0.26	5.36
3040.54	0.00	2.57
3033.61	0.23	4.80
0.00	100.00	0.00
3441.68	0.00	5.62
3441.68	0.00	15.06
3104.40	0.23	14.64
776.78	0.14	13.57
3885.26	0.11	5.18
2893.89	0.00	7.42
2890.83	0.11	5.62
2893.89	0.00	7.87
3448.28	0.00	4.71
3448.28	0.00	3.71
3444.63	0.11	2.91
4500.00	0.00	3.61
18000.00	0.00	0.90
4500.00	0.00	3.16
4500.00	0.00	5.41
4500.00	0.00	3.61
4500.00	0.00	5.41
3600.00	0.00	4.06
3600.00	0.00	3.61
3600.00	0.00	4.51
1270.50	0.00	36.08
5986.72	0.00	13.11
4724.76	0.00	19.40
3000.00	0.00	6.77
3000.00	0.00	6.32
3000.00	0.00	5.86
4245.28	0.00	3.93
4239.33	0.14	2.02
4245.28	0.00	1.91
3000.00	0.00	6.77
3000.00	0.00	5.86
3000.00	0.00	4.51
6000.00	0.00	3.61
9000.00	0.00	2.56
6000.00	0.00	3.38
0.00	100.00	0.00
5173.54	0.27	10.53
0.00	100.00	0.00
6545.45	0.00	6.20
8181.82	0.00	2.89
1636.36	0.00	6.77
4500.00	0.00	12.25
3242.79	0.00	20.47
1247.23	0.00	27.52
2571.43	0.00	5.41
2571.43	0.00	3.61
2571.43	0.00	4.51
3000.00	0.00	4.96
3000.00	0.00	3.61
3000.00	0.00	4.51
1125.00	0.00	9.47
5625.00	0.00	3.79
4500.00	0.00	10.04
4993.07	0.00	3.93
2496.53	0.00	3.25
2494.27	0.09	2.35
18000.00	0.00	0.45
0.00	100.00	0.00
0.00	100.00	0.00
4500.00	0.00	3.61
4500.00	0.00	3.16
4500.00	0.00	3.61
4049.77	0.11	3.91
4049.77	0.11	3.36
4054.05	0.00	3.26
3600.00	0.00	4.51
3600.00	0.00	3.61
3600.00	0.00	2.71
2893.89	0.00	5.06
2893.89	0.00	3.61
2890.83	0.11	4.62
14495.76	0.14	1.12
9000.00	0.00	1.35
9000.00	0.00	1.35
2571.43	0.00	7.67
2571.43	0.00	4.96
2571.43	0.00	6.77
2250.00	0.00	6.32
4500.00	0.00	6.32
2250.00	0.00	4.96
0.00	100.00	0.00
4500.00	0.00	12.18
4500.00	0.00	2.26
5572.76	0.00	3.47
5565.94	0.12	2.01
5572.76	0.00	1.91
6000.00	0.00	4.06
6000.00	0.00	1.80
5993.66	0.11	3.71
0.00	100.00	0.00
9000.00	0.00	2.71
6000.00	0.00	10.15
2792.50	0.09	4.92
2791.61	0.12	2.47
2795.03	0.00	3.92
3439.79	0.00	24.50
1718.08	0.11	34.62
1719.89	0.00	41.48
4500.00	0.00	2.26
4500.00	0.00	1.35
4500.00	0.00	1.80
5993.66	0.11	3.26
6000.00	0.00	3.26
6000.00	0.00	1.80
2884.62	0.00	4.62
2884.62	0.00	5.07
2880.57	0.14	3.72
0.00	100.00	0.00
2571.43	0.00	9.92
2571.43	0.00	21.65
4500.00	0.00	4.96
4500.00	0.00	4.06
4500.00	0.00	4.06
0.00	100.00	0.00
5590.06	0.00	1.80
5584.15	0.11	9.43
4500.00	0.00	1.80
4500.00	0.00	3.61
4500.00	0.00	1.80
3000.00	0.00	4.96
3000.00	0.00	3.61
3000.00	0.00	2.71
3165.66	0.11	20.12
3161.27	0.24	6.15
0.00	100.00	0.00
0.00	100.00	0.00
3600.00	0.00	5.41
3600.00	0.00	14.44
9000.00	0.00	2.71
6000.00	0.00	3.61
6000.00	0.00	1.80
18000.00	0.00	0.45
0.00	100.00	0.00
0.00	100.00	0.00
2895.92	0.09	5.16
2898.55	0.00	3.70
2898.55	0.00	4.61
3591.38	0.00	23.46
1795.69	0.00	32.93
1795.69	0.00	39.70
0.00	100.00	0.00
3441.68	0.00	16.06
3437.47	0.12	5.73
3000.00	0.00	6.77
3000.00	0.00	5.41
6000.00	0.00	4.06
3273.09	0.28	34.08
9825.92	0.00	14.74
3277.06	0.00	39.34
3600.00	0.00	5.41
3600.00	0.00	4.51
3600.00	0.00	4.51
857.14	0.00	14.44
3428.57	0.00	13.19
4285.71	0.00	4.69
6000.00	0.00	3.16
6000.00	0.00	2.26
6000.00	0.00	1.80
4500.00	0.00	12.18
0.00	100.00	0.00
4500.00	0.00	4.51
2419.35	0.00	8.42
2419.35	0.00	3.26
2414.24	0.21	7.53
2250.00	0.00	8.12
2250.00	0.00	9.47
2250.00	0.00	9.02
3600.00	0.00	5.41
3600.00	0.00	4.06
3600.00	0.00	4.51
2422.61	0.00	8.61
2420.41	0.09	7.16
2420.05	0.11	3.91
2571.43	0.00	5.41
2571.43	0.00	4.96
5142.86	0.00	2.26
3448.28	0.00	2.81
3448.28	0.00	6.51
3444.63	0.11	4.71
2571.43	0.00	8.57
2571.43	0.00	7.22
2571.43	0.00	6.32
3600.00	0.00	18.04
0.00	100.00	0.00
3600.00	0.00	5.41
2222.12	0.00	25.70
4279.64	0.00	18.82
2055.65	0.09	30.74
2571.43	0.00	6.77
2571.43	0.00	8.12
2571.43	0.00	6.77
6000.00	0.00	4.06
6000.00	0.00	1.80
6000.00	0.00	3.61
3000.00	0.00	4.51
3000.00	0.00	2.26
3000.00	0.00	3.61
2880.00	0.00	15.79
3600.00	0.00	5.41
720.00	0.00	14.44
3000.00	0.00	21.65
3000.00	0.00	6.32
0.00	100.00	0.00
3000.00	0.00	4.96
3000.00	0.00	3.61
3000.00	0.00	4.51
0.00	100.00	0.00
3435.11	0.00	17.45
3430.29	0.14	6.20
2893.89	0.00	8.42
0.00	100.00	0.00
2893.89	0.00	17.74
3000.00	0.00	4.96
3000.00	0.00	3.61
3000.00	0.00	4.51
4500.00	0.00	2.71
4500.00	0.00	3.61
4500.00	0.00	3.16
6918.78	0.00	11.22
17572.22	0.00	2.53
1857.61	0.12	14.26
3065.64	0.20	4.00
3062.40	0.30	5.10
3071.67	0.00	1.99
4260.89	0.11	4.59
2132.70	0.00	3.46
2132.70	0.00	5.36
3600.00	0.00	4.06
3600.00	0.00	4.51
3600.00	0.00	3.61
5607.48	0.00	3.44
5602.39	0.09	3.45
5607.48	0.00	1.90
4500.00	0.00	3.61
18000.00	0.00	0.90
4500.00	0.00	3.16
0.00	100.00	0.00
4285.71	0.00	1.98
4282.41	0.08	14.72
2890.83	0.11	5.27
2893.89	0.00	4.81
2893.89	0.00	3.91
4500.00	0.00	7.22
900.00	0.00	11.73
3600.00	0.00	10.38
2803.74	0.00	5.24
2800.77	0.11	3.80
2801.57	0.08	4.79
2137.77	0.00	9.50
2135.83	0.09	8.05
2135.83	0.09	6.61
2417.85	0.20	8.72
3230.15	0.00	9.08
2422.61	0.00	3.80
3444.63	0.11	6.52
3448.28	0.00	5.51
3448.28	0.00	4.61
2898.55	0.00	6.50
2898.55	0.00	6.96
2895.92	0.09	6.51
4493.69	0.14	3.72
4500.00	0.00	3.61
4500.00	0.00	4.06
8954.58	0.11	14.00
4492.81	0.00	30.22
4500.00	0.00	12.16
3600.00	0.00	1.80
3600.00	0.00	3.16
3600.00	0.00	4.06
