264.28	0.16	4.52
472.88	5.42	3.32
837.21	0.00	1.68
264.71	0.00	3.50
499.20	0.16	3.68
837.21	0.00	1.82
264.71	0.00	2.12
500.00	0.00	1.47
837.21	0.00	1.08
264.71	0.00	2.49
500.00	0.00	2.13
837.21	0.00	0.52
264.71	0.00	1.70
500.00	0.00	1.53
837.21	0.00	1.46
264.71	0.00	2.66
499.98	0.00	1.99
837.21	0.00	2.44
264.71	0.00	1.10
500.00	0.00	1.56
837.21	0.00	0.98
264.71	0.00	0.53
500.00	0.00	1.00
837.21	0.00	2.92
264.71	0.00	0.51
498.10	0.38	0.66
833.43	0.45	1.24
255.50	3.48	3.12
500.00	0.00	2.24
837.21	0.00	1.87
264.71	0.00	2.45
500.00	0.00	2.09
837.21	0.00	1.73
264.71	0.00	3.58
500.00	0.00	2.47
837.21	0.00	1.06
264.71	0.00	1.71
500.00	0.00	1.72
837.21	0.00	3.66
264.71	0.00	3.03
497.93	0.41	2.25
833.43	0.45	2.71
264.71	0.00	1.97
500.00	0.00	3.41
836.03	0.14	2.18
264.28	0.16	0.78
500.00	0.00	2.09
837.21	0.00	2.32
264.71	0.00	1.74
500.00	0.00	1.59
837.21	0.00	1.57
264.71	0.00	0.95
500.00	0.00	2.01
837.18	0.00	1.64
263.61	0.41	1.65
499.98	0.00	1.53
837.21	0.00	1.02
264.71	0.00	2.09
500.00	0.00	1.12
836.03	0.14	1.60
255.23	3.58	3.08
500.00	0.00	1.22
837.21	0.00	2.93
264.28	0.16	3.23
500.00	0.00	1.70
837.21	0.00	2.44
264.71	0.00	3.36
500.00	0.00	1.58
808.10	3.48	2.91
264.71	0.00	4.78
500.00	0.00	2.49
837.21	0.00	3.94
255.50	3.48	3.75
500.00	0.00	2.33
837.21	0.00	2.08
264.71	0.00	3.95
500.00	0.00	2.28
837.21	0.00	1.57
264.71	0.00	1.90
499.98	0.00	2.55
837.21	0.00	0.49
264.71	0.00	1.88
500.00	0.00	2.06
837.21	0.00	2.08
264.71	0.00	0.52
500.00	0.00	1.18
837.21	0.00	0.97
264.71	0.00	2.34
500.00	0.00	1.39
837.21	0.00	1.98
262.91	0.68	2.40
499.30	0.14	4.00
837.21	0.00	1.56
264.71	0.00	1.46
499.20	0.16	2.85
837.21	0.00	2.14
264.71	0.00	2.61
500.00	0.00	3.46
837.21	0.00	1.81
264.71	0.00	2.05
500.00	0.00	3.11
837.21	0.00	0.53
264.71	0.00	2.17
500.00	0.00	2.75
837.21	0.00	0.54
264.28	0.16	3.27
499.20	0.16	1.65
837.18	0.00	2.25
264.71	0.00	1.21
500.00	0.00	0.97
837.21	0.00	1.47
264.28	0.16	0.56
482.62	3.48	3.11
837.21	0.00	1.96
264.71	0.00	3.20
500.00	0.00	1.74
837.21	0.00	2.79
264.71	0.00	2.28
500.00	0.00	3.65
837.21	0.00	2.66
264.71	0.00	2.12
500.00	0.00	1.71
837.21	0.00	2.20
263.51	0.45	2.57
500.00	0.00	3.38
837.21	0.00	2.59
264.71	0.00	3.67
499.98	0.00	2.36
837.21	0.00	1.83
264.33	0.14	3.21
500.00	0.00	1.50
802.69	4.12	2.77
264.71	0.00	2.35
472.88	5.42	2.70
837.21	0.00	2.50
264.71	0.00	1.07
500.00	0.00	1.72
837.21	0.00	3.04
264.71	0.00	2.36
499.30	0.14	2.14
837.21	0.00	0.49
264.28	0.16	1.68
500.00	0.00	0.94
837.21	0.00	1.57
264.71	0.00	1.54
500.00	0.00	1.74
837.21	0.00	1.07
264.71	0.00	3.19
500.00	0.00	1.05
834.04	0.38	1.68
264.71	0.00	2.77
443.75	11.25	4.04
837.21	0.00	1.65
264.71	0.00	2.12
482.09	3.58	4.08
834.04	0.38	2.37
264.71	0.00	1.46
499.20	0.16	2.16
837.21	0.00	1.00
264.71	0.00	1.91
500.00	0.00	0.51
834.04	0.38	1.58
264.71	0.00	2.44
500.00	0.00	2.18
833.43	0.45	2.25
264.71	0.00	1.80
500.00	0.00	1.05
835.87	0.16	3.19
264.71	0.00	1.86
500.00	0.00	3.87
837.21	0.00	1.18
264.33	0.14	1.75
499.30	0.14	2.19
837.21	0.00	2.18
264.33	0.14	2.19
500.00	0.00	2.61
834.04	0.38	1.73
264.71	0.00	1.51
500.00	0.00	0.51
837.21	0.00	1.02
255.50	3.48	4.52
500.00	0.00	1.90
837.21	0.00	1.58
264.71	0.00	3.44
500.00	0.00	1.75
808.10	3.48	3.61
264.71	0.00	2.86
500.00	0.00	2.67
837.21	0.00	2.21
255.23	3.58	2.37
500.00	0.00	4.22
837.21	0.00	2.03
264.71	0.00	2.03
497.74	0.45	1.63
837.21	0.00	1.41
264.71	0.00	1.99
500.00	0.00	2.14
837.21	0.00	1.88
264.71	0.00	4.32
497.74	0.45	2.54
837.21	0.00	2.31
264.71	0.00	2.17
500.00	0.00	2.35
807.22	3.58	4.47
264.71	0.00	0.56
500.00	0.00	1.46
837.21	0.00	1.51
264.71	0.00	1.02
500.00	0.00	3.49
837.21	0.00	0.97
255.23	3.58	4.83
500.00	0.00	1.70
807.22	3.58	2.84
264.71	0.00	3.57
500.00	0.00	3.35
793.07	5.27	1.06
254.64	3.80	3.18
500.00	0.00	1.15
837.21	0.00	3.15
264.71	0.00	0.68
498.10	0.38	3.55
837.21	0.00	1.52
264.71	0.00	2.39
500.00	0.00	1.59
807.22	3.58	1.42
264.33	0.14	0.64
500.00	0.00	2.00
837.21	0.00	1.88
264.71	0.00	1.51
500.00	0.00	0.54
837.18	0.00	1.54
264.71	0.00	2.04
499.20	0.16	1.80
837.21	0.00	1.07
264.71	0.00	0.51
500.00	0.00	1.56
837.21	0.00	2.90
264.71	0.00	0.56
500.00	0.00	1.11
837.21	0.00	1.90
264.71	0.00	3.52
500.00	0.00	2.41
837.21	0.00	2.06
264.71	0.00	3.02
500.00	0.00	1.09
837.21	0.00	2.88
264.10	0.23	2.13
500.00	0.00	3.33
835.87	0.16	1.74
264.71	0.00	0.53
500.00	0.00	1.61
808.10	3.48	3.21
264.71	0.00	1.79
500.00	0.00	1.17
837.21	0.00	2.46
264.71	0.00	0.62
499.98	0.00	1.79
836.03	0.14	2.55
264.71	0.00	2.59
500.00	0.00	0.50
837.21	0.00	0.49
264.71	0.00	1.58
500.00	0.00	0.56
837.21	0.00	1.95
264.71	0.00	0.61
499.20	0.16	3.26
837.21	0.00	1.43
264.71	0.00	0.61
496.66	0.67	2.63
837.18	0.00	1.60
264.71	0.00	1.71
500.00	0.00	1.77
808.10	3.48	2.35
264.71	0.00	1.20
500.00	0.00	2.20
837.21	0.00	2.75
264.03	0.26	2.44
500.00	0.00	3.03
837.21	0.00	1.49
264.71	0.00	1.10
500.00	0.00	2.40
837.21	0.00	0.99
264.71	0.00	2.25
500.00	0.00	2.21
837.21	0.00	2.63
264.71	0.00	1.68
500.00	0.00	0.99
837.18	0.00	2.58
264.71	0.00	2.09
500.00	0.00	1.38
837.21	0.00	1.63
264.71	0.00	2.55
500.00	0.00	2.47
837.21	0.00	0.58
264.71	0.00	0.48
500.00	0.00	1.47
837.21	0.00	2.45
264.71	0.00	1.47
500.00	0.00	0.95
837.21	0.00	0.50
255.50	3.48	4.86
500.00	0.00	2.30
837.21	0.00	2.52
264.71	0.00	3.25
500.00	0.00	1.06
837.21	0.00	2.04
264.71	0.00	1.84
500.00	0.00	2.17
837.21	0.00	2.01
264.71	0.00	1.63
499.30	0.14	3.16
837.21	0.00	0.99
264.71	0.00	3.74
499.98	0.00	2.56
808.10	3.48	3.57
264.71	0.00	1.96
500.00	0.00	1.18
837.21	0.00	2.78
264.71	0.00	0.95
500.00	0.00	1.47
837.21	0.00	0.47
264.71	0.00	1.07
500.00	0.00	0.51
837.21	0.00	0.93
264.71	0.00	1.02
478.82	4.24	3.56
807.22	3.58	3.30
264.71	0.00	1.26
500.00	0.00	1.83
835.07	0.26	1.43
264.71	0.00	4.40
498.86	0.23	2.79
837.21	0.00	3.07
264.71	0.00	4.88
500.00	0.00	4.26
837.18	0.00	2.14
255.23	3.58	4.37
500.00	0.00	2.68
837.21	0.00	2.12
255.50	3.48	4.25
500.00	0.00	3.07
837.21	0.00	1.04
255.23	3.58	4.00
500.00	0.00	2.36
802.69	4.12	3.83
264.71	0.00	0.70
500.00	0.00	2.94
837.21	0.00	3.30
264.71	0.00	1.33
500.00	0.00	0.57
837.21	0.00	0.52
264.71	0.00	2.35
500.00	0.00	2.28
834.04	0.38	2.77
264.71	0.00	2.06
500.00	0.00	1.98
833.43	0.45	1.15
264.71	0.00	1.01
500.00	0.00	1.01
837.21	0.00	1.05
255.23	3.58	4.38
500.00	0.00	1.16
837.21	0.00	1.71
264.71	0.00	2.33
500.00	0.00	2.26
837.21	0.00	1.10
264.71	0.00	1.05
500.00	0.00	1.54
837.21	0.00	1.47
264.33	0.14	3.23
500.00	0.00	2.58
837.21	0.00	0.53
264.71	0.00	2.07
500.00	0.00	2.21
837.21	0.00	1.11
264.71	0.00	1.53
500.00	0.00	1.07
836.03	0.14	2.54
264.71	0.00	2.56
500.00	0.00	2.47
837.18	0.00	1.62
264.71	0.00	2.13
500.00	0.00	2.98
837.21	0.00	0.61
264.71	0.00	0.45
500.00	0.00	1.62
837.21	0.00	1.52
264.71	0.00	1.95
500.00	0.00	2.23
837.21	0.00	2.54
255.50	3.48	3.45
500.00	0.00	1.22
837.21	0.00	2.40
264.71	0.00	2.59
500.00	0.00	0.97
808.10	3.48	3.37
264.71	0.00	1.38
500.00	0.00	1.44
837.21	0.00	1.04
253.79	4.12	3.82
500.00	0.00	1.92
835.87	0.16	0.65
253.49	4.24	2.76
500.00	0.00	1.48
837.21	0.00	1.01
264.71	0.00	0.49
500.00	0.00	0.47
837.21	0.00	0.96
264.28	0.16	1.17
482.09	3.58	3.80
837.21	0.00	1.48
264.71	0.00	1.25
500.00	0.00	1.23
837.21	0.00	0.96
264.71	0.00	0.45
499.98	0.00	0.51
837.21	0.00	1.46
264.33	0.14	1.72
500.00	0.00	2.04
837.21	0.00	0.50
264.71	0.00	1.21
500.00	0.00	2.17
837.21	0.00	3.97
264.71	0.00	1.31
500.00	0.00	2.50
837.21	0.00	1.95
264.71	0.00	2.80
500.00	0.00	2.73
837.21	0.00	2.23
264.71	0.00	2.12
500.00	0.00	1.62
837.21	0.00	1.01
264.71	0.00	4.01
500.00	0.00	2.08
834.04	0.38	1.73
264.71	0.00	2.04
497.74	0.45	2.71
837.21	0.00	2.18
263.61	0.41	1.32
499.98	0.00	3.06
837.21	0.00	0.52
264.71	0.00	0.61
499.20	0.16	2.16
837.21	0.00	1.98
264.71	0.00	2.64
500.00	0.00	0.54
837.21	0.00	1.98
264.71	0.00	1.02
500.00	0.00	1.02
836.03	0.14	2.53
264.28	0.16	1.85
500.00	0.00	1.65
836.03	0.14	1.70
264.71	0.00	2.34
500.00	0.00	1.13
837.21	0.00	1.61
264.71	0.00	1.42
500.00	0.00	2.10
837.21	0.00	1.03
264.71	0.00	3.60
499.98	0.00	1.54
837.21	0.00	1.08
264.71	0.00	3.54
500.00	0.00	1.28
806.04	3.72	1.56
264.71	0.00	1.10
500.00	0.00	2.97
837.21	0.00	2.80
264.71	0.00	1.84
500.00	0.00	2.86
837.21	0.00	1.63
264.71	0.00	0.98
500.00	0.00	3.19
808.10	3.48	3.60
264.71	0.00	0.45
500.00	0.00	0.53
837.21	0.00	0.99
264.71	0.00	1.03
500.00	0.00	1.53
837.21	0.00	1.94
264.71	0.00	3.57
499.30	0.14	2.94
837.21	0.00	2.10
264.71	0.00	3.42
500.00	0.00	2.35
837.21	0.00	2.71
264.71	0.00	1.10
500.00	0.00	2.12
808.10	3.48	2.79
264.71	0.00	1.70
500.00	0.00	0.75
837.21	0.00	2.47
264.71	0.00	3.29
500.00	0.00	2.64
837.21	0.00	0.60
264.71	0.00	2.75
500.00	0.00	3.19
807.22	3.58	1.58
264.33	0.14	1.61
500.00	0.00	1.59
837.21	0.00	0.55
255.50	3.48	2.65
500.00	0.00	2.11
837.21	0.00	2.13
264.71	0.00	0.60
500.00	0.00	1.52
837.21	0.00	2.42
264.71	0.00	2.86
498.10	0.38	3.48
808.10	3.48	3.49
264.71	0.00	1.91
500.00	0.00	1.75
837.21	0.00	3.50
264.71	0.00	3.12
500.00	0.00	0.59
837.21	0.00	0.97
264.71	0.00	2.76
500.00	0.00	1.02
837.21	0.00	1.38
264.71	0.00	1.85
500.00	0.00	0.53
837.21	0.00	0.92
264.71	0.00	1.52
500.00	0.00	1.48
837.21	0.00	1.15
264.71	0.00	2.69
500.00	0.00	3.65
807.22	3.58	3.14
264.71	0.00	2.29
499.30	0.14	1.38
831.61	0.67	2.30
263.70	0.38	1.76
482.09	3.58	3.76
835.87	0.16	2.74
264.71	0.00	1.96
498.10	0.38	2.14
837.21	0.00	1.07
264.71	0.00	2.49
500.00	0.00	0.98
837.21	0.00	0.52
255.50	3.48	3.90
500.00	0.00	1.53
837.21	0.00	1.06
264.71	0.00	4.62
500.00	0.00	2.13
837.21	0.00	0.59
264.71	0.00	2.74
500.00	0.00	1.01
807.22	3.58	3.61
264.71	0.00	3.93
500.00	0.00	0.67
837.21	0.00	1.98
255.50	3.48	4.08
500.00	0.00	2.45
837.21	0.00	1.17
264.71	0.00	2.55
500.00	0.00	1.97
837.21	0.00	1.45
264.71	0.00	1.45
499.20	0.16	1.26
836.03	0.14	1.55
264.71	0.00	0.90
500.00	0.00	1.44
837.21	0.00	2.47
264.71	0.00	0.60
499.20	0.16	2.23
837.21	0.00	2.13
264.33	0.14	2.47
479.39	4.12	3.94
837.21	0.00	1.50
262.91	0.68	2.34
500.00	0.00	2.83
820.02	2.05	3.50
264.71	0.00	1.77
500.00	0.00	0.96
837.21	0.00	2.26
264.71	0.00	2.07
500.00	0.00	3.13
837.21	0.00	2.53
264.71	0.00	1.21
500.00	0.00	3.64
807.22	3.58	3.12
264.70	0.00	2.92
500.00	0.00	2.80
837.21	0.00	0.59
264.71	0.00	2.72
497.93	0.41	1.71
837.21	0.00	1.71
264.71	0.00	3.14
500.00	0.00	1.05
836.03	0.14	1.63
264.71	0.00	4.21
500.00	0.00	2.31
837.21	0.00	2.09
264.33	0.14	1.63
500.00	0.00	1.54
837.21	0.00	1.69
264.71	0.00	2.98
500.00	0.00	1.04
837.21	0.00	2.04
264.71	0.00	1.32
500.00	0.00	2.44
837.21	0.00	2.15
264.71	0.00	3.85
499.20	0.16	2.62
807.22	3.58	3.90
264.71	0.00	4.32
480.61	3.88	4.19
837.21	0.00	4.67
264.71	0.00	2.08
500.00	0.00	3.29
835.87	0.16	4.35
264.71	0.00	1.24
482.62	3.48	3.39
837.21	0.00	0.48
264.28	0.16	1.78
500.00	0.00	2.58
836.03	0.14	2.07
264.71	0.00	1.47
500.00	0.00	1.48
835.87	0.16	2.11
264.71	0.00	3.11
500.00	0.00	0.96
837.21	0.00	1.01
253.49	4.24	3.83
500.00	0.00	1.62
837.21	0.00	1.13
264.71	0.00	3.15
500.00	0.00	1.19
837.21	0.00	0.51
264.71	0.00	2.95
500.00	0.00	3.09
837.21	0.00	3.14
264.71	0.00	2.49
500.00	0.00	1.73
837.21	0.00	2.58
264.71	0.00	2.74
500.00	0.00	1.66
837.21	0.00	2.00
264.71	0.00	1.07
500.00	0.00	1.02
837.21	0.00	1.46
264.71	0.00	4.35
500.00	0.00	1.23
833.74	0.41	2.71
263.70	0.38	2.78
500.00	0.00	0.61
835.87	0.16	1.74
264.71	0.00	1.71
473.64	5.27	0.98
837.21	0.00	0.50
264.28	0.16	2.26
499.98	0.00	2.43
837.21	0.00	1.07
264.71	0.00	0.50
500.00	0.00	1.04
836.03	0.14	1.45
253.79	4.12	2.86
500.00	0.00	0.55
837.21	0.00	1.00
264.71	0.00	1.49
500.00	0.00	1.33
837.21	0.00	2.42
264.71	0.00	2.01
500.00	0.00	2.13
837.21	0.00	2.93
264.71	0.00	2.44
500.00	0.00	3.07
837.21	0.00	2.06
264.71	0.00	1.78
500.00	0.00	2.01
837.21	0.00	2.38
264.71	0.00	1.42
482.09	3.58	2.45
837.21	0.00	1.04
264.71	0.00	2.33
500.00	0.00	0.50
837.21	0.00	0.48
264.71	0.00	2.07
499.30	0.14	1.70
837.21	0.00	2.49
264.71	0.00	1.03
500.00	0.00	1.22
835.87	0.16	2.13
264.28	0.16	2.47
500.00	0.00	0.62
836.03	0.14	1.63
264.71	0.00	2.76
500.00	0.00	2.30
836.03	0.14	2.75
264.71	0.00	3.13
500.00	0.00	1.93
836.03	0.14	3.15
264.33	0.14	4.05
500.00	0.00	3.17
837.21	0.00	1.99
254.64	3.80	2.45
500.00	0.00	2.79
837.21	0.00	2.57
263.61	0.41	1.38
500.00	0.00	1.10
837.21	0.00	2.38
263.61	0.41	3.21
500.00	0.00	5.06
837.21	0.00	2.84
264.71	0.00	4.03
500.00	0.00	3.32
837.21	0.00	2.16
264.71	0.00	2.67
482.62	3.48	2.60
837.21	0.00	1.50
264.71	0.00	2.71
499.20	0.16	1.73
837.21	0.00	0.99
264.71	0.00	0.46
499.98	0.00	1.08
837.21	0.00	0.49
263.61	0.41	1.66
500.00	0.00	1.54
837.21	0.00	1.92
264.71	0.00	1.07
500.00	0.00	2.25
837.21	0.00	1.53
264.71	0.00	2.02
497.93	0.41	1.23
837.21	0.00	0.52
264.71	0.00	3.42
500.00	0.00	1.95
837.21	0.00	1.91
264.71	0.00	3.92
500.00	0.00	0.96
837.21	0.00	0.94
264.71	0.00	1.27
500.00	0.00	2.79
837.21	0.00	2.75
264.71	0.00	0.55
500.00	0.00	3.02
806.04	3.72	2.03
264.71	0.00	1.52
499.20	0.16	1.80
837.21	0.00	1.00
264.71	0.00	2.69
482.62	3.48	2.42
837.21	0.00	1.49
264.71	0.00	1.78
500.00	0.00	1.45
837.21	0.00	3.07
264.71	0.00	0.51
482.62	3.48	4.06
837.21	0.00	0.55
264.71	0.00	2.05
500.00	0.00	1.07
837.21	0.00	1.51
255.50	3.48	3.48
500.00	0.00	1.68
834.04	0.38	0.69
255.50	3.48	3.53
500.00	0.00	1.31
837.21	0.00	2.55
263.51	0.45	1.97
499.20	0.16	2.87
837.21	0.00	1.46
264.71	0.00	3.28
500.00	0.00	2.82
837.21	0.00	2.14
264.71	0.00	2.76
500.00	0.00	1.64
837.21	0.00	1.00
264.71	0.00	1.66
500.00	0.00	1.21
837.21	0.00	1.46
264.71	0.00	1.04
500.00	0.00	0.64
837.21	0.00	1.90
259.69	1.90	0.81
482.62	3.48	4.05
837.21	0.00	1.22
264.71	0.00	3.56
500.00	0.00	3.09
807.22	3.58	0.94
264.28	0.16	2.89
481.38	3.72	3.99
837.21	0.00	2.65
264.71	0.00	2.06
500.00	0.00	2.90
837.21	0.00	2.19
263.61	0.41	2.71
500.00	0.00	1.66
837.21	0.00	0.98
264.28	0.16	2.09
499.30	0.14	1.20
837.21	0.00	1.06
264.71	0.00	1.95
500.00	0.00	2.19
837.21	0.00	1.52
264.71	0.00	1.64
499.30	0.14	2.15
837.21	0.00	2.00
264.71	0.00	2.49
500.00	0.00	1.68
837.21	0.00	0.53
264.71	0.00	2.88
500.00	0.00	0.56
837.21	0.00	1.07
264.71	0.00	1.47
500.00	0.00	1.53
837.21	0.00	1.49
264.71	0.00	0.99
499.98	0.00	3.03
837.21	0.00	2.57
262.94	0.67	2.19
500.00	0.00	3.24
836.03	0.14	2.65
264.71	0.00	2.49
500.00	0.00	1.05
801.74	4.24	3.26
264.71	0.00	1.65
500.00	0.00	2.04
837.18	0.00	1.66
264.71	0.00	0.55
500.00	0.00	2.45
836.03	0.14	2.12
264.71	0.00	2.62
500.00	0.00	0.98
837.21	0.00	0.54
264.71	0.00	3.24
482.62	3.48	2.68
837.21	0.00	2.06
264.71	0.00	1.64
500.00	0.00	1.15
837.21	0.00	1.58
264.71	0.00	2.82
500.00	0.00	2.23
837.21	0.00	2.00
264.71	0.00	0.52
479.39	4.12	3.29
837.21	0.00	2.00
264.71	0.00	1.90
500.00	0.00	1.57
837.21	0.00	2.30
264.71	0.00	4.14
499.20	0.16	3.51
837.21	0.00	1.78
263.51	0.45	2.60
499.30	0.14	3.67
833.74	0.41	2.94
264.71	0.00	1.96
499.30	0.14	2.86
835.87	0.16	1.77
264.71	0.00	1.38
500.00	0.00	3.09
807.22	3.58	2.18
255.50	3.48	4.10
499.20	0.16	3.69
837.21	0.00	2.15
262.91	0.68	2.90
500.00	0.00	2.83
837.21	0.00	1.66
255.50	3.48	3.11
500.00	0.00	0.56
837.21	0.00	2.00
264.70	0.00	1.69
500.00	0.00	0.51
837.18	0.00	2.47
263.61	0.41	1.64
500.00	0.00	3.19
807.22	3.58	3.13
264.71	0.00	2.86
500.00	0.00	1.46
837.21	0.00	0.51
263.70	0.38	1.95
500.00	0.00	1.12
837.21	0.00	1.46
264.71	0.00	2.38
500.00	0.00	2.11
837.21	0.00	1.50
264.28	0.16	2.49
500.00	0.00	2.15
837.21	0.00	2.14
264.71	0.00	0.63
500.00	0.00	2.01
836.03	0.14	2.08
264.71	0.00	2.06
500.00	0.00	2.35
837.18	0.00	0.55
264.71	0.00	2.33
499.30	0.14	1.20
837.21	0.00	2.51
264.71	0.00	1.45
500.00	0.00	2.65
837.21	0.00	0.53
255.50	3.48	4.48
500.00	0.00	1.87
808.10	3.48	3.19
264.71	0.00	1.70
499.20	0.16	2.19
837.21	0.00	1.62
264.71	0.00	3.49
482.62	3.48	4.59
837.21	0.00	2.75
264.71	0.00	2.99
500.00	0.00	3.61
837.18	0.00	2.68
264.71	0.00	2.40
482.62	3.48	5.05
837.21	0.00	2.87
264.71	0.00	2.76
499.30	0.14	2.69
837.21	0.00	3.20
264.71	0.00	4.87
496.66	0.67	2.36
837.21	0.00	2.04
264.71	0.00	4.27
500.00	0.00	1.74
837.21	0.00	2.72
264.71	0.00	2.23
500.00	0.00	2.95
837.21	0.00	2.09
264.71	0.00	2.03
500.00	0.00	1.62
837.21	0.00	2.27
250.75	5.27	1.54
500.00	0.00	2.63
836.03	0.14	2.25
264.71	0.00	2.53
500.00	0.00	3.53
837.21	0.00	1.13
264.71	0.00	1.97
500.00	0.00	3.45
837.21	0.00	0.57
264.71	0.00	2.93
500.00	0.00	3.27
837.21	0.00	1.50
264.71	0.00	2.46
500.00	0.00	2.13
837.21	0.00	1.96
264.71	0.00	1.65
500.00	0.00	2.26
837.21	0.00	2.91
264.71	0.00	1.90
500.00	0.00	0.64
837.21	0.00	1.89
264.70	0.00	1.69
500.00	0.00	2.21
807.22	3.58	2.63
255.23	3.58	2.99
500.00	0.00	1.57
836.03	0.14	1.69
264.71	0.00	1.76
500.00	0.00	0.67
837.21	0.00	3.47
264.71	0.00	3.08
500.00	0.00	2.59
837.21	0.00	2.97
264.71	0.00	1.66
500.00	0.00	0.72
837.21	0.00	4.35
255.23	3.58	3.40
500.00	0.00	1.86
837.21	0.00	2.78
264.71	0.00	3.07
499.30	0.14	2.28
837.21	0.00	1.10
264.71	0.00	1.94
500.00	0.00	1.67
837.21	0.00	0.54
264.71	0.00	1.13
499.20	0.16	1.73
807.22	3.58	2.37
264.28	0.16	1.86
500.00	0.00	0.48
835.87	0.16	1.14
264.71	0.00	3.21
500.00	0.00	1.68
807.22	3.58	1.93
264.71	0.00	1.16
500.00	0.00	3.49
837.21	0.00	2.98
264.71	0.00	1.17
500.00	0.00	2.12
837.21	0.00	1.57
264.71	0.00	2.13
500.00	0.00	2.50
837.21	0.00	1.09
264.28	0.16	2.04
500.00	0.00	2.22
837.21	0.00	1.43
264.33	0.14	2.60
500.00	0.00	2.45
835.87	0.16	2.64
264.71	0.00	2.45
500.00	0.00	2.12
837.21	0.00	1.07
264.71	0.00	1.96
500.00	0.00	0.57
837.21	0.00	0.48
264.71	0.00	2.72
500.00	0.00	2.73
837.21	0.00	2.56
264.71	0.00	2.26
482.09	3.58	3.90
837.21	0.00	2.07
264.71	0.00	1.50
500.00	0.00	1.01
837.21	0.00	1.58
264.71	0.00	1.97
482.09	3.58	3.48
837.21	0.00	0.48
264.70	0.00	2.41
499.20	0.16	1.79
837.21	0.00	2.11
264.71	0.00	1.05
482.09	3.58	3.01
837.21	0.00	2.55
264.71	0.00	1.46
499.20	0.16	1.74
837.21	0.00	1.59
255.50	3.48	0.91
482.09	3.58	3.49
837.21	0.00	2.03
255.23	3.58	3.02
500.00	0.00	2.40
837.21	0.00	2.42
264.71	0.00	1.39
500.00	0.00	0.71
837.21	0.00	3.97
264.71	0.00	3.05
500.00	0.00	1.15
837.21	0.00	1.58
264.71	0.00	2.64
500.00	0.00	1.16
837.21	0.00	0.98
264.71	0.00	1.19
500.00	0.00	3.16
837.21	0.00	2.22
264.71	0.00	2.29
500.00	0.00	2.02
837.21	0.00	0.58
264.71	0.00	1.60
500.00	0.00	0.48
837.21	0.00	0.48
264.71	0.00	0.50
500.00	0.00	0.97
837.21	0.00	1.86
264.71	0.00	1.68
500.00	0.00	2.11
837.21	0.00	1.51
264.71	0.00	1.05
500.00	0.00	1.60
837.21	0.00	1.00
264.71	0.00	3.38
500.00	0.00	2.55
837.21	0.00	1.10
264.71	0.00	1.97
482.62	3.48	3.47
837.21	0.00	2.22
264.71	0.00	1.61
500.00	0.00	1.85
837.21	0.00	2.09
264.71	0.00	2.82
497.93	0.41	2.36
837.21	0.00	1.66
255.50	3.48	4.03
500.00	0.00	1.32
837.18	0.00	3.59
264.71	0.00	3.17
500.00	0.00	2.08
836.03	0.14	4.06
264.71	0.00	3.18
500.00	0.00	0.48
837.21	0.00	0.53
264.71	0.00	1.95
500.00	0.00	1.60
837.21	0.00	2.05
264.71	0.00	2.82
500.00	0.00	2.34
837.21	0.00	2.48
264.33	0.14	2.82
500.00	0.00	1.62
837.21	0.00	2.55
264.71	0.00	2.67
500.00	0.00	1.14
837.21	0.00	1.40
264.71	0.00	3.65
500.00	0.00	1.34
835.87	0.16	2.60
264.71	0.00	1.98
500.00	0.00	2.21
837.21	0.00	1.45
264.71	0.00	1.59
500.00	0.00	0.65
837.21	0.00	0.96
264.71	0.00	1.79
499.98	0.00	2.20
837.21	0.00	2.02
254.64	3.80	2.19
498.10	0.38	1.31
837.21	0.00	0.49
264.71	0.00	1.61
500.00	0.00	0.55
837.21	0.00	2.83
264.71	0.00	1.14
500.00	0.00	1.00
837.21	0.00	1.89
264.70	0.00	3.06
482.62	3.48	3.92
837.21	0.00	0.58
264.71	0.00	2.63
500.00	0.00	1.97
837.18	0.00	2.57
264.71	0.00	2.52
500.00	0.00	1.05
837.21	0.00	1.60
264.71	0.00	3.10
500.00	0.00	2.19
837.21	0.00	1.10
264.71	0.00	1.83
500.00	0.00	2.47
807.22	3.58	3.65
264.71	0.00	0.45
499.20	0.16	1.62
837.21	0.00	1.59
264.71	0.00	1.15
500.00	0.00	1.02
837.21	0.00	1.48
264.71	0.00	1.72
500.00	0.00	2.72
807.22	3.58	3.04
264.71	0.00	1.48
500.00	0.00	1.58
837.21	0.00	0.99
264.71	0.00	2.04
500.00	0.00	1.03
837.18	0.00	1.07
264.70	0.00	1.69
500.00	0.00	0.60
807.22	3.58	3.04
264.71	0.00	1.36
500.00	0.00	2.39
837.21	0.00	1.27
264.71	0.00	2.86
500.00	0.00	2.67
837.21	0.00	1.41
264.71	0.00	2.16
500.00	0.00	1.04
837.21	0.00	2.98
264.71	0.00	2.54
500.00	0.00	1.69
808.10	3.48	2.86
263.61	0.41	2.07
500.00	0.00	1.01
837.21	0.00	0.53
264.71	0.00	2.82
500.00	0.00	2.55
837.21	0.00	1.00
264.71	0.00	2.34
500.00	0.00	3.97
837.21	0.00	3.21
264.71	0.00	1.60
497.93	0.41	1.18
837.21	0.00	1.00
264.70	0.00	2.14
499.20	0.16	1.19
837.21	0.00	0.96
264.28	0.16	2.43
500.00	0.00	1.99
837.21	0.00	1.58
264.71	0.00	0.56
500.00	0.00	2.50
837.21	0.00	0.52
264.70	0.00	2.52
500.00	0.00	1.30
837.21	0.00	3.28
264.71	0.00	0.99
500.00	0.00	1.04
837.21	0.00	2.86
264.71	0.00	1.66
499.98	0.00	1.61
837.21	0.00	2.43
264.71	0.00	2.22
500.00	0.00	1.82
837.21	0.00	1.98
264.71	0.00	2.48
500.00	0.00	2.73
801.74	4.24	2.89
264.71	0.00	0.58
500.00	0.00	2.10
837.21	0.00	1.58
264.71	0.00	3.44
500.00	0.00	0.54
837.21	0.00	0.46
264.71	0.00	3.89
500.00	0.00	2.07
837.21	0.00	0.93
255.23	3.58	2.78
500.00	0.00	0.51
837.21	0.00	1.95
264.71	0.00	1.08
500.00	0.00	1.20
807.22	3.58	1.55
264.71	0.00	3.12
497.93	0.41	1.64
837.21	0.00	0.53
264.71	0.00	2.69
482.62	3.48	0.97
808.10	3.48	3.06
264.71	0.00	1.55
500.00	0.00	1.99
837.21	0.00	1.90
264.71	0.00	2.08
500.00	0.00	0.54
837.21	0.00	0.46
264.71	0.00	2.79
500.00	0.00	2.07
837.21	0.00	4.09
263.70	0.38	3.63
500.00	0.00	1.09
837.21	0.00	1.99
264.71	0.00	2.63
500.00	0.00	1.24
837.21	0.00	1.12
264.71	0.00	2.62
499.20	0.16	2.30
837.21	0.00	2.17
264.28	0.16	0.62
500.00	0.00	0.53
837.21	0.00	0.95
264.71	0.00	1.63
500.00	0.00	0.55
836.03	0.14	1.52
264.71	0.00	3.24
499.30	0.14	3.38
837.21	0.00	2.66
264.71	0.00	4.25
500.00	0.00	2.15
837.21	0.00	2.80
264.71	0.00	2.74
500.00	0.00	1.19
837.21	0.00	2.43
264.71	0.00	1.69
500.00	0.00	0.48
837.21	0.00	1.98
264.71	0.00	2.43
500.00	0.00	2.07
837.21	0.00	0.54
264.33	0.14	3.03
482.62	3.48	2.93
837.21	0.00	1.61
264.71	0.00	1.12
482.62	3.48	5.14
837.21	0.00	1.27
264.71	0.00	1.98
500.00	0.00	2.99
837.21	0.00	1.69
264.71	0.00	1.06
500.00	0.00	1.82
837.21	0.00	4.82
253.49	4.24	3.47
500.00	0.00	2.45
837.21	0.00	3.91
263.61	0.41	3.12
500.00	0.00	3.23
837.21	0.00	2.77
264.71	0.00	3.88
500.00	0.00	1.10
837.21	0.00	3.17
264.71	0.00	0.98
500.00	0.00	1.51
834.04	0.38	1.59
264.71	0.00	0.50
498.10	0.38	1.20
837.18	0.00	1.47
264.71	0.00	2.54
500.00	0.00	2.44
837.21	0.00	0.56
264.33	0.14	3.08
500.00	0.00	1.99
837.21	0.00	0.54
254.26	3.95	2.78
500.00	0.00	3.17
837.21	0.00	0.52
264.71	0.00	1.16
500.00	0.00	2.56
837.21	0.00	2.13
264.28	0.16	2.78
500.00	0.00	2.59
837.21	0.00	2.77
264.71	0.00	1.12
479.39	4.12	4.26
837.21	0.00	0.58
262.91	0.68	2.98
499.30	0.14	3.02
837.21	0.00	1.56
264.71	0.00	2.40
500.00	0.00	3.36
837.21	0.00	2.68
264.71	0.00	2.57
500.00	0.00	1.77
836.03	0.14	2.17
264.33	0.14	2.32
500.00	0.00	1.09
834.04	0.38	2.83
264.71	0.00	2.07
500.00	0.00	1.50
837.21	0.00	1.37
264.33	0.14	2.81
500.00	0.00	2.49
837.21	0.00	0.90
264.71	0.00	1.67
500.00	0.00	1.88
833.43	0.45	1.63
264.71	0.00	1.23
500.00	0.00	2.89
837.21	0.00	2.10
264.71	0.00	2.03
500.00	0.00	1.58
837.21	0.00	0.52
264.71	0.00	3.07
500.00	0.00	1.67
836.03	0.14	1.66
264.71	0.00	3.48
500.00	0.00	1.35
837.21	0.00	2.48
264.71	0.00	2.24
500.00	0.00	3.15
837.21	0.00	2.97
264.71	0.00	1.41
500.00	0.00	2.03
837.21	0.00	1.45
254.26	3.95	3.29
500.00	0.00	0.98
837.21	0.00	0.95
264.71	0.00	2.80
500.00	0.00	1.21
837.21	0.00	1.43
264.71	0.00	1.61
500.00	0.00	1.70
837.21	0.00	2.05
264.33	0.14	2.53
498.10	0.38	2.69
837.21	0.00	0.56
264.71	0.00	2.27
500.00	0.00	3.28
833.74	0.41	2.91
264.71	0.00	0.48
500.00	0.00	0.45
837.21	0.00	0.94
264.71	0.00	1.45
500.00	0.00	0.90
807.22	3.58	1.32
264.71	0.00	2.38
500.00	0.00	2.88
837.21	0.00	2.53
264.71	0.00	4.22
500.00	0.00	0.50
837.21	0.00	2.00
264.71	0.00	2.91
500.00	0.00	2.28
837.21	0.00	2.17
264.70	0.00	1.72
500.00	0.00	2.67
837.21	0.00	2.02
264.71	0.00	1.19
500.00	0.00	2.14
837.21	0.00	1.49
264.28	0.16	2.20
500.00	0.00	2.00
804.16	3.95	2.78
264.71	0.00	1.83
500.00	0.00	2.32
837.21	0.00	2.54
255.23	3.58	4.51
500.00	0.00	3.45
837.21	0.00	3.68
264.71	0.00	1.68
500.00	0.00	0.97
837.21	0.00	0.52
264.71	0.00	0.45
500.00	0.00	2.39
807.22	3.58	1.35
264.71	0.00	2.65
482.09	3.58	4.02
835.87	0.16	1.68
255.50	3.48	4.52
498.10	0.38	2.60
801.74	4.24	3.34
264.71	0.00	2.49
500.00	0.00	3.39
837.21	0.00	2.12
264.71	0.00	5.06
500.00	0.00	0.99
806.04	3.72	1.63
264.71	0.00	2.75
482.09	3.58	1.95
837.21	0.00	1.56
264.28	0.16	2.08
500.00	0.00	0.57
837.21	0.00	3.04
264.71	0.00	1.56
482.09	3.58	2.86
835.87	0.16	0.61
264.71	0.00	0.58
500.00	0.00	3.33
837.21	0.00	0.55
264.71	0.00	3.19
500.00	0.00	1.64
837.18	0.00	2.56
264.71	0.00	0.97
500.00	0.00	2.47
837.21	0.00	2.04
264.70	0.00	2.21
500.00	0.00	2.07
808.10	3.48	2.46
264.71	0.00	1.32
500.00	0.00	2.59
837.21	0.00	1.56
264.71	0.00	1.64
500.00	0.00	0.94
837.21	0.00	1.91
264.28	0.16	2.62
500.00	0.00	0.49
837.21	0.00	0.50
264.71	0.00	3.06
500.00	0.00	1.71
837.21	0.00	3.67
264.71	0.00	1.08
500.00	0.00	2.22
837.21	0.00	2.09
264.71	0.00	1.58
500.00	0.00	1.73
837.21	0.00	1.93
264.71	0.00	1.04
500.00	0.00	1.20
837.21	0.00	1.94
255.23	3.58	2.99
498.10	0.38	0.67
836.03	0.14	1.53
264.71	0.00	0.64
482.62	3.48	3.06
837.21	0.00	2.47
255.50	3.48	3.16
482.62	3.48	3.50
837.21	0.00	1.84
264.71	0.00	2.13
500.00	0.00	0.96
837.21	0.00	0.94
264.28	0.16	3.31
500.00	0.00	1.86
837.21	0.00	1.80
264.71	0.00	3.41
480.27	3.95	4.01
807.22	3.58	3.49
264.71	0.00	1.69
500.00	0.00	1.01
808.10	3.48	1.37
263.61	0.41	1.37
500.00	0.00	1.66
837.21	0.00	1.79
264.71	0.00	1.39
500.00	0.00	0.46
837.21	0.00	0.49
264.71	0.00	1.45
500.00	0.00	1.93
837.21	0.00	0.52
264.71	0.00	2.65
498.10	0.38	3.12
808.10	3.48	3.69
264.71	0.00	3.61
500.00	0.00	2.23
837.21	0.00	2.18
264.71	0.00	3.20
500.00	0.00	2.81
837.21	0.00	2.33
264.71	0.00	2.42
480.61	3.88	4.10
837.21	0.00	2.10
264.71	0.00	2.76
500.00	0.00	1.69
837.21	0.00	1.92
264.70	0.00	2.73
482.09	3.58	3.59
807.22	3.58	3.70
264.71	0.00	0.47
500.00	0.00	0.46
837.21	0.00	2.40
264.28	0.16	1.89
500.00	0.00	3.35
834.04	0.38	3.09
264.71	0.00	1.97
500.00	0.00	0.51
837.21	0.00	0.46
264.71	0.00	0.97
500.00	0.00	0.93
837.21	0.00	0.98
264.71	0.00	2.25
482.62	3.48	3.78
834.04	0.38	2.27
264.71	0.00	1.07
500.00	0.00	0.96
837.21	0.00	2.62
264.71	0.00	1.67
500.00	0.00	2.51
837.21	0.00	2.49
264.71	0.00	1.37
500.00	0.00	2.00
837.21	0.00	1.86
264.71	0.00	2.46
500.00	0.00	1.11
837.21	0.00	2.44
264.71	0.00	1.93
500.00	0.00	1.74
837.21	0.00	0.94
264.28	0.16	2.15
499.20	0.16	2.48
837.21	0.00	2.16
264.71	0.00	2.38
500.00	0.00	1.07
835.87	0.16	2.62
264.71	0.00	1.11
500.00	0.00	0.48
837.21	0.00	1.43
255.50	3.48	3.81
500.00	0.00	1.24
837.21	0.00	2.44
264.71	0.00	1.76
500.00	0.00	3.65
837.21	0.00	1.86
264.71	0.00	2.17
500.00	0.00	3.02
837.21	0.00	0.64
255.50	3.48	3.27
500.00	0.00	2.75
837.21	0.00	2.14
264.71	0.00	4.20
500.00	0.00	3.54
837.21	0.00	1.01
255.23	3.58	3.45
500.00	0.00	1.66
837.21	0.00	2.62
264.71	0.00	0.53
500.00	0.00	2.89
837.21	0.00	1.00
264.71	0.00	1.41
500.00	0.00	0.93
837.21	0.00	0.47
264.71	0.00	2.31
500.00	0.00	0.53
837.21	0.00	0.47
264.71	0.00	1.54
500.00	0.00	0.54
835.87	0.16	1.12
253.79	4.12	3.85
500.00	0.00	0.62
837.21	0.00	1.07
264.71	0.00	0.57
500.00	0.00	0.99
808.10	3.48	2.29
264.70	0.00	2.14
499.20	0.16	2.12
837.21	0.00	0.94
264.71	0.00	1.70
500.00	0.00	2.11
837.21	0.00	1.53
264.71	0.00	2.23
500.00	0.00	3.20
835.87	0.16	1.71
264.71	0.00	1.16
499.30	0.14	1.89
837.21	0.00	1.42
264.71	0.00	2.73
482.62	3.48	1.96
835.87	0.16	2.56
259.69	1.90	2.89
500.00	0.00	2.75
837.21	0.00	1.07
264.71	0.00	3.05
499.20	0.16	2.18
807.22	3.58	2.02
264.71	0.00	3.38
500.00	0.00	0.60
837.21	0.00	4.09
264.71	0.00	2.61
499.98	0.00	2.52
835.87	0.16	3.03
264.71	0.00	0.45
500.00	0.00	0.51
837.21	0.00	0.97
264.71	0.00	1.63
500.00	0.00	1.58
837.21	0.00	1.42
264.71	0.00	2.84
500.00	0.00	0.90
837.21	0.00	2.00
264.71	0.00	2.01
500.00	0.00	1.80
837.21	0.00	0.96
250.40	5.40	2.63
499.98	0.00	2.63
837.21	0.00	2.13
255.23	3.58	1.36
499.30	0.14	3.20
835.87	0.16	1.30
264.71	0.00	1.07
500.00	0.00	2.43
837.21	0.00	0.55
264.71	0.00	0.63
498.10	0.38	2.98
837.21	0.00	0.95
264.71	0.00	2.68
500.00	0.00	3.14
837.21	0.00	3.67
264.33	0.14	2.45
500.00	0.00	3.59
837.21	0.00	4.73
264.71	0.00	0.67
500.00	0.00	2.78
837.21	0.00	2.18
264.71	0.00	3.25
500.00	0.00	3.74
833.74	0.41	3.91
264.71	0.00	2.81
500.00	0.00	1.64
837.21	0.00	1.55
264.71	0.00	2.33
500.00	0.00	2.12
808.10	3.48	4.08
264.71	0.00	2.40
482.62	3.48	4.07
837.21	0.00	2.29
264.71	0.00	2.85
500.00	0.00	3.10
837.21	0.00	1.07
264.71	0.00	2.94
500.00	0.00	1.86
837.21	0.00	2.55
264.71	0.00	0.86
496.60	0.68	3.36
837.21	0.00	3.67
264.33	0.14	2.46
500.00	0.00	3.08
837.21	0.00	0.50
264.71	0.00	1.19
500.00	0.00	2.61
837.21	0.00	2.21
264.71	0.00	1.21
500.00	0.00	1.70
837.21	0.00	2.38
264.71	0.00	0.61
500.00	0.00	0.63
837.21	0.00	2.43
264.71	0.00	1.64
500.00	0.00	1.62
837.21	0.00	2.00
255.23	3.58	3.95
500.00	0.00	1.72
837.21	0.00	3.43
264.71	0.00	2.33
500.00	0.00	4.07
837.21	0.00	2.53
254.64	3.80	1.71
500.00	0.00	2.53
837.18	0.00	2.52
264.71	0.00	3.03
472.98	5.40	2.62
837.21	0.00	2.58
264.71	0.00	0.75
500.00	0.00	0.68
836.03	0.14	2.10
262.94	0.67	2.43
500.00	0.00	2.15
837.21	0.00	0.90
264.28	0.16	2.86
500.00	0.00	1.57
833.74	0.41	1.79
264.71	0.00	2.10
499.30	0.14	1.81
837.18	0.00	2.02
264.71	0.00	1.76
482.09	3.58	1.38
837.21	0.00	0.95
264.71	0.00	1.18
500.00	0.00	1.83
837.21	0.00	2.39
264.71	0.00	1.86
500.00	0.00	1.23
837.21	0.00	1.89
264.71	0.00	0.47
500.00	0.00	0.48
837.21	0.00	0.47
264.71	0.00	1.91
500.00	0.00	0.51
833.74	0.41	1.58
264.71	0.00	2.36
500.00	0.00	1.19
808.10	3.48	2.57
264.71	0.00	2.91
500.00	0.00	2.17
837.21	0.00	0.51
264.71	0.00	2.05
500.00	0.00	0.63
837.21	0.00	3.11
264.28	0.16	2.36
500.00	0.00	1.07
836.03	0.14	2.09
264.71	0.00	2.63
500.00	0.00	1.02
837.21	0.00	0.47
264.70	0.00	1.60
500.00	0.00	0.54
837.21	0.00	1.49
253.49	4.24	3.99
499.98	0.00	3.13
808.10	3.48	4.89
264.71	0.00	2.34
500.00	0.00	2.08
808.10	3.48	4.01
264.33	0.14	3.06
500.00	0.00	1.19
835.87	0.16	2.38
264.71	0.00	1.05
500.00	0.00	2.80
837.21	0.00	1.63
264.71	0.00	1.03
482.09	3.58	2.66
837.21	0.00	1.48
264.28	0.16	2.11
500.00	0.00	1.12
837.21	0.00	0.96
264.71	0.00	1.87
500.00	0.00	1.88
837.21	0.00	3.04
264.71	0.00	2.22
500.00	0.00	1.02
837.21	0.00	1.97
255.50	3.48	0.83
500.00	0.00	1.66
837.21	0.00	3.09
264.28	0.16	1.29
497.93	0.41	2.74
837.18	0.00	1.52
264.28	0.16	2.46
500.00	0.00	1.69
837.21	0.00	2.80
264.71	0.00	3.48
500.00	0.00	2.89
837.21	0.00	1.02
264.71	0.00	1.37
482.62	3.48	3.65
837.21	0.00	2.63
259.69	1.90	0.89
500.00	0.00	2.20
837.21	0.00	1.61
264.71	0.00	0.99
500.00	0.00	1.08
837.21	0.00	2.02
264.71	0.00	2.20
500.00	0.00	2.18
837.21	0.00	0.94
264.71	0.00	3.95
500.00	0.00	1.91
808.10	3.48	3.23
263.70	0.38	2.54
500.00	0.00	2.40
833.74	0.41	2.29
264.71	0.00	0.55
499.30	0.14	2.35
837.21	0.00	1.48
263.70	0.38	2.63
500.00	0.00	1.79
837.21	0.00	2.46
255.23	3.58	2.66
500.00	0.00	1.61
837.21	0.00	2.41
264.71	0.00	1.51
499.98	0.00	2.03
837.21	0.00	1.98
264.71	0.00	2.25
500.00	0.00	1.00
837.21	0.00	1.58
264.33	0.14	1.73
500.00	0.00	2.15
837.21	0.00	0.47
264.28	0.16	2.06
500.00	0.00	2.16
835.87	0.16	0.58
255.50	3.48	4.30
500.00	0.00	1.00
806.04	3.72	1.65
264.71	0.00	1.56
500.00	0.00	2.55
837.21	0.00	1.49
264.28	0.16	2.84
500.00	0.00	3.01
807.22	3.58	3.63
264.28	0.16	2.40
500.00	0.00	2.52
837.21	0.00	0.59
264.71	0.00	1.85
500.00	0.00	2.93
837.21	0.00	2.19
264.71	0.00	0.45
500.00	0.00	1.90
837.21	0.00	2.05
264.28	0.16	1.88
478.82	4.24	3.38
837.21	0.00	0.98
264.71	0.00	4.18
482.62	3.48	4.18
837.21	0.00	1.81
253.79	4.12	4.76
500.00	0.00	2.25
808.10	3.48	3.40
264.71	0.00	1.26
500.00	0.00	1.08
836.03	0.14	1.63
264.71	0.00	2.94
500.00	0.00	3.21
807.22	3.58	2.65
264.71	0.00	2.35
500.00	0.00	1.02
833.43	0.45	1.57
264.70	0.00	1.90
480.99	3.80	1.55
837.21	0.00	1.10
263.61	0.41	1.56
500.00	0.00	1.55
837.21	0.00	2.01
264.71	0.00	0.93
500.00	0.00	2.07
837.21	0.00	1.48
264.71	0.00	1.60
500.00	0.00	2.31
837.21	0.00	1.52
264.71	0.00	2.72
499.20	0.16	2.18
837.21	0.00	1.99
264.71	0.00	1.82
500.00	0.00	1.66
837.18	0.00	1.59
264.71	0.00	0.69
500.00	0.00	2.78
837.21	0.00	2.65
264.71	0.00	1.29
500.00	0.00	1.45
837.21	0.00	1.19
264.71	0.00	1.64
500.00	0.00	2.49
835.87	0.16	0.64
255.50	3.48	2.03
500.00	0.00	3.60
837.21	0.00	1.57
264.70	0.00	1.62
500.00	0.00	1.95
837.21	0.00	2.10
255.50	3.48	1.44
479.39	4.12	3.17
837.21	0.00	1.51
263.70	0.38	1.17
500.00	0.00	1.63
837.21	0.00	0.98
264.71	0.00	2.51
500.00	0.00	1.22
837.21	0.00	2.50
264.71	0.00	3.66
500.00	0.00	1.28
836.03	0.14	2.03
264.71	0.00	2.94
500.00	0.00	2.88
837.21	0.00	2.07
264.33	0.14	2.30
500.00	0.00	3.20
837.21	0.00	2.66
250.75	5.27	1.63
500.00	0.00	1.55
837.21	0.00	1.12
264.71	0.00	1.27
500.00	0.00	2.64
837.21	0.00	2.12
255.50	3.48	3.73
500.00	0.00	0.48
837.21	0.00	0.98
264.71	0.00	0.98
499.20	0.16	2.06
808.10	3.48	3.82
264.71	0.00	0.67
482.62	3.48	3.73
837.21	0.00	1.64
264.71	0.00	1.89
500.00	0.00	3.12
837.21	0.00	2.22
255.50	3.48	3.50
500.00	0.00	2.73
837.21	0.00	1.68
264.71	0.00	1.96
500.00	0.00	1.20
835.87	0.16	1.95
264.33	0.14	2.06
500.00	0.00	1.96
808.10	3.48	2.38
264.71	0.00	2.55
500.00	0.00	0.64
837.21	0.00	0.50
264.33	0.14	2.83
500.00	0.00	2.61
837.21	0.00	0.56
264.71	0.00	1.36
500.00	0.00	2.14
837.21	0.00	2.18
264.71	0.00	2.44
500.00	0.00	0.56
837.21	0.00	1.50
264.71	0.00	1.93
500.00	0.00	2.66
837.21	0.00	0.98
264.71	0.00	2.78
500.00	0.00	1.13
837.21	0.00	0.47
264.70	0.00	1.78
500.00	0.00	1.52
836.03	0.14	2.57
264.71	0.00	2.38
500.00	0.00	4.31
837.21	0.00	2.77
263.61	0.41	2.98
500.00	0.00	4.25
837.18	0.00	2.52
255.23	3.58	4.83
500.00	0.00	2.77
837.21	0.00	1.18
264.71	0.00	4.41
482.62	3.48	4.22
833.74	0.41	2.33
264.71	0.00	3.27
472.98	5.40	2.30
837.21	0.00	2.40
264.71	0.00	2.07
500.00	0.00	0.72
837.21	0.00	2.89
264.71	0.00	2.15
500.00	0.00	2.18
807.22	3.58	2.31
264.71	0.00	3.14
499.30	0.14	2.52
837.21	0.00	2.42
250.75	5.27	1.08
500.00	0.00	3.14
837.21	0.00	2.46
264.71	0.00	1.53
500.00	0.00	1.38
837.21	0.00	2.99
264.71	0.00	2.88
499.98	0.00	2.65
837.21	0.00	3.48
264.71	0.00	3.25
500.00	0.00	2.12
837.21	0.00	2.99
254.64	3.80	3.75
500.00	0.00	3.28
837.21	0.00	2.66
264.71	0.00	2.42
500.00	0.00	2.29
837.21	0.00	3.30
264.71	0.00	2.54
500.00	0.00	2.53
833.74	0.41	0.69
264.71	0.00	0.51
500.00	0.00	1.87
837.21	0.00	2.06
264.71	0.00	2.21
500.00	0.00	1.18
837.21	0.00	1.07
264.71	0.00	2.94
500.00	0.00	2.70
834.04	0.38	2.21
264.71	0.00	1.10
500.00	0.00	1.08
837.21	0.00	1.92
264.71	0.00	1.17
497.74	0.45	1.46
837.21	0.00	0.50
253.79	4.12	3.80
500.00	0.00	2.58
835.87	0.16	2.08
255.50	3.48	4.58
500.00	0.00	1.90
837.21	0.00	0.54
264.71	0.00	2.86
500.00	0.00	1.43
837.21	0.00	1.46
263.61	0.41	2.35
500.00	0.00	1.89
837.18	0.00	2.98
264.71	0.00	1.46
500.00	0.00	2.81
837.21	0.00	3.66
264.33	0.14	2.62
500.00	0.00	3.41
837.21	0.00	3.09
264.71	0.00	1.52
499.98	0.00	2.50
837.21	0.00	2.59
264.71	0.00	2.38
500.00	0.00	2.76
837.21	0.00	0.97
264.71	0.00	3.45
500.00	0.00	1.61
837.21	0.00	3.16
264.71	0.00	1.82
500.00	0.00	1.07
835.87	0.16	2.61
262.91	0.68	2.90
499.98	0.00	2.77
837.21	0.00	2.25
264.71	0.00	3.96
500.00	0.00	2.37
837.18	0.00	3.06
264.70	0.00	2.09
500.00	0.00	1.56
837.21	0.00	1.56
264.71	0.00	1.69
500.00	0.00	1.04
833.74	0.41	2.54
264.71	0.00	1.68
500.00	0.00	2.39
836.03	0.14	2.64
264.71	0.00	2.19
500.00	0.00	2.95
836.03	0.14	2.17
255.23	3.58	3.64
499.30	0.14	1.67
837.21	0.00	2.14
264.71	0.00	1.95
500.00	0.00	1.10
837.18	0.00	1.53
264.71	0.00	0.66
500.00	0.00	3.36
837.21	0.00	2.54
264.71	0.00	1.12
482.62	3.48	4.17
837.21	0.00	3.10
264.71	0.00	1.28
500.00	0.00	2.57
837.21	0.00	1.72
264.71	0.00	1.33
500.00	0.00	2.14
837.21	0.00	2.08
264.71	0.00	2.74
500.00	0.00	3.34
808.10	3.48	3.16
264.71	0.00	0.58
500.00	0.00	3.42
836.03	0.14	3.22
264.71	0.00	1.95
497.93	0.41	3.29
837.21	0.00	0.63
264.70	0.00	2.12
500.00	0.00	2.88
837.21	0.00	1.67
264.71	0.00	1.97
500.00	0.00	0.94
835.87	0.16	1.62
264.33	0.14	3.30
500.00	0.00	2.14
837.18	0.00	2.62
264.71	0.00	0.55
500.00	0.00	2.61
807.22	3.58	3.51
264.71	0.00	1.98
500.00	0.00	2.15
835.87	0.16	1.19
264.71	0.00	3.00
500.00	0.00	2.72
837.21	0.00	1.37
264.71	0.00	4.56
497.93	0.41	3.36
835.87	0.16	1.69
264.71	0.00	1.63
500.00	0.00	2.76
833.74	0.41	2.61
264.71	0.00	2.23
500.00	0.00	3.23
837.21	0.00	2.18
264.71	0.00	2.54
499.20	0.16	2.07
837.21	0.00	0.51
263.61	0.41	3.03
500.00	0.00	0.98
837.21	0.00	0.52
264.71	0.00	1.10
500.00	0.00	1.43
837.21	0.00	0.50
264.71	0.00	2.05
500.00	0.00	2.79
837.21	0.00	1.45
264.71	0.00	0.49
500.00	0.00	1.44
837.21	0.00	0.45
264.71	0.00	0.48
500.00	0.00	0.96
835.87	0.16	1.11
255.23	3.58	3.78
499.98	0.00	2.32
837.21	0.00	2.07
264.71	0.00	1.28
482.62	3.48	2.89
837.21	0.00	2.57
264.10	0.23	1.11
500.00	0.00	0.96
837.21	0.00	0.95
264.71	0.00	2.68
500.00	0.00	1.99
837.21	0.00	0.52
264.71	0.00	0.98
500.00	0.00	3.10
837.21	0.00	0.50
255.23	3.58	2.18
482.62	3.48	4.01
837.21	0.00	2.21
264.71	0.00	1.09
500.00	0.00	0.50
837.21	0.00	1.43
264.71	0.00	0.54
500.00	0.00	1.49
837.21	0.00	2.44
264.28	0.16	1.14
500.00	0.00	1.70
837.21	0.00	1.97
264.71	0.00	2.85
500.00	0.00	0.57
837.21	0.00	1.90
264.71	0.00	1.74
500.00	0.00	1.75
837.21	0.00	2.38
264.71	0.00	1.35
500.00	0.00	2.13
808.10	3.48	3.47
264.71	0.00	2.13
500.00	0.00	2.25
808.10	3.48	2.48
264.71	0.00	1.62
500.00	0.00	0.59
835.87	0.16	2.12
264.70	0.00	3.43
500.00	0.00	1.72
837.21	0.00	1.01
264.70	0.00	4.04
500.00	0.00	0.95
837.21	0.00	1.49
264.33	0.14	2.04
500.00	0.00	1.45
821.34	1.90	0.76
264.71	0.00	0.54
500.00	0.00	0.51
837.21	0.00	0.49
264.71	0.00	4.32
500.00	0.00	2.61
837.21	0.00	2.69
264.71	0.00	3.70
499.30	0.14	3.21
837.21	0.00	3.72
264.71	0.00	2.72
500.00	0.00	3.88
837.21	0.00	1.69
264.71	0.00	3.38
500.00	0.00	2.98
808.10	3.48	3.67
264.10	0.23	1.80
500.00	0.00	2.26
837.21	0.00	1.46
264.71	0.00	3.30
500.00	0.00	2.20
837.21	0.00	4.10
264.71	0.00	0.98
500.00	0.00	2.05
837.21	0.00	2.09
264.70	0.00	2.10
500.00	0.00	1.03
834.04	0.38	1.59
264.71	0.00	2.36
500.00	0.00	1.67
831.52	0.68	2.72
264.71	0.00	1.79
499.98	0.00	2.35
835.87	0.16	2.79
264.71	0.00	1.30
499.98	0.00	2.04
834.04	0.38	3.20
264.71	0.00	1.04
500.00	0.00	0.64
833.74	0.41	2.07
264.71	0.00	3.06
500.00	0.00	3.13
837.21	0.00	2.08
264.71	0.00	3.06
500.00	0.00	1.93
837.21	0.00	1.03
264.71	0.00	2.39
500.00	0.00	2.15
837.21	0.00	1.64
264.71	0.00	1.12
482.62	3.48	3.11
837.21	0.00	1.03
264.71	0.00	2.07
482.09	3.58	1.89
837.21	0.00	1.95
264.28	0.16	2.07
499.30	0.14	1.17
837.21	0.00	0.50
264.71	0.00	1.93
500.00	0.00	1.53
837.21	0.00	3.34
264.71	0.00	1.80
500.00	0.00	1.02
837.21	0.00	1.90
264.71	0.00	1.56
499.20	0.16	2.15
837.21	0.00	0.59
264.33	0.14	1.88
500.00	0.00	2.79
837.21	0.00	1.60
264.71	0.00	2.59
500.00	0.00	2.65
836.03	0.14	1.87
264.71	0.00	2.04
500.00	0.00	2.20
801.74	4.24	3.09
264.71	0.00	1.04
500.00	0.00	1.96
837.21	0.00	1.03
264.71	0.00	1.66
500.00	0.00	1.45
837.21	0.00	1.49
264.71	0.00	1.27
500.00	0.00	0.45
837.21	0.00	0.50
255.50	3.48	0.83
500.00	0.00	1.39
837.21	0.00	0.47
264.71	0.00	3.08
500.00	0.00	0.52
837.18	0.00	2.39
264.71	0.00	2.58
500.00	0.00	1.65
837.21	0.00	1.92
255.50	3.48	0.82
500.00	0.00	1.01
837.18	0.00	1.53
264.71	0.00	1.81
500.00	0.00	2.40
837.21	0.00	0.50
264.71	0.00	2.45
500.00	0.00	2.62
837.21	0.00	1.03
264.71	0.00	1.99
500.00	0.00	1.54
837.21	0.00	2.02
264.71	0.00	1.86
500.00	0.00	0.90
837.21	0.00	1.04
255.23	3.58	1.44
500.00	0.00	1.07
837.21	0.00	0.95
264.71	0.00	1.86
500.00	0.00	3.22
833.74	0.41	2.80
264.28	0.16	1.83
500.00	0.00	1.01
837.21	0.00	0.51
264.71	0.00	2.70
500.00	0.00	2.73
837.21	0.00	2.51
264.71	0.00	2.24
500.00	0.00	3.12
837.21	0.00	1.53
264.71	0.00	0.54
500.00	0.00	2.88
837.21	0.00	0.48
264.71	0.00	0.96
500.00	0.00	1.01
837.21	0.00	1.02
264.71	0.00	3.45
500.00	0.00	2.76
837.21	0.00	3.50
264.71	0.00	2.28
500.00	0.00	2.18
837.21	0.00	2.98
264.71	0.00	2.42
500.00	0.00	2.58
837.21	0.00	3.19
264.71	0.00	1.13
499.30	0.14	2.78
802.69	4.12	3.69
264.71	0.00	2.35
500.00	0.00	1.07
833.74	0.41	1.53
264.71	0.00	0.53
500.00	0.00	2.23
837.21	0.00	1.95
264.70	0.00	1.10
498.86	0.23	0.64
837.21	0.00	1.36
264.71	0.00	0.95
500.00	0.00	1.08
837.21	0.00	2.83
264.71	0.00	2.46
473.64	5.27	0.98
835.87	0.16	1.10
264.71	0.00	1.48
500.00	0.00	0.51
837.21	0.00	0.50
264.71	0.00	4.00
500.00	0.00	2.83
837.21	0.00	3.26
264.71	0.00	3.81
500.00	0.00	2.35
837.21	0.00	2.13
264.70	0.00	2.42
500.00	0.00	1.45
837.21	0.00	1.55
264.71	0.00	0.93
500.00	0.00	1.96
837.21	0.00	0.48
264.71	0.00	2.03
500.00	0.00	2.09
836.03	0.14	2.14
264.71	0.00	3.20
500.00	0.00	2.03
837.21	0.00	2.08
264.33	0.14	2.71
500.00	0.00	2.65
834.04	0.38	1.87
264.71	0.00	2.05
500.00	0.00	1.65
835.87	0.16	2.24
262.91	0.68	3.06
500.00	0.00	1.66
837.21	0.00	1.64
255.23	3.58	4.48
500.00	0.00	3.72
837.21	0.00	1.07
264.71	0.00	1.14
500.00	0.00	2.39
837.21	0.00	1.03
264.71	0.00	2.11
498.10	0.38	3.23
837.21	0.00	1.12
264.71	0.00	1.27
500.00	0.00	3.28
837.21	0.00	1.48
264.71	0.00	2.82
500.00	0.00	2.20
837.21	0.00	1.95
264.71	0.00	3.30
500.00	0.00	2.05
835.87	0.16	2.26
264.71	0.00	2.77
499.20	0.16	3.40
837.21	0.00	1.67
264.71	0.00	1.21
500.00	0.00	2.25
837.21	0.00	1.43
264.70	0.00	1.90
499.98	0.00	2.05
837.21	0.00	2.94
264.71	0.00	3.09
480.61	3.88	3.53
837.21	0.00	0.59
264.33	0.14	1.92
500.00	0.00	2.14
837.21	0.00	0.54
264.71	0.00	1.10
500.00	0.00	2.57
835.87	0.16	2.01
264.71	0.00	1.23
500.00	0.00	3.02
837.21	0.00	1.52
264.71	0.00	3.13
500.00	0.00	1.63
836.03	0.14	2.18
255.23	3.58	4.46
500.00	0.00	1.08
837.21	0.00	2.56
264.71	0.00	1.51
500.00	0.00	1.48
835.87	0.16	1.60
264.71	0.00	0.96
499.30	0.14	3.12
837.21	0.00	2.20
264.71	0.00	1.71
497.93	0.41	1.76
837.21	0.00	0.53
264.71	0.00	1.09
498.72	0.26	1.07
837.21	0.00	2.00
264.71	0.00	2.68
500.00	0.00	3.62
837.21	0.00	2.70
264.71	0.00	3.14
500.00	0.00	1.73
837.21	0.00	3.25
264.71	0.00	3.85
500.00	0.00	2.63
836.03	0.14	3.79
264.71	0.00	4.21
498.86	0.23	0.64
836.03	0.14	3.31
264.71	0.00	0.95
500.00	0.00	2.59
837.21	0.00	1.96
264.71	0.00	1.24
500.00	0.00	0.48
837.21	0.00	2.33
264.71	0.00	2.10
500.00	0.00	2.15
837.21	0.00	1.98
264.71	0.00	1.58
500.00	0.00	0.58
837.21	0.00	1.48
264.33	0.14	1.65
500.00	0.00	2.03
837.21	0.00	1.03
264.71	0.00	0.53
500.00	0.00	1.00
834.04	0.38	1.56
255.23	3.58	1.45
500.00	0.00	1.11
837.21	0.00	1.92
264.71	0.00	0.61
500.00	0.00	1.52
837.21	0.00	0.94
264.71	0.00	1.33
500.00	0.00	1.20
837.21	0.00	2.45
264.71	0.00	1.04
500.00	0.00	0.52
836.03	0.14	1.98
264.71	0.00	2.66
500.00	0.00	1.02
808.10	3.48	3.06
255.23	3.58	1.69
500.00	0.00	0.62
834.04	0.38	0.65
264.71	0.00	1.37
500.00	0.00	2.06
837.21	0.00	1.06
264.71	0.00	1.94
500.00	0.00	0.55
835.87	0.16	1.50
264.71	0.00	2.13
482.62	3.48	3.63
837.21	0.00	0.58
264.71	0.00	1.74
500.00	0.00	2.44
837.21	0.00	1.63
264.28	0.16	2.19
500.00	0.00	0.49
837.21	0.00	1.10
264.71	0.00	0.98
500.00	0.00	2.57
837.21	0.00	1.98
264.71	0.00	1.71
480.99	3.80	2.55
837.21	0.00	2.84
264.33	0.14	2.26
500.00	0.00	1.32
837.21	0.00	2.56
264.71	0.00	1.89
499.20	0.16	2.94
837.21	0.00	2.82
264.71	0.00	2.39
500.00	0.00	3.59
835.87	0.16	3.22
255.23	3.58	3.11
499.98	0.00	1.54
837.18	0.00	2.09
264.28	0.16	1.63
500.00	0.00	0.98
837.21	0.00	1.55
264.71	0.00	1.08
500.00	0.00	1.72
837.21	0.00	1.91
264.70	0.00	2.27
499.98	0.00	2.33
837.21	0.00	2.39
264.28	0.16	1.76
500.00	0.00	2.82
834.04	0.38	2.37
264.71	0.00	2.30
500.00	0.00	3.66
837.21	0.00	3.42
264.33	0.14	2.48
500.00	0.00	2.25
837.21	0.00	1.15
264.71	0.00	3.05
500.00	0.00	2.05
837.21	0.00	2.17
264.71	0.00	2.37
500.00	0.00	2.48
837.21	0.00	3.17
255.23	3.58	2.86
500.00	0.00	2.21
833.74	0.41	3.11
255.50	3.48	4.09
500.00	0.00	1.70
808.10	3.48	3.95
262.91	0.68	2.81
500.00	0.00	0.59
837.21	0.00	1.89
264.33	0.14	3.05
500.00	0.00	3.59
837.21	0.00	1.32
264.71	0.00	2.74
500.00	0.00	3.07
837.21	0.00	2.74
264.71	0.00	0.62
500.00	0.00	2.56
834.04	0.38	1.69
264.71	0.00	1.71
500.00	0.00	2.17
837.21	0.00	2.13
264.71	0.00	1.28
499.20	0.16	2.74
837.18	0.00	1.76
264.71	0.00	0.94
499.20	0.16	3.22
837.21	0.00	1.15
264.71	0.00	1.68
500.00	0.00	1.66
837.21	0.00	2.48
264.71	0.00	2.90
500.00	0.00	1.37
833.43	0.45	2.67
264.71	0.00	2.04
500.00	0.00	2.45
837.21	0.00	1.03
264.71	0.00	2.46
500.00	0.00	1.46
837.21	0.00	1.06
264.71	0.00	1.52
500.00	0.00	1.84
837.21	0.00	2.72
263.70	0.38	2.73
500.00	0.00	2.43
833.74	0.41	3.67
264.71	0.00	0.49
500.00	0.00	0.54
837.21	0.00	2.46
264.28	0.16	2.24
500.00	0.00	2.64
837.21	0.00	0.96
264.33	0.14	3.38
500.00	0.00	1.91
836.03	0.14	2.06
264.71	0.00	1.99
500.00	0.00	0.94
837.21	0.00	0.95
264.70	0.00	2.09
500.00	0.00	3.51
837.21	0.00	1.14
264.71	0.00	0.58
500.00	0.00	3.04
837.21	0.00	1.71
264.71	0.00	3.34
482.09	3.58	3.19
837.21	0.00	1.39
264.71	0.00	1.93
500.00	0.00	1.19
837.21	0.00	1.85
264.71	0.00	2.37
500.00	0.00	2.24
837.21	0.00	1.50
264.71	0.00	1.07
500.00	0.00	1.72
837.21	0.00	2.55
264.71	0.00	2.18
500.00	0.00	0.50
835.87	0.16	0.60
264.28	0.16	2.03
500.00	0.00	2.17
837.21	0.00	1.58
264.70	0.00	3.04
499.28	0.14	2.43
837.21	0.00	1.94
250.40	5.40	3.75
500.00	0.00	0.66
837.21	0.00	0.98
264.71	0.00	1.22
500.00	0.00	1.52
837.21	0.00	1.61
264.71	0.00	1.75
500.00	0.00	2.59
837.21	0.00	1.48
264.70	0.00	2.25
500.00	0.00	0.96
837.21	0.00	1.42
264.71	0.00	1.73
500.00	0.00	1.57
837.21	0.00	1.93
264.71	0.00	1.54
500.00	0.00	0.99
837.21	0.00	1.48
264.71	0.00	1.07
500.00	0.00	2.96
837.21	0.00	0.98
264.71	0.00	2.85
500.00	0.00	1.44
837.21	0.00	1.47
264.33	0.14	1.59
500.00	0.00	2.54
834.04	0.38	2.14
264.71	0.00	2.90
482.62	3.48	4.84
837.21	0.00	2.70
264.33	0.14	2.83
500.00	0.00	4.35
837.21	0.00	3.59
264.71	0.00	2.06
500.00	0.00	2.32
837.21	0.00	1.40
264.71	0.00	1.03
500.00	0.00	1.87
837.21	0.00	0.93
264.71	0.00	1.49
500.00	0.00	2.07
837.21	0.00	1.03
264.71	0.00	0.96
500.00	0.00	1.09
837.21	0.00	1.52
264.71	0.00	1.30
499.20	0.16	2.30
837.21	0.00	1.58
264.71	0.00	2.85
500.00	0.00	1.87
837.21	0.00	3.10
264.71	0.00	0.46
500.00	0.00	1.43
837.18	0.00	1.64
264.71	0.00	1.49
499.98	0.00	2.54
837.21	0.00	0.48
263.70	0.38	2.43
500.00	0.00	2.44
837.21	0.00	1.12
264.71	0.00	1.72
500.00	0.00	1.91
837.21	0.00	3.58
264.71	0.00	1.01
500.00	0.00	1.40
808.10	3.48	2.95
255.23	3.58	2.08
500.00	0.00	3.39
837.21	0.00	0.52
264.71	0.00	2.08
500.00	0.00	1.72
834.04	0.38	2.69
264.71	0.00	0.76
500.00	0.00	3.55
837.21	0.00	2.71
264.71	0.00	1.27
500.00	0.00	1.59
837.21	0.00	1.51
264.71	0.00	3.95
500.00	0.00	2.71
837.21	0.00	2.00
264.71	0.00	0.61
499.30	0.14	1.41
837.21	0.00	2.01
264.71	0.00	1.13
500.00	0.00	1.89
837.21	0.00	3.54
264.71	0.00	2.19
482.62	3.48	3.19
835.87	0.16	1.64
264.71	0.00	2.64
500.00	0.00	0.58
837.21	0.00	2.67
264.71	0.00	1.98
500.00	0.00	3.78
837.21	0.00	1.50
263.70	0.38	2.66
500.00	0.00	3.53
837.21	0.00	2.77
264.71	0.00	1.63
500.00	0.00	0.98
837.21	0.00	2.57
264.71	0.00	1.02
500.00	0.00	3.12
837.21	0.00	0.54
264.71	0.00	1.62
500.00	0.00	2.54
837.21	0.00	1.60
264.71	0.00	2.10
500.00	0.00	3.01
837.21	0.00	1.05
263.61	0.41	1.73
500.00	0.00	0.52
837.21	0.00	1.93
263.61	0.41	3.45
500.00	0.00	1.54
837.21	0.00	0.49
264.71	0.00	2.31
500.00	0.00	1.72
835.87	0.16	2.71
264.71	0.00	2.53
497.74	0.45	2.30
837.21	0.00	1.65
264.71	0.00	3.52
499.98	0.00	2.71
807.22	3.58	2.51
264.71	0.00	1.03
500.00	0.00	1.80
837.21	0.00	2.06
264.71	0.00	2.23
500.00	0.00	1.06
837.21	0.00	1.47
264.71	0.00	1.62
500.00	0.00	1.69
837.21	0.00	1.91
264.71	0.00	1.44
500.00	0.00	1.63
837.21	0.00	2.44
264.71	0.00	1.91
500.00	0.00	1.04
837.21	0.00	1.98
264.71	0.00	2.26
499.20	0.16	1.58
837.21	0.00	2.89
264.70	0.00	0.62
500.00	0.00	1.10
837.21	0.00	0.50
264.71	0.00	2.57
500.00	0.00	1.56
837.21	0.00	2.40
264.71	0.00	1.75
499.98	0.00	2.57
837.21	0.00	1.94
264.71	0.00	2.56
482.09	3.58	3.00
807.22	3.58	4.06
264.71	0.00	3.81
500.00	0.00	2.24
837.21	0.00	3.33
264.71	0.00	2.34
500.00	0.00	3.60
837.21	0.00	2.14
264.71	0.00	0.98
500.00	0.00	3.51
837.21	0.00	1.02
255.23	3.58	4.17
482.62	3.48	3.71
835.87	0.16	1.80
264.28	0.16	2.03
496.60	0.68	2.38
837.21	0.00	1.03
264.71	0.00	3.78
500.00	0.00	1.76
835.87	0.16	3.08
264.71	0.00	1.54
500.00	0.00	2.80
837.21	0.00	2.53
264.71	0.00	1.65
500.00	0.00	1.97
837.21	0.00	0.99
264.71	0.00	2.65
500.00	0.00	2.44
837.21	0.00	1.11
264.71	0.00	1.50
500.00	0.00	2.39
837.21	0.00	1.57
264.71	0.00	2.61
500.00	0.00	1.91
837.21	0.00	0.97
264.71	0.00	1.09
498.10	0.38	2.22
835.87	0.16	1.15
264.71	0.00	1.52
500.00	0.00	1.59
837.21	0.00	1.18
264.71	0.00	3.85
499.20	0.16	1.05
837.21	0.00	0.54
264.71	0.00	3.90
500.00	0.00	2.49
837.21	0.00	0.53
264.71	0.00	1.52
500.00	0.00	1.59
837.21	0.00	1.99
264.71	0.00	1.02
499.20	0.16	2.19
835.87	0.16	2.64
264.71	0.00	1.49
500.00	0.00	1.63
837.21	0.00	2.37
264.71	0.00	1.94
500.00	0.00	0.53
837.21	0.00	1.88
264.71	0.00	1.10
500.00	0.00	1.49
837.21	0.00	3.31
264.71	0.00	2.29
500.00	0.00	1.00
837.21	0.00	1.82
264.71	0.00	0.45
500.00	0.00	3.37
837.21	0.00	0.52
264.71	0.00	0.60
500.00	0.00	2.96
837.21	0.00	1.00
264.70	0.00	0.56
499.30	0.14	2.10
807.22	3.58	2.99
255.23	3.58	1.03
500.00	0.00	0.98
808.10	3.48	3.25
264.71	0.00	0.64
500.00	0.00	2.96
807.22	3.58	2.15
264.71	0.00	1.83
500.00	0.00	1.20
807.22	3.58	4.94
264.71	0.00	2.95
500.00	0.00	1.94
837.21	0.00	1.68
264.71	0.00	1.92
478.82	4.24	3.29
837.21	0.00	1.02
254.85	3.72	3.30
500.00	0.00	3.09
837.21	0.00	1.56
264.71	0.00	3.82
500.00	0.00	1.07
837.21	0.00	2.72
264.71	0.00	1.99
500.00	0.00	1.08
837.21	0.00	0.52
253.49	4.24	3.33
500.00	0.00	1.99
837.21	0.00	0.54
263.61	0.41	2.82
499.98	0.00	1.95
835.29	0.23	0.67
253.79	4.12	4.71
500.00	0.00	1.90
837.21	0.00	2.14
264.71	0.00	1.68
482.62	3.48	3.59
837.21	0.00	1.69
264.71	0.00	2.33
500.00	0.00	1.53
837.18	0.00	1.65
264.71	0.00	2.95
500.00	0.00	1.54
808.10	3.48	3.41
264.71	0.00	2.82
499.98	0.00	3.15
807.22	3.58	3.71
264.71	0.00	2.28
500.00	0.00	1.75
837.21	0.00	2.85
264.71	0.00	0.61
500.00	0.00	0.59
837.21	0.00	2.77
264.70	0.00	2.96
500.00	0.00	1.46
837.21	0.00	0.53
264.71	0.00	2.66
500.00	0.00	2.22
837.21	0.00	1.56
264.71	0.00	2.51
499.20	0.16	3.04
837.21	0.00	1.58
264.71	0.00	1.99
499.98	0.00	2.53
837.21	0.00	0.58
264.71	0.00	1.57
500.00	0.00	1.40
837.21	0.00	0.50
264.71	0.00	1.56
500.00	0.00	3.06
837.21	0.00	1.66
264.33	0.14	3.31
500.00	0.00	2.67
837.21	0.00	2.02
264.71	0.00	2.08
482.62	3.48	1.96
837.21	0.00	1.55
264.71	0.00	4.64
500.00	0.00	1.53
837.21	0.00	2.19
263.61	0.41	3.57
500.00	0.00	1.03
837.21	0.00	2.69
264.71	0.00	2.05
499.20	0.16	1.10
807.22	3.58	1.90
264.71	0.00	2.38
500.00	0.00	0.98
837.21	0.00	0.49
255.50	3.48	3.41
500.00	0.00	2.17
837.21	0.00	1.08
264.71	0.00	3.50
500.00	0.00	2.82
837.21	0.00	2.19
264.71	0.00	0.50
497.93	0.41	1.41
837.21	0.00	1.49
264.71	0.00	2.09
500.00	0.00	2.38
837.21	0.00	0.50
253.79	4.12	3.48
500.00	0.00	1.06
837.21	0.00	2.05
264.71	0.00	2.40
500.00	0.00	2.72
837.21	0.00	2.63
264.71	0.00	2.53
500.00	0.00	0.98
837.21	0.00	1.62
264.71	0.00	3.69
500.00	0.00	1.00
837.21	0.00	2.08
264.71	0.00	1.08
500.00	0.00	1.09
837.21	0.00	1.52
264.71	0.00	2.16
500.00	0.00	1.47
833.74	0.41	1.16
264.71	0.00	2.79
500.00	0.00	0.56
837.21	0.00	2.16
264.71	0.00	1.14
482.62	3.48	3.22
836.03	0.14	1.61
264.71	0.00	0.46
500.00	0.00	0.50
837.21	0.00	0.47
255.23	3.58	2.79
500.00	0.00	0.98
837.21	0.00	0.48
264.71	0.00	2.69
479.39	4.12	3.09
835.87	0.16	1.71
264.71	0.00	1.96
500.00	0.00	0.59
801.74	4.24	3.07
264.71	0.00	1.87
500.00	0.00	1.25
837.21	0.00	2.09
264.71	0.00	2.83
499.20	0.16	2.79
837.21	0.00	1.53
264.71	0.00	2.82
500.00	0.00	1.66
837.21	0.00	1.14
264.71	0.00	3.20
499.20	0.16	2.90
837.18	0.00	2.73
264.71	0.00	2.23
482.62	3.48	3.02
837.21	0.00	1.77
264.71	0.00	2.16
500.00	0.00	1.00
835.29	0.23	0.69
264.71	0.00	2.02
499.20	0.16	1.25
837.21	0.00	0.52
264.28	0.16	2.14
482.09	3.58	2.47
837.21	0.00	0.98
264.71	0.00	2.80
500.00	0.00	3.84
837.18	0.00	3.42
264.71	0.00	2.90
479.39	4.12	4.88
837.21	0.00	2.94
264.28	0.16	4.01
499.30	0.14	2.63
837.21	0.00	2.60
264.71	0.00	4.62
500.00	0.00	2.19
837.21	0.00	3.09
264.71	0.00	1.35
500.00	0.00	2.50
837.21	0.00	4.87
255.50	3.48	3.53
500.00	0.00	1.16
837.21	0.00	3.92
264.70	0.00	2.79
500.00	0.00	1.78
837.21	0.00	2.57
264.71	0.00	2.31
500.00	0.00	0.65
837.21	0.00	2.50
264.71	0.00	1.51
500.00	0.00	0.54
837.21	0.00	0.95
264.71	0.00	1.57
500.00	0.00	1.08
807.22	3.58	2.84
