0.00	100.00	0.00
0.00	100.00	0.00
124.00	0.00	70.00
0.00	100.00	0.00
2104.65	0.16	140.43
124.00	0.00	64.46
0.00	100.00	0.00
124.00	0.00	70.11
1915.03	9.15	79.04
125.73	0.00	669.69
125.73	0.00	399.05
2261.98	0.00	48.39
1998.38	9.15	461.77
2008.65	5.88	430.18
1130.99	0.00	45.73
1130.99	0.00	46.13
133.84	94.05	1598.39
145.45	0.38	680.38
2117.55	6.78	94.43
2670.67	0.00	89.06
2678.37	0.00	60.48
192.50	0.00	179.41
360.36	0.00	241.49
716.12	0.00	117.07
1030.28	0.00	80.90
346.57	0.00	65.66
2123.90	0.00	73.57
880.30	0.00	51.10
1775.00	0.00	29.88
515.54	0.00	112.75
1779.44	0.00	12.20
1779.44	0.00	12.23
1770.57	0.00	53.50
140.80	0.00	143.00
1123.10	0.00	96.58
895.67	0.14	43.07
1618.71	0.00	5.47
806.29	0.38	10.67
805.70	0.45	14.53
0.00	100.00	0.00
809.35	0.00	24.14
2428.06	0.00	15.04
2427.98	0.00	68.11
809.35	0.00	18.58
2428.06	0.00	7.59
1867.70	5.88	81.39
116.73	0.00	150.41
233.46	86.67	147.48
116.73	0.00	220.43
875.49	11.76	83.68
1984.44	0.00	9.09
0.00	100.00	0.00
875.49	11.76	79.10
1750.97	6.25	219.82
162.47	0.00	56.60
162.47	0.00	53.74
2599.51	5.88	108.82
0.00	100.00	0.00
2750.53	0.41	6.96
161.74	0.45	58.07
1299.76	0.00	10.12
2599.51	5.88	57.16
0.00	100.00	0.00
1761.48	3.23	141.38
117.43	0.00	138.89
1524.48	0.14	14.05
1993.15	0.16	4.64
1761.48	9.09	74.54
117.43	0.00	143.09
112.46	76.06	93.04
1526.62	0.00	5.77
112.46	90.42	93.51
0.00	100.00	0.00
0.00	100.00	0.00
2591.46	0.00	12.14
2439.02	0.00	3.78
2439.02	5.88	58.44
152.43	0.00	66.86
2591.46	0.00	58.45
0.00	100.00	0.00
0.00	100.00	0.00
0.00	100.00	0.00
2355.95	0.00	13.79
2217.43	5.88	62.95
138.59	0.00	62.94
0.00	100.00	0.00
2352.71	0.14	11.82
2350.00	0.26	4.04
2356.02	0.00	3.90
0.00	100.00	0.00
1036.88	3.58	81.26
741.15	0.00	73.95
1002.74	0.00	75.86
652.91	0.16	70.93
377.84	0.00	74.28
363.31	0.00	63.61
1060.83	0.00	59.39
1707.72	0.41	37.78
712.09	0.00	78.98
1722.97	0.00	98.92
101.35	0.00	85.23
1663.07	3.48	19.45
0.00	100.00	0.00
0.00	100.00	0.00
0.00	100.00	0.00
1615.48	6.24	87.45
0.00	100.00	0.00
1518.14	11.89	96.80
579.32	3.48	116.99
666.88	0.00	97.06
1244.84	0.00	89.89
555.73	0.00	115.58
577.96	0.00	77.28
1044.78	0.00	74.92
2267.39	0.00	28.32
1311.53	0.00	25.06
2245.17	0.00	39.67
1110.93	0.00	67.17
1841.97	0.00	121.79
1112.37	0.00	29.85
2439.43	0.00	31.46
281.72	0.00	226.15
1335.62	0.00	146.68
822.09	0.00	138.58
1328.59	0.00	25.28
560.82	0.00	154.09
2266.33	0.00	4.02
133.31	0.00	120.92
1133.17	0.00	12.95
2133.02	8.57	75.63
2266.33	0.00	10.74
0.00	100.00	0.00
0.00	100.00	0.00
0.00	100.00	0.00
2266.33	0.00	70.25
1504.85	0.68	21.58
0.00	100.00	0.00
0.00	100.00	0.00
89.13	0.00	97.37
0.00	100.00	0.00
1515.15	0.00	98.86
0.00	100.00	0.00
1512.73	0.16	195.16
0.00	100.00	0.00
0.00	100.00	0.00
0.00	100.00	0.00
1775.97	0.00	88.25
1775.97	0.00	10.05
0.00	100.00	0.00
1775.97	0.00	5.02
104.47	0.00	84.09
1671.50	0.00	86.90
1671.45	0.00	91.90
1438.59	0.00	76.28
232.33	0.00	149.41
1055.71	0.00	19.85
1464.13	0.16	76.53
235.67	0.16	110.43
604.04	0.00	83.60
2107.71	0.00	48.94
641.23	0.00	91.01
1096.60	0.00	19.51
126.37	0.00	68.91
0.00	100.00	0.00
0.00	100.00	0.00
2144.84	0.16	4.35
0.00	100.00	0.00
2021.90	5.88	70.44
2148.27	0.00	4.23
0.00	100.00	0.00
2145.26	0.14	73.41
0.00	100.00	0.00
0.00	100.00	0.00
0.00	100.00	0.00
1995.57	0.00	81.38
0.00	100.00	0.00
0.00	100.00	0.00
1995.57	0.00	4.52
1995.57	0.00	79.11
0.00	100.00	0.00
1727.35	0.00	94.05
101.61	0.00	89.78
0.00	100.00	0.00
1618.40	6.31	95.37
0.00	100.00	0.00
1625.74	5.88	91.62
1625.69	5.89	95.90
101.61	0.00	81.16
1569.21	3.48	87.79
0.00	100.00	0.00
1637.21	11.77	162.16
0.00	100.00	0.00
0.00	100.00	0.00
1855.56	0.00	14.48
1779.06	4.12	20.79
0.00	100.00	0.00
1855.56	0.00	31.53
1855.56	0.00	14.48
0.00	100.00	0.00
1407.20	5.42	115.43
0.00	100.00	0.00
1400.37	0.00	6.25
1400.37	0.00	107.63
0.00	100.00	0.00
0.00	100.00	0.00
1430.21	3.88	116.45
87.52	0.00	93.22
267.81	0.00	120.59
247.62	0.14	123.80
2479.68	0.00	9.45
1564.65	0.16	46.23
724.07	0.00	27.65
2440.01	0.00	27.65
644.72	0.00	97.80
2429.89	0.41	28.25
247.97	0.00	92.69
1992.32	5.88	69.94
124.52	0.00	136.46
2116.84	0.00	8.57
124.52	0.00	76.51
2116.84	0.00	4.29
930.36	12.10	76.95
124.35	0.14	65.86
933.90	11.76	79.95
0.00	100.00	0.00
123.25	0.00	74.96
0.00	100.00	0.00
0.00	100.00	0.00
2095.32	0.00	8.65
1901.43	9.25	216.10
122.79	0.38	135.58
0.00	100.00	0.00
1848.81	11.76	207.06
123.25	0.00	66.34
1465.51	0.00	69.65
1450.85	0.16	75.87
1764.05	0.00	28.52
1764.05	0.00	28.67
1766.51	0.00	15.05
1757.36	0.38	29.35
1764.05	0.00	29.20
1766.46	0.00	15.24
307.97	0.14	131.13
633.11	0.00	176.68
930.42	50.77	487.45
613.96	0.45	126.39
742.82	0.00	302.34
548.59	0.00	86.86
771.71	10.35	482.17
946.34	0.00	210.87
105.65	0.00	450.67
1048.83	0.38	280.37
756.82	0.00	217.18
691.87	0.00	213.23
358.64	0.00	241.76
778.32	0.14	183.68
775.50	0.14	197.43
697.51	0.00	194.00
352.99	0.00	208.62
361.47	0.00	92.47
670.54	3.48	203.73
2112.11	0.14	55.64
802.60	0.00	76.99
1646.14	0.38	60.13
1284.16	0.00	34.01
887.58	0.00	22.74
453.23	0.00	47.85
613.75	0.00	82.07
254.94	0.00	78.05
2577.75	0.00	8.59
0.00	100.00	0.00
1975.58	5.88	77.34
1975.58	0.00	70.80
123.47	0.00	77.39
1975.58	5.88	135.36
119.18	3.48	148.66
1972.42	6.03	76.14
2090.35	0.41	8.83
0.00	100.00	0.00
0.00	100.00	0.00
2482.76	0.00	65.41
0.00	100.00	0.00
2253.02	3.58	64.45
0.00	100.00	0.00
2482.76	0.00	59.77
0.00	100.00	0.00
2478.79	0.16	8.02
0.00	100.00	0.00
1727.64	0.00	18.84
1719.84	0.45	10.53
1727.64	0.00	14.13
1626.02	5.88	86.46
101.63	0.00	85.70
863.82	0.00	15.03
863.82	0.00	23.58
0.00	100.00	0.00
0.00	100.00	0.00
1748.95	0.00	97.41
108.82	0.45	84.54
0.00	100.00	0.00
0.00	100.00	0.00
0.00	100.00	0.00
0.00	100.00	0.00
1858.26	0.00	48.54
1748.95	5.88	86.55
109.31	0.00	152.17
2293.50	0.00	9.16
1085.70	0.00	25.75
1444.81	0.00	74.52
2271.95	0.00	9.07
819.96	0.00	122.16
150.82	0.00	91.80
676.32	0.00	112.96
772.08	0.00	82.68
150.82	0.00	124.95
0.00	100.00	0.00
366.05	0.00	31.49
705.88	3.58	191.09
610.09	54.55	258.25
1464.21	0.00	112.34
1387.02	5.27	6.77
0.00	100.00	0.00
122.02	0.00	74.50
850.88	22.52	104.10
1599.03	3.80	25.87
1662.23	0.00	14.65
0.00	100.00	0.00
97.78	0.00	83.49
0.00	100.00	0.00
0.00	100.00	0.00
0.00	100.00	0.00
1466.67	11.76	89.25
97.78	0.00	171.85
1743.06	6.25	146.70
116.20	0.00	76.99
1904.72	3.58	12.78
1972.70	0.14	4.66
1975.47	0.00	75.73
116.20	93.75	81.93
0.00	100.00	0.00
0.00	100.00	0.00
116.02	0.16	75.18
132.23	0.00	62.76
2380.08	0.00	3.86
1190.00	0.00	10.47
1057.81	11.11	64.18
1188.13	0.16	69.40
2380.08	0.00	7.73
2380.08	0.00	62.57
0.00	100.00	0.00
1190.04	0.00	11.05
2059.86	0.00	32.58
1914.04	0.00	109.70
884.82	0.00	210.37
1916.87	0.00	34.38
1027.80	0.00	149.39
1912.62	0.00	86.80
913.13	0.00	203.97
1911.35	0.14	63.53
2057.02	0.00	32.04
597.31	0.00	241.11
272.50	0.00	280.44
867.63	0.00	188.41
1419.16	0.00	123.34
2230.11	0.00	32.88
1303.62	0.00	151.78
1133.58	0.00	31.17
324.36	0.14	234.40
1096.52	0.00	31.22
435.41	0.23	247.96
434.10	0.00	271.41
1613.03	0.16	79.07
1616.39	0.00	23.15
242.32	0.00	179.31
644.71	3.48	211.59
1616.39	0.00	23.21
242.32	0.00	140.81
1374.06	0.00	114.17
787.77	0.00	90.58
1884.21	0.00	52.49
1430.84	0.00	65.61
401.92	0.00	68.18
1173.57	0.00	47.70
722.44	0.14	61.95
1819.26	0.00	49.36
852.72	0.00	31.69
2282.91	0.00	24.07
1501.00	0.00	84.73
1829.74	0.00	15.23
1827.20	0.00	15.10
881.74	0.00	66.60
321.10	0.00	80.54
1819.55	0.00	39.46
318.10	0.14	74.74
624.36	0.00	80.59
1824.65	0.00	29.13
2312.26	0.00	36.96
2247.30	0.16	578.92
2423.56	0.00	70.22
2423.56	0.00	35.26
2407.36	0.67	107.98
1156.10	0.00	105.77
144.69	0.00	656.56
1156.13	0.00	69.28
172.42	0.14	432.05
1521.57	0.00	80.63
792.82	0.00	98.93
705.28	3.48	95.98
1860.05	0.00	67.26
1922.18	0.00	41.07
404.50	0.00	114.94
2306.08	0.41	28.07
702.02	3.58	98.01
700.42	3.80	79.02
115.98	96.78	81.35
0.00	100.00	0.00
0.00	100.00	0.00
116.28	0.00	69.70
1976.74	0.00	81.67
116.28	0.00	69.70
1744.19	0.00	139.31
1860.47	0.00	70.77
116.28	0.00	69.70
150.89	0.00	248.84
1060.37	16.31	145.66
501.25	0.00	177.67
2070.10	0.00	24.68
503.31	0.00	39.49
1564.67	0.00	102.36
256.30	0.00	90.14
2055.00	0.68	38.45
130.22	0.00	185.00
612.29	0.00	199.86
2477.20	0.00	51.75
701.09	0.00	176.99
1084.36	0.00	111.15
705.77	0.00	167.96
1201.21	0.00	38.28
1145.12	0.00	129.56
1385.95	0.16	149.85
593.59	0.00	119.47
2740.47	0.00	19.01
868.60	0.00	108.74
848.40	0.00	137.63
1878.60	0.00	71.09
2733.74	0.00	19.20
3272.41	0.00	16.27
1512.88	0.14	83.89
2693.34	0.00	51.74
989.80	0.00	62.43
0.00	100.00	0.00
1146.88	0.00	21.69
2293.77	0.00	14.07
0.00	100.00	0.00
134.93	0.00	65.73
2293.77	0.00	64.90
1953.32	14.84	130.73
67.37	92.32	134.15
0.00	100.00	0.00
1007.03	0.00	115.01
644.10	0.00	137.09
1774.76	0.00	39.83
683.98	0.00	126.80
885.14	0.14	116.79
1776.76	0.00	11.61
1708.24	3.80	29.58
643.10	0.00	138.79
124.63	0.00	252.65
0.00	100.00	0.00
0.00	100.00	0.00
0.00	100.00	0.00
0.00	100.00	0.00
1624.55	0.00	5.45
0.00	100.00	0.00
1624.55	0.00	177.64
95.56	0.00	88.61
1624.50	0.00	16.38
3695.53	0.00	27.93
854.75	0.00	63.68
4449.72	0.00	6.50
1835.20	0.00	18.54
3972.07	0.00	7.21
4424.58	0.00	12.43
628.49	0.00	55.94
2036.31	0.00	36.90
628.49	0.00	55.03
723.32	0.00	182.00
1192.94	4.24	289.58
1201.10	3.58	256.97
622.86	0.00	203.99
1366.27	0.00	463.97
621.27	0.26	146.55
622.86	0.00	285.87
1121.95	0.00	333.01
1243.72	0.16	146.48
1904.63	6.25	260.15
0.00	100.00	0.00
126.98	50.00	199.77
0.00	100.00	0.00
0.00	100.00	0.00
2031.54	0.00	12.62
2158.58	0.00	4.21
0.00	100.00	0.00
126.98	0.00	133.44
1580.52	34.60	427.10
140.68	0.00	635.08
602.19	74.75	513.29
619.42	74.17	755.68
1981.38	0.00	385.84
1980.72	0.00	24.55
2491.35	0.00	40.91
106.55	39.02	575.65
157.70	0.00	263.33
489.98	3.58	117.64
996.04	0.00	64.31
565.19	4.12	98.39
2073.38	0.00	14.35
609.82	0.00	95.08
589.49	0.00	98.21
1036.69	0.00	26.19
3028.76	0.00	10.18
2398.62	0.00	50.31
498.46	0.00	65.08
572.31	0.00	38.40
2769.23	0.00	9.82
1735.38	0.00	60.15
1347.69	0.00	65.37
459.79	0.38	93.89
461.54	0.00	62.77
2713.74	0.68	31.17
2787.69	0.00	9.69
0.00	100.00	0.00
0.00	100.00	0.00
2385.23	0.45	7.87
1198.03	0.00	7.23
1198.03	0.00	7.23
2255.11	5.88	62.77
2396.05	0.00	3.84
2396.05	0.00	66.32
136.04	3.48	72.68
0.00	100.00	0.00
105.88	93.75	85.26
0.00	100.00	0.00
1800.00	0.00	82.10
1800.00	0.00	159.69
1800.00	0.00	11.28
0.00	100.00	0.00
0.00	100.00	0.00
1800.00	0.00	4.96
205.15	0.00	43.02
3487.58	0.00	46.55
1743.79	0.00	10.24
204.86	93.95	88.41
2666.97	18.75	83.30
205.15	0.00	40.03
0.00	100.00	0.00
205.15	0.00	40.03
0.00	100.00	0.00
0.00	100.00	0.00
0.00	100.00	0.00
1601.25	5.88	89.05
1701.32	0.00	13.14
1701.32	0.00	11.50
1698.94	0.14	24.18
1694.27	0.41	174.50
0.00	100.00	0.00
0.00	100.00	0.00
332.63	0.00	95.61
1373.91	0.00	84.12
1272.63	0.00	28.78
195.24	0.00	108.59
361.55	0.00	113.22
2588.73	0.00	8.10
1279.90	0.00	32.15
1301.60	0.00	29.63
180.09	0.38	142.99
2593.00	0.00	3.61
2440.47	5.88	56.39
0.00	100.00	0.00
152.53	0.00	53.69
0.00	100.00	0.00
0.00	100.00	0.00
2287.94	0.00	64.06
2593.00	0.00	7.56
152.53	0.00	53.23
0.00	100.00	0.00
1487.60	0.00	14.53
1400.10	5.88	105.96
0.00	100.00	0.00
1487.60	0.00	11.82
1435.88	3.48	115.32
1481.44	0.41	19.66
0.00	100.00	0.00
87.51	0.00	93.24
1032.72	0.00	61.93
1656.26	0.00	46.68
1709.30	0.00	44.52
990.14	4.12	89.45
3020.45	0.00	97.04
1031.15	0.16	46.36
3365.63	0.00	16.13
3365.64	0.00	16.15
345.20	0.00	137.45
2336.38	4.24	105.89
1428.53	0.00	59.15
1011.69	0.00	116.17
1428.53	0.00	27.46
361.90	0.00	105.23
1372.55	0.00	43.35
1439.98	0.00	152.18
1370.01	0.00	156.27
361.56	0.00	98.79
0.00	100.00	0.00
0.00	100.00	0.00
1086.96	0.00	14.04
2173.91	0.00	68.81
0.00	100.00	0.00
1086.96	0.00	7.92
0.00	100.00	0.00
2173.91	0.00	69.04
1086.96	0.00	32.94
2512.78	0.00	8.21
574.94	0.00	34.12
2768.31	0.00	21.05
1382.21	0.14	23.75
532.37	0.00	49.30
1405.45	0.00	13.32
2874.79	0.00	13.69
2651.51	3.48	23.37
1810.00	0.00	26.73
1905.72	0.00	47.40
832.77	0.00	164.19
280.58	0.00	227.85
1903.48	0.00	42.93
1059.48	0.00	147.87
507.29	0.00	151.53
809.44	3.58	182.06
285.07	0.00	143.93
561.17	0.00	182.87
0.00	100.00	0.00
0.00	100.00	0.00
0.00	100.00	0.00
1842.37	0.00	80.23
0.00	100.00	0.00
1842.37	0.00	4.86
1776.39	3.58	11.85
1842.32	0.00	18.57
0.00	100.00	0.00
1250.96	0.00	237.35
1447.09	0.00	161.95
332.23	0.38	123.68
136.61	0.00	388.49
117.24	0.45	332.65
1584.45	0.00	46.36
137.14	0.16	377.94
1445.17	0.14	138.11
1330.23	0.00	201.14
1536.02	0.41	15.86
0.00	100.00	0.00
1542.42	0.00	5.72
90.73	0.00	89.94
1449.36	0.16	184.55
1451.69	5.88	107.06
1542.42	0.00	5.72
90.73	0.00	89.94
0.00	100.00	0.00
204.08	0.00	394.23
238.31	0.00	203.36
1955.56	0.00	137.20
2193.88	0.00	26.06
2193.88	0.00	26.11
977.82	0.14	223.13
977.82	0.14	204.56
2193.88	0.00	90.04
2193.81	0.00	26.42
868.14	0.16	65.81
1295.42	0.00	60.05
443.02	0.14	76.68
869.53	0.00	70.13
1756.81	0.00	26.47
532.37	0.00	59.21
865.93	0.41	48.15
1721.32	0.00	33.39
443.02	0.14	81.26
2502.45	0.00	9.73
0.00	100.00	0.00
2502.45	0.00	59.31
0.00	100.00	0.00
2355.18	5.89	116.28
2502.45	0.00	59.31
147.20	0.00	52.00
0.00	100.00	0.00
0.00	100.00	0.00
520.31	0.00	232.19
198.00	0.00	222.75
1809.84	3.72	37.41
940.49	0.00	34.69
939.10	0.00	217.53
782.21	0.00	240.12
742.99	0.00	134.61
940.80	0.00	34.08
1879.90	0.00	18.31
1341.51	0.00	33.04
650.73	0.00	63.49
1131.27	0.00	56.99
1151.29	0.00	51.51
450.51	0.00	73.09
1053.28	3.48	47.62
2492.80	0.00	8.09
260.29	0.00	69.65
1129.46	0.16	54.59
17565.77	0.00	3.30
1632.04	0.00	18.46
2162.95	0.00	24.61
2162.95	0.00	21.91
2136.73	0.00	19.89
825.85	0.00	65.11
2257.65	0.16	46.01
819.30	0.00	64.51
3762.22	0.00	8.99
0.00	100.00	0.00
0.00	100.00	0.00
1056.34	0.00	16.28
1056.34	0.00	81.86
1056.34	50.00	72.80
0.00	100.00	0.00
0.00	100.00	0.00
62.14	66.67	146.95
1917.19	6.50	146.46
1185.36	0.00	11.39
1185.36	0.00	18.27
134.61	3.48	67.45
0.00	100.00	0.00
2231.26	0.00	4.09
139.45	0.00	119.38
2231.26	5.88	65.05
139.45	0.00	58.67
2091.81	11.76	121.47
0.00	100.00	0.00
0.00	100.00	0.00
176.47	0.00	46.46
2823.53	0.00	91.80
0.00	100.00	0.00
2552.25	14.92	53.34
176.47	0.00	90.67
0.00	100.00	0.00
3000.00	0.00	6.32
2056.61	6.01	70.83
2059.50	0.00	64.88
1094.11	0.00	7.90
124.24	3.48	72.65
2188.22	0.00	67.91
0.00	100.00	0.00
2059.50	5.88	74.45
128.72	0.00	68.38
0.00	100.00	0.00
2203.98	0.00	4.14
129.65	0.00	74.58
2203.98	0.00	71.83
2074.33	5.88	133.96
0.00	100.00	0.00
0.00	100.00	0.00
0.00	100.00	0.00
0.00	100.00	0.00
2071.42	0.14	12.79
0.00	100.00	0.00
2255.82	5.88	120.83
0.00	100.00	0.00
2255.82	0.00	122.09
2396.80	0.00	3.83
1198.40	0.00	7.20
0.00	100.00	0.00
140.99	0.00	113.83
2396.80	0.00	3.84
756.03	0.00	81.82
426.73	0.00	63.14
1182.76	0.00	30.31
759.39	0.00	70.46
2678.01	0.00	9.99
423.37	0.00	56.92
2167.27	0.00	53.84
2745.21	0.00	9.74
1092.04	0.00	60.64
2528.51	0.00	9.63
148.74	0.00	58.65
148.74	0.00	59.11
2528.51	0.00	63.23
0.00	100.00	0.00
143.41	93.78	119.32
1264.25	0.00	6.87
2528.51	0.00	3.66
0.00	100.00	0.00
0.00	100.00	0.00
83.37	0.14	100.00
1409.74	0.67	23.04
1413.85	0.38	104.46
1287.90	9.25	226.39
1333.61	6.03	113.97
83.48	0.00	108.02
1419.23	0.00	6.17
0.00	100.00	0.00
2264.78	0.00	44.96
1540.65	0.38	65.25
1683.71	0.00	81.96
1740.69	0.00	167.64
3424.56	0.00	19.43
2871.98	0.00	22.23
883.74	0.00	60.88
856.13	0.00	122.69
1877.94	0.00	31.53
0.00	100.00	0.00
2158.88	0.00	10.26
539.72	0.00	19.59
1619.16	25.00	110.71
476.22	6.25	144.39
126.99	0.00	64.39
126.81	0.14	68.77
2158.88	0.00	72.79
2158.88	0.00	4.21
1055.28	0.00	92.77
2031.41	0.00	49.94
720.72	21.95	105.44
439.70	0.00	117.86
1204.78	0.00	17.42
228.64	0.00	150.11
404.52	0.00	113.86
2462.32	0.00	18.47
615.58	0.00	93.40
853.85	3.48	89.94
916.78	0.00	70.50
675.52	0.00	78.48
455.71	0.00	97.70
1919.33	0.00	16.52
916.78	0.00	24.58
139.39	0.00	108.19
1011.86	0.14	34.93
670.16	0.00	74.48
319.14	0.00	132.48
2128.74	0.16	136.20
274.73	0.14	322.09
3726.85	0.00	13.82
2910.75	0.00	105.71
2132.08	0.00	134.91
495.21	0.00	128.34
2407.26	0.00	39.68
2407.26	0.00	20.22
2063.04	0.00	4.39
0.00	100.00	0.00
1031.52	0.00	16.51
1030.07	0.14	133.60
1977.99	4.12	82.59
2063.04	0.00	9.45
0.00	100.00	0.00
0.00	100.00	0.00
0.00	100.00	0.00
1707.51	0.68	95.08
0.00	100.00	0.00
1584.85	7.81	177.02
101.13	0.00	98.33
1719.20	0.00	5.17
0.00	100.00	0.00
859.60	0.00	176.48
859.60	0.00	193.19
0.00	100.00	0.00
0.00	100.00	0.00
1151.63	0.00	22.66
0.00	100.00	0.00
1151.63	0.00	13.07
0.00	100.00	0.00
0.00	100.00	0.00
2167.78	5.88	79.89
135.49	0.00	60.38
1102.84	4.24	81.46
2052.16	5.88	135.81
0.00	100.00	0.00
128.26	0.00	63.76
0.00	100.00	0.00
127.73	0.41	68.37
0.00	100.00	0.00
2180.42	0.00	4.18
2180.42	0.00	4.20
2048.88	6.03	78.71
0.00	100.00	0.00
0.00	100.00	0.00
113.71	0.14	146.89
1935.73	0.00	158.31
0.00	100.00	0.00
0.00	100.00	0.00
113.71	0.14	155.23
0.00	100.00	0.00
1705.60	11.89	154.76
2241.24	0.14	10.53
2244.39	0.00	8.14
2112.37	5.88	127.95
0.00	100.00	0.00
132.02	0.00	61.88
1980.34	9.09	128.59
1117.54	0.41	12.05
0.00	100.00	0.00
132.02	0.00	126.09
1101.50	0.00	54.58
278.85	0.00	295.35
278.76	0.00	293.21
1878.85	0.00	147.54
1599.93	0.16	170.88
1542.95	3.58	178.69
278.23	0.16	213.28
2045.82	5.27	20.89
1101.41	0.00	35.32
0.00	100.00	0.00
0.00	100.00	0.00
97.68	94.12	274.73
830.26	0.00	93.59
0.00	100.00	0.00
1560.34	6.03	338.84
97.68	0.00	83.58
830.26	0.00	99.15
0.00	100.00	0.00
1073.82	0.00	127.32
1014.10	3.48	307.72
1166.45	0.00	78.84
1164.59	0.16	122.98
1054.37	0.00	485.72
1164.82	0.14	166.78
583.60	0.00	537.55
581.39	0.38	569.83
1073.07	0.00	228.25
1219.26	0.00	77.41
1866.32	0.00	37.14
1539.18	0.16	116.86
647.16	0.00	165.72
1866.43	0.00	19.16
959.15	0.00	53.15
1541.56	0.14	99.05
1866.43	0.00	19.32
325.29	0.00	170.54
919.60	4.24	81.68
685.92	0.00	85.50
960.28	0.00	43.08
881.89	0.00	63.06
607.53	0.00	78.62
1489.42	0.00	18.22
472.90	3.48	89.74
1469.82	0.00	54.29
881.89	0.00	67.02
0.00	100.00	0.00
0.00	100.00	0.00
0.00	100.00	0.00
0.00	100.00	0.00
1961.50	0.00	77.67
1961.50	0.00	81.96
0.00	100.00	0.00
653.83	0.00	26.19
0.00	100.00	0.00
0.00	100.00	0.00
2738.34	0.00	57.69
0.00	100.00	0.00
912.78	0.00	9.35
2738.34	0.00	6.83
912.78	0.00	15.99
2734.49	0.14	8.91
2738.34	0.00	3.42
0.00	100.00	0.00
321.89	0.00	191.80
396.18	0.00	103.35
308.23	0.41	208.47
1011.35	0.38	148.88
1683.75	0.00	20.97
642.76	0.16	155.14
1262.81	0.00	112.77
396.18	0.00	125.48
630.52	0.14	144.77
0.00	100.00	0.00
1856.35	5.27	5.28
1959.65	0.00	4.59
1841.43	6.03	150.25
0.00	100.00	0.00
1844.38	5.88	75.43
0.00	100.00	0.00
115.11	0.14	142.04
1959.65	0.00	4.59
1795.62	0.00	19.10
1786.10	0.00	45.00
594.53	0.14	58.76
1027.48	4.12	76.41
595.37	0.00	44.52
1781.33	0.00	35.29
1781.33	0.00	42.94
687.76	0.41	88.24
594.53	0.14	68.89
2751.28	0.00	14.52
408.37	0.00	88.86
733.42	0.00	114.78
2750.63	0.00	14.26
1952.40	0.00	44.92
1218.46	0.00	126.99
1952.40	0.00	19.05
2342.91	0.00	73.37
733.42	0.00	116.03
133.17	0.00	130.98
0.00	100.00	0.00
133.17	0.00	165.31
0.00	100.00	0.00
2130.65	5.88	65.46
2130.65	5.88	111.14
133.17	0.00	65.95
1997.48	6.25	67.03
2263.82	0.00	4.04
2655.74	0.00	25.29
1008.20	3.58	101.47
1328.99	0.00	70.77
1326.74	0.00	35.00
2657.98	0.00	10.05
2655.74	0.00	10.06
1322.64	0.14	35.08
281.09	0.00	142.59
2655.74	0.00	9.91
1254.90	5.88	69.75
0.00	100.00	0.00
2666.67	0.00	15.68
1411.76	45.45	56.54
156.86	0.00	52.21
1174.59	11.91	112.59
1174.59	11.91	112.77
1254.90	5.88	121.32
156.86	0.00	52.21
470.24	0.16	171.38
1955.44	0.00	17.08
733.07	0.14	100.04
422.27	0.00	146.82
1536.42	0.00	93.01
405.46	0.14	167.47
1637.12	0.00	19.85
1952.20	0.00	16.83
1536.42	0.00	74.58
0.00	100.00	0.00
2120.97	0.00	135.35
0.00	100.00	0.00
0.00	100.00	0.00
0.00	100.00	0.00
0.00	100.00	0.00
1060.49	0.00	29.01
1060.49	0.00	12.46
2120.91	0.00	8.60
1519.04	3.80	69.62
417.53	0.00	262.79
130.37	0.00	480.12
1442.71	0.41	131.33
645.57	0.00	45.04
1160.89	0.00	220.65
1230.15	0.00	210.09
109.40	0.00	265.59
732.48	0.00	40.48
2295.74	6.27	64.78
0.00	100.00	0.00
0.00	100.00	0.00
0.00	100.00	0.00
144.08	0.00	118.60
144.08	0.00	111.95
144.08	0.00	56.81
2161.21	11.76	62.96
0.00	100.00	0.00
2341.37	0.00	448.34
1256.91	3.48	197.78
2222.44	0.00	424.64
1183.26	0.00	185.52
148.42	0.16	1081.06
148.66	0.00	527.96
2341.37	0.00	381.52
1183.26	0.00	106.84
1183.26	0.00	68.78
18000.00	0.00	0.45
0.00	100.00	0.00
18000.00	0.00	0.45
0.00	100.00	0.00
0.00	100.00	0.00
0.00	100.00	0.00
0.00	100.00	0.00
0.00	100.00	0.00
0.00	100.00	0.00
826.83	0.00	14.03
206.71	0.00	91.95
3100.60	6.25	49.40
3307.30	5.88	46.65
2470.20	0.41	6.83
3514.01	0.00	2.76
0.00	100.00	0.00
826.83	0.00	10.27
0.00	100.00	0.00
0.00	100.00	0.00
0.00	100.00	0.00
1204.21	52.94	63.48
0.00	100.00	0.00
1279.48	0.00	6.80
1279.48	0.00	6.80
150.53	0.00	54.39
2554.86	0.16	113.28
2408.43	3.03	59.40
2019.86	0.00	55.34
672.57	0.00	152.40
672.57	0.00	139.24
2022.01	0.00	22.01
1883.19	0.00	98.89
1274.33	3.72	49.48
672.57	0.00	112.68
2556.84	0.00	34.18
2556.84	0.00	39.00
1083.19	0.00	14.99
2162.91	0.16	72.81
2166.37	0.00	10.79
0.00	100.00	0.00
123.00	3.48	131.91
2038.94	3.03	66.74
2038.94	3.03	68.99
127.43	0.00	64.17
2038.94	3.03	73.22
1528.45	6.36	289.14
1771.96	0.00	57.74
1254.38	0.00	370.08
1771.98	0.00	23.96
134.08	86.94	1344.95
124.84	0.00	270.54
500.12	0.00	328.96
199.20	29.60	1198.18
104.72	0.00	433.45
450.55	0.00	86.22
2213.58	0.00	24.81
293.84	0.00	94.42
813.05	3.48	75.10
440.76	0.00	100.21
253.69	0.38	79.76
803.59	3.48	83.30
675.83	0.00	83.27
685.62	0.00	68.07
778.79	3.48	272.09
1294.05	0.00	151.27
269.81	0.00	335.24
1062.93	0.45	58.79
312.48	0.16	287.27
1033.13	0.00	57.63
1551.17	0.00	174.65
323.43	0.00	194.87
1828.07	0.16	134.27
382.65	0.00	115.88
367.93	0.00	142.98
426.80	0.00	118.20
662.27	0.00	88.64
1398.13	0.00	60.12
750.58	0.00	30.57
1392.34	0.41	64.71
382.65	0.00	89.67
367.92	0.00	85.26
130.27	0.00	67.30
0.00	100.00	0.00
0.00	100.00	0.00
2214.66	0.00	4.12
2214.66	0.00	4.12
130.27	0.00	65.04
0.00	100.00	0.00
2214.66	0.00	4.12
2084.39	5.88	131.56
2169.38	1.90	4.47
0.00	100.00	0.00
2211.30	0.00	69.77
2081.23	3.03	195.16
0.00	100.00	0.00
2132.10	3.58	4.64
2211.30	0.00	4.12
1105.65	0.00	19.96
1105.62	0.00	14.69
698.82	0.16	176.40
217.09	3.72	251.69
549.42	0.00	178.57
526.54	0.00	84.18
669.84	0.00	160.72
338.68	0.00	185.10
699.94	0.00	165.02
1594.67	0.00	17.84
188.46	0.00	246.58
1038.15	0.41	14.55
0.00	100.00	0.00
1389.96	0.00	9.88
1040.80	0.16	11.82
1388.01	0.14	9.89
3127.41	0.00	49.29
2779.92	0.00	6.74
1042.47	0.00	8.24
2779.92	0.00	11.68
386.12	0.00	298.48
1553.13	0.00	198.05
1476.82	0.00	205.24
695.00	0.00	133.06
758.15	0.14	119.81
1553.62	0.00	157.09
690.11	4.12	122.52
694.97	0.00	149.22
386.10	0.00	335.79
497.06	0.00	73.74
894.71	0.00	46.99
1312.24	0.00	15.07
1292.36	0.00	41.56
516.94	0.00	35.22
914.59	0.00	19.42
497.06	0.00	37.08
1709.89	0.00	32.21
894.71	0.00	43.22
1211.49	7.01	168.14
1849.29	0.00	35.71
633.24	12.61	167.95
114.37	0.00	180.23
1196.65	0.00	169.29
1083.41	20.19	188.82
523.44	0.00	189.80
559.26	0.16	155.73
114.37	0.00	221.91
832.26	0.67	134.31
415.61	0.00	215.73
830.04	0.14	169.75
831.21	0.00	169.75
1672.40	0.00	22.58
795.99	4.24	155.63
415.61	0.00	172.04
1669.07	0.00	22.85
831.21	0.00	130.10
0.00	100.00	0.00
2324.87	0.00	69.43
1162.40	0.00	11.69
2324.87	0.00	3.94
2188.12	3.03	69.56
1160.81	0.14	11.23
2119.74	11.43	68.06
136.76	0.00	59.82
68.38	0.00	120.14
171.39	0.00	241.14
2129.20	0.00	28.46
308.55	0.00	61.44
1649.54	0.00	86.09
879.73	3.48	110.97
1074.59	0.00	124.66
2129.20	0.00	10.83
2128.93	0.00	21.11
2129.20	0.00	10.83
0.00	100.00	0.00
2117.65	3.03	64.28
132.35	0.00	68.12
0.00	100.00	0.00
0.00	100.00	0.00
2250.00	0.00	66.31
0.00	100.00	0.00
0.00	100.00	0.00
2250.00	0.00	10.83
2448.59	0.00	3.77
138.10	4.12	69.83
144.03	0.00	58.63
144.03	0.00	64.06
2304.55	0.00	59.70
2016.48	17.65	64.52
2448.59	0.00	64.50
0.00	100.00	0.00
144.03	0.00	64.51
0.00	100.00	0.00
1517.26	3.28	254.40
1568.71	5.88	90.30
1659.23	0.45	10.85
48.95	97.06	182.16
1562.21	6.27	168.33
0.00	100.00	0.00
98.04	0.00	256.43
97.89	0.16	83.51
0.00	100.00	0.00
1546.61	11.89	157.71
0.00	100.00	0.00
103.25	0.00	85.18
0.00	100.00	0.00
1692.43	3.58	18.16
0.00	100.00	0.00
1755.29	0.00	104.77
1755.29	0.00	5.08
374.25	75.63	1060.20
520.76	32.26	556.68
1555.39	0.00	107.23
1148.84	0.68	100.20
71.31	60.71	1729.25
69.04	0.00	682.47
949.79	33.29	912.66
123.63	86.29	795.37
1502.29	0.00	32.66
1630.37	3.48	92.07
1906.39	0.00	13.42
563.15	0.00	109.44
778.33	0.00	39.98
2469.54	0.00	10.61
777.99	0.00	57.30
390.57	0.00	67.21
2111.55	0.00	75.66
216.60	0.00	123.58
987.79	0.41	13.37
0.00	100.00	0.00
1800.23	9.25	96.13
1983.79	0.00	143.74
1983.79	0.00	9.09
1983.79	0.00	4.54
0.00	100.00	0.00
0.00	100.00	0.00
116.53	0.14	74.84
0.00	100.00	0.00
1814.76	11.76	71.94
120.98	0.00	135.24
120.98	0.00	76.22
0.00	100.00	0.00
120.98	0.00	75.65
1811.86	6.40	139.45
120.98	0.00	67.57
2048.20	0.41	72.39
1238.54	0.16	26.68
1240.52	0.00	66.81
0.00	100.00	0.00
2481.05	0.00	3.72
1240.52	0.00	10.72
1238.78	0.14	16.38
1240.52	0.00	7.00
1240.52	0.00	70.54
2394.78	3.48	8.30
0.00	100.00	0.00
157.07	0.00	66.29
1335.04	0.00	6.57
2513.09	3.03	59.37
1254.78	6.01	58.72
1178.01	0.00	16.62
1335.08	0.00	21.58
1254.78	6.01	63.24
156.42	0.41	55.82
542.61	0.00	79.00
991.66	0.00	106.72
1047.80	0.00	30.01
523.74	3.48	124.22
654.87	0.00	129.04
451.50	3.48	136.46
559.19	0.38	86.18
1590.36	0.00	76.19
505.17	0.00	65.64
0.00	100.00	0.00
0.00	100.00	0.00
664.70	0.00	66.21
0.00	100.00	0.00
1283.17	3.48	135.16
0.00	100.00	0.00
2658.79	0.00	56.29
0.00	100.00	0.00
664.70	0.00	68.85
146.31	0.00	63.54
0.00	100.00	0.00
1170.41	5.89	71.80
146.31	0.00	60.12
2259.50	6.40	129.32
0.00	100.00	0.00
1170.41	5.89	66.71
0.00	100.00	0.00
2476.89	0.41	13.11
0.00	100.00	0.00
1625.94	0.14	25.42
1436.67	11.76	267.09
0.00	100.00	0.00
808.67	0.67	21.12
1628.22	0.00	11.47
0.00	100.00	0.00
95.78	0.00	174.54
1628.22	0.00	5.44
0.00	100.00	0.00
1125.00	50.00	68.57
0.00	100.00	0.00
0.00	100.00	0.00
1058.82	54.29	128.11
1058.82	5.88	69.47
1125.00	0.00	7.67
132.35	0.00	61.80
1125.00	0.00	7.67
854.62	0.00	157.60
1687.20	0.00	106.23
1687.16	0.00	235.43
1598.30	5.27	59.45
832.63	0.00	159.32
711.87	0.14	380.51
1615.63	4.24	227.06
967.22	0.16	409.73
832.63	0.00	150.85
132.02	0.00	71.23
1980.34	0.00	196.68
0.00	100.00	0.00
2244.39	0.00	66.06
0.00	100.00	0.00
2112.37	0.00	4.30
0.00	100.00	0.00
0.00	100.00	0.00
132.02	0.00	179.53
1754.98	0.00	115.64
366.35	0.00	185.40
1084.99	0.00	130.08
2119.58	0.00	57.85
1081.48	0.00	146.85
2120.16	0.00	38.58
1756.15	0.00	20.99
672.92	0.00	48.63
2044.23	3.58	37.96
2571.43	0.00	12.63
2420.17	0.00	63.15
0.00	100.00	0.00
2268.91	11.76	62.25
151.26	0.00	54.13
151.26	0.00	55.94
2268.91	11.76	59.09
151.26	0.00	114.58
151.26	0.00	54.58
2171.88	0.00	124.78
280.61	0.00	282.64
1016.73	3.58	171.03
1023.65	3.58	175.37
1153.74	47.23	197.60
551.08	0.14	127.80
280.58	0.00	150.16
1297.00	0.00	210.03
839.47	83.26	208.96
119.64	0.00	72.75
2033.90	0.00	4.44
0.00	100.00	0.00
0.00	100.00	0.00
1016.95	0.00	81.19
119.64	0.00	150.99
1907.00	6.24	157.36
2033.90	0.00	4.44
0.00	100.00	0.00
579.15	0.00	19.68
579.15	0.00	14.02
0.00	100.00	0.00
0.00	100.00	0.00
2316.60	0.00	68.75
1158.30	0.00	72.03
2312.90	0.16	12.12
2316.60	0.00	3.96
0.00	100.00	0.00
837.80	0.00	101.16
527.19	0.14	118.85
298.39	0.00	107.10
298.39	0.00	72.32
298.39	0.00	84.47
298.39	0.00	56.99
1600.07	0.41	39.72
516.43	0.00	101.53
756.25	0.16	82.75
964.42	0.00	94.03
568.20	0.16	145.39
926.34	3.58	109.24
1110.73	0.16	97.55
1810.13	0.00	11.94
153.96	0.16	150.14
844.48	0.00	97.88
843.26	0.00	111.59
961.97	0.00	94.00
468.87	0.00	440.34
2316.89	0.00	50.75
2143.36	3.58	133.58
2316.89	0.00	66.25
451.53	0.00	307.33
457.31	0.00	196.07
527.39	0.00	376.93
449.82	0.38	327.93
2220.09	0.00	65.60
889.53	0.00	13.21
2511.63	5.88	59.17
0.00	100.00	0.00
0.00	100.00	0.00
0.00	100.00	0.00
0.00	100.00	0.00
2668.60	0.00	113.06
0.00	100.00	0.00
889.53	0.00	12.76
410.23	0.16	87.71
426.69	0.00	120.13
1501.32	0.00	52.73
394.53	0.14	90.84
726.95	0.00	50.14
710.01	0.16	75.72
1817.38	0.00	43.47
1027.22	0.00	67.32
1864.74	0.00	13.09
0.00	100.00	0.00
0.00	100.00	0.00
2017.94	0.00	74.25
2017.94	0.00	74.25
1008.97	0.00	8.50
2017.94	0.00	4.47
2017.94	0.00	8.95
0.00	100.00	0.00
1911.56	5.27	5.16
928.72	0.00	114.56
1586.36	0.00	158.91
892.61	0.00	103.22
892.61	0.00	76.78
1076.72	3.58	232.88
892.61	0.00	76.90
740.77	0.00	258.87
892.65	0.00	70.07
235.05	0.00	167.07
415.33	0.00	120.67
801.69	0.00	59.34
795.25	0.00	111.69
795.25	0.00	106.21
1381.42	3.58	90.10
1857.73	0.00	17.14
793.98	0.16	82.95
1112.21	0.16	57.39
1120.43	0.00	27.98
2089.46	0.00	82.29
0.00	100.00	0.00
1843.70	11.76	143.15
122.91	0.00	67.30
2014.68	3.58	20.71
122.91	88.24	80.52
0.00	100.00	0.00
0.00	100.00	0.00
0.00	100.00	0.00
0.00	100.00	0.00
1836.61	6.03	90.04
1954.52	0.00	88.88
110.97	3.48	86.61
0.00	100.00	0.00
1954.52	0.00	90.26
1954.52	0.00	9.21
0.00	100.00	0.00
1954.52	0.00	9.24
1480.49	14.92	101.99
1637.85	5.88	100.78
818.93	5.88	100.09
102.37	0.00	159.55
102.37	0.00	79.55
818.93	0.00	109.75
102.37	0.00	79.55
0.00	100.00	0.00
1740.22	0.00	10.25
1598.77	0.00	113.78
278.10	0.00	136.02
829.86	0.00	151.07
1043.45	0.00	128.70
1875.18	0.00	36.74
1875.18	0.00	17.90
1045.32	0.00	30.54
1875.18	0.00	19.65
1867.41	0.41	18.49
1025.64	0.00	65.47
727.49	0.00	234.95
762.37	0.00	216.66
1223.36	0.00	84.63
257.03	0.00	210.37
760.73	0.00	58.81
2248.99	0.00	73.43
1468.53	3.48	230.59
1486.62	0.00	225.81
3584.78	0.00	76.33
1895.46	0.00	21.40
3797.55	0.00	11.92
212.77	0.00	169.38
1902.04	0.00	21.58
3159.22	14.70	147.01
3797.54	0.00	11.92
212.74	0.00	194.76
205.35	3.48	260.60
0.00	100.00	0.00
2117.65	5.88	70.61
0.00	100.00	0.00
132.35	0.00	62.93
2250.00	0.00	66.52
2250.00	0.00	4.06
0.00	100.00	0.00
0.00	100.00	0.00
0.00	100.00	0.00
0.00	100.00	0.00
1880.26	5.88	78.58
1997.78	0.00	12.19
117.52	0.00	74.06
0.00	100.00	0.00
0.00	100.00	0.00
1997.78	0.00	4.52
0.00	100.00	0.00
0.00	100.00	0.00
486.39	0.00	116.89
434.28	0.00	107.27
521.13	0.00	142.12
938.04	0.00	105.60
1747.22	0.41	59.10
538.51	0.00	133.99
434.28	0.00	141.16
1771.86	0.00	36.67
903.30	0.00	87.70
846.91	3.48	96.32
1111.40	0.00	16.78
0.00	100.00	0.00
1111.40	42.42	215.45
0.00	100.00	0.00
876.19	11.89	87.73
116.83	0.14	74.69
0.00	100.00	0.00
876.19	11.89	83.26
1342.84	0.00	145.52
139.97	0.00	161.78
2161.70	0.00	11.32
1129.33	0.00	30.81
657.94	0.00	49.76
233.13	0.00	277.26
1373.23	0.14	108.17
161.59	0.00	248.27
739.89	0.16	117.09
292.05	0.00	234.61
1882.06	0.00	143.56
251.88	0.00	246.43
251.52	0.14	213.40
2629.26	0.00	77.93
251.07	0.00	228.31
2886.36	0.00	24.02
2334.72	0.41	90.62
2384.21	0.00	101.44
128.57	0.00	131.27
2185.71	0.00	11.14
2185.71	0.00	67.77
0.00	100.00	0.00
128.57	0.00	67.78
1925.49	11.91	133.78
2057.14	5.88	72.84
124.10	3.48	137.52
0.00	100.00	0.00
2365.31	4.00	64.66
147.83	0.00	117.02
2513.14	0.00	8.82
788.44	11.11	66.06
837.71	0.00	10.15
2513.14	0.00	3.68
788.44	0.00	66.02
785.45	68.75	60.79
0.00	100.00	0.00
804.06	52.78	486.02
905.39	0.00	152.02
50.72	53.34	1177.43
1636.26	8.60	366.09
884.12	0.38	296.39
905.40	0.00	54.60
853.38	6.28	451.66
67.02	0.38	1049.53
853.40	0.00	390.55
1214.27	0.00	39.43
2383.57	0.00	13.55
1124.33	0.00	54.75
1169.30	0.00	24.05
2338.60	0.00	13.81
1124.33	0.00	38.63
1214.27	0.00	25.76
1122.75	0.14	44.60
1122.75	0.14	44.82
735.73	0.00	97.84
786.07	3.48	91.33
1572.60	0.00	10.88
735.75	0.00	77.90
730.14	0.00	82.49
702.03	0.00	96.21
146.03	0.00	111.33
825.62	0.00	72.11
1555.75	0.00	20.89
1580.25	0.00	98.36
1679.01	0.00	10.55
0.00	100.00	0.00
98.77	0.00	100.14
0.00	100.00	0.00
1580.25	5.88	91.40
98.77	0.00	99.69
1676.33	0.16	98.21
0.00	100.00	0.00
1961.18	0.00	78.20
0.00	100.00	0.00
1890.94	9.25	127.27
2083.76	0.00	4.35
2080.42	0.16	8.83
122.57	0.00	137.43
2075.12	0.41	71.48
0.00	100.00	0.00
0.00	100.00	0.00
2172.58	0.00	22.95
644.55	0.00	39.65
1150.19	0.00	90.94
277.82	0.00	122.78
1116.85	0.00	108.37
905.41	3.58	117.73
150.02	0.00	122.90
527.87	0.00	44.43
789.02	0.00	103.61
658.21	65.53	393.14
217.20	0.00	341.39
2032.33	0.00	47.24
217.20	48.98	501.05
2032.33	0.00	63.14
1815.35	0.00	155.75
858.39	0.16	187.09
1002.75	0.16	46.01
988.71	0.00	226.83
2521.35	0.00	12.88
148.32	0.00	55.20
0.00	100.00	0.00
2373.10	3.03	58.51
0.00	100.00	0.00
2521.42	0.00	3.67
1260.71	0.00	70.36
2521.42	0.00	7.37
1260.71	0.00	66.72
0.00	100.00	0.00
0.00	100.00	0.00
1882.35	5.88	74.43
0.00	100.00	0.00
1882.35	0.00	4.76
0.00	100.00	0.00
0.00	100.00	0.00
2000.00	0.00	9.02
1882.35	0.00	147.93
2402.57	0.00	198.33
784.84	0.00	408.68
2051.55	3.48	379.14
222.57	0.41	293.20
223.50	0.00	403.28
2626.07	0.00	23.67
2626.07	0.00	23.71
230.22	88.13	1327.70
1691.27	31.15	274.50
0.00	100.00	0.00
1808.83	0.00	41.75
1808.83	0.00	13.47
0.00	100.00	0.00
0.00	100.00	0.00
1808.83	0.00	168.33
106.40	0.00	76.76
0.00	100.00	0.00
0.00	100.00	0.00
548.58	0.00	136.27
544.73	0.41	131.55
388.45	0.00	157.00
1086.03	0.00	110.72
199.45	0.16	120.07
201.36	0.00	113.98
1485.61	0.00	16.03
1484.02	0.00	15.66
1418.28	4.12	56.88
971.42	83.36	89.24
0.00	100.00	0.00
1945.95	0.00	78.83
1945.95	0.00	4.62
972.97	0.00	82.10
1945.95	0.00	4.63
0.00	100.00	0.00
972.97	0.00	8.80
0.00	100.00	0.00
2126.18	0.00	70.52
0.00	100.00	0.00
0.00	100.00	0.00
2259.14	0.00	4.05
2259.14	0.00	8.09
0.00	100.00	0.00
132.89	0.00	65.65
132.89	0.00	65.65
0.00	100.00	0.00
367.83	0.00	97.59
1363.93	0.00	91.18
718.65	0.00	130.27
1741.78	0.00	66.50
659.99	0.00	129.56
718.65	0.00	124.29
2018.63	3.72	30.73
366.65	0.00	144.73
367.25	0.00	84.42
0.00	100.00	0.00
113.12	93.94	160.00
1841.60	4.24	22.52
1923.08	0.00	4.67
0.00	100.00	0.00
113.12	0.00	147.93
961.54	0.00	15.86
1809.95	3.03	149.84
1809.95	0.00	77.64
886.21	0.00	64.41
1004.38	0.00	22.55
2402.63	0.00	10.91
492.34	0.00	80.75
886.21	0.00	53.38
1378.56	0.00	17.56
512.03	0.00	58.99
492.34	0.00	74.43
2382.93	0.00	11.28
1074.01	3.58	98.71
281.92	0.00	139.13
606.93	0.00	204.88
1902.59	0.00	107.90
1577.52	0.00	135.53
1032.20	3.58	63.01
2184.47	0.00	19.22
2181.38	0.14	38.25
1070.54	0.00	69.87
877.92	0.00	230.15
1776.59	0.41	65.45
1901.02	0.00	39.15
877.92	0.00	123.86
983.08	3.48	73.98
1828.90	3.48	148.12
2806.47	0.00	116.53
1783.93	0.00	40.09
3684.50	0.00	22.02
2376.10	0.00	47.51
1671.05	0.00	111.16
701.67	0.00	168.93
352.24	0.00	168.39
2026.67	0.00	16.67
1325.57	0.00	25.01
700.69	0.14	148.68
352.81	0.00	95.35
972.17	0.00	95.07
0.00	100.00	0.00
148.83	0.00	114.65
2381.35	5.88	177.33
0.00	100.00	0.00
148.83	0.00	57.44
0.00	100.00	0.00
0.00	100.00	0.00
0.00	100.00	0.00
2530.18	0.00	58.71
0.00	100.00	0.00
1505.72	5.88	93.73
0.00	100.00	0.00
0.00	100.00	0.00
1597.27	0.16	179.39
0.00	100.00	0.00
0.00	100.00	0.00
0.00	100.00	0.00
1505.72	5.88	276.78
774.95	0.16	14.32
776.20	0.00	10.91
2328.59	0.00	7.88
2328.59	0.00	13.45
2328.59	0.00	3.94
2325.32	0.14	64.53
776.17	0.00	22.28
0.00	100.00	0.00
776.17	0.00	27.54
0.00	100.00	0.00
0.00	100.00	0.00
1568.97	5.88	92.55
0.00	100.00	0.00
196.12	0.00	44.81
0.00	100.00	0.00
1568.92	5.89	50.11
3204.80	3.88	53.07
3334.06	0.00	2.89
880.56	0.00	117.00
962.62	0.00	105.61
489.18	0.00	266.06
489.18	0.00	250.15
489.21	0.00	94.68
883.69	0.00	171.34
1854.31	0.41	56.40
879.12	0.16	74.42
1862.06	0.00	65.62
1027.40	0.00	80.39
0.00	100.00	0.00
120.87	0.00	65.65
1025.96	50.07	141.08
1983.35	3.48	63.17
120.87	0.00	136.05
2054.79	0.00	72.27
0.00	100.00	0.00
1933.92	5.88	139.21
682.76	0.00	48.10
1529.87	3.48	60.74
1219.21	0.00	37.63
609.61	0.00	66.11
633.99	0.00	73.38
1731.29	0.00	34.35
2901.73	0.00	9.94
1114.18	0.67	36.89
609.61	0.00	62.05
2100.96	0.00	45.98
324.97	0.00	221.57
370.31	0.00	259.92
1700.74	4.24	119.71
1211.70	0.00	137.06
314.89	0.00	275.60
619.71	0.00	141.18
2095.49	0.14	38.38
318.72	0.38	183.29
1063.08	0.41	68.70
667.19	0.00	125.12
346.94	0.00	166.41
333.60	0.00	158.12
1307.69	0.00	21.80
346.94	0.00	117.98
333.60	0.00	136.41
2375.20	0.00	12.70
333.60	0.00	104.76
1392.88	0.00	90.02
469.35	0.00	229.91
542.98	0.38	297.22
1877.70	0.00	28.17
1327.15	0.38	144.97
1877.04	0.00	77.49
1874.24	0.16	54.54
938.55	0.00	194.67
1407.90	0.00	118.65
872.85	0.00	75.90
314.23	0.00	98.06
2650.97	0.00	10.67
859.17	0.14	80.45
314.23	0.00	96.71
1224.48	0.00	21.37
2027.50	0.00	66.60
1785.60	0.00	25.61
910.26	0.00	79.52
0.00	100.00	0.00
0.00	100.00	0.00
1720.65	0.00	5.17
1720.65	0.00	10.34
1720.65	0.00	57.08
101.21	0.00	85.85
1612.72	0.41	90.04
0.00	100.00	0.00
1720.65	0.00	85.85
1934.34	2.20	86.04
0.00	100.00	0.00
0.00	100.00	0.00
686.18	0.00	12.28
657.89	4.12	24.57
2058.53	0.00	4.40
121.09	0.00	67.51
2049.99	0.41	76.83
0.00	100.00	0.00
1717.84	0.68	18.91
0.00	100.00	0.00
101.74	0.00	80.71
101.74	0.00	85.39
0.00	100.00	0.00
1627.85	5.88	163.38
101.74	94.12	168.52
0.00	100.00	0.00
0.00	100.00	0.00
0.00	100.00	0.00
1356.32	5.88	54.43
169.30	0.14	100.20
2708.82	0.14	100.39
2882.17	0.00	3.27
168.90	93.96	101.39
169.54	0.00	48.34
2712.63	0.00	100.01
0.00	100.00	0.00
398.89	0.00	81.09
1735.82	0.00	28.70
885.15	0.00	92.51
1017.07	0.14	83.32
534.54	0.00	89.45
2135.87	0.00	9.17
1105.11	9.73	84.37
1109.28	0.00	85.74
138.70	3.48	143.91
0.00	100.00	0.00
0.00	100.00	0.00
1582.92	0.45	11.32
1590.11	0.00	15.32
0.00	100.00	0.00
1590.11	0.00	11.12
93.40	93.76	267.85
0.00	100.00	0.00
1352.78	14.92	201.11
0.00	100.00	0.00
2055.97	0.00	68.37
128.50	0.00	63.64
0.00	100.00	0.00
2184.47	0.00	74.34
2181.40	0.14	13.06
128.50	0.00	63.64
0.00	100.00	0.00
0.00	100.00	0.00
957.04	9.09	86.84
6125.05	5.88	23.38
1052.74	0.00	16.94
2105.49	0.00	70.36
382.82	0.00	34.49
0.00	100.00	0.00
0.00	100.00	0.00
0.00	100.00	0.00
0.00	100.00	0.00
1250.78	0.00	104.59
333.38	0.00	154.04
930.62	0.00	64.13
627.44	3.95	185.44
1914.67	0.00	18.39
2170.63	0.00	16.29
930.62	0.00	49.36
2170.63	0.00	16.22
881.93	4.12	150.62
1998.64	0.00	443.62
185.41	0.00	400.80
1892.10	0.00	69.97
2025.27	0.00	284.15
158.78	0.00	442.61
291.91	0.00	566.69
1994.57	0.00	191.89
1892.96	6.29	375.01
158.78	0.00	532.14
0.00	100.00	0.00
918.80	0.38	99.18
2766.89	0.00	3.39
162.76	0.00	53.72
1844.60	33.33	92.60
918.48	66.14	53.62
2766.89	0.00	3.39
922.30	0.00	9.25
2766.89	0.00	53.72
740.92	0.00	44.01
3364.82	0.00	10.17
1470.04	0.00	33.64
1917.19	0.00	37.03
4097.48	0.00	8.76
3949.59	3.58	20.05
1445.27	0.00	56.10
2625.00	0.00	45.12
737.38	0.00	57.38
0.00	100.00	0.00
0.00	100.00	0.00
1636.18	0.00	90.49
102.26	93.75	176.34
1738.44	0.00	5.12
1533.92	11.76	87.45
0.00	100.00	0.00
0.00	100.00	0.00
98.71	3.48	178.00
701.98	0.00	142.94
713.21	0.00	129.51
701.98	0.00	106.25
713.19	0.00	69.64
1499.43	0.00	70.72
1403.96	0.00	41.86
701.98	0.00	119.89
1488.16	0.00	78.15
1409.58	0.00	26.81
1649.11	0.00	88.67
301.55	0.00	242.32
1943.59	0.00	60.42
1940.48	0.16	60.89
299.20	0.00	130.19
961.72	3.95	154.53
299.20	0.00	251.91
1901.18	0.00	17.97
299.20	0.00	251.47
117.39	0.00	74.14
1995.57	0.00	79.11
117.39	0.00	211.57
0.00	100.00	0.00
0.00	100.00	0.00
1760.79	6.25	153.26
0.00	100.00	0.00
1878.18	5.88	81.38
1995.57	0.00	74.15
951.94	0.00	87.81
2073.58	0.00	40.18
1038.86	0.00	33.16
2011.50	0.00	17.59
517.36	0.00	98.15
2015.28	3.58	19.15
517.36	0.00	134.22
964.36	0.00	98.34
1115.71	0.16	94.73
1029.09	0.00	92.72
915.28	3.58	139.13
1432.85	0.16	119.63
916.27	3.48	124.86
484.80	0.38	116.74
909.06	4.24	120.35
560.46	0.38	112.35
949.25	0.00	109.00
484.32	0.00	142.68
478.19	0.00	100.75
459.79	0.00	131.09
570.14	0.00	98.06
901.20	0.00	92.06
2298.97	0.00	13.82
2177.95	3.72	27.18
1324.21	0.00	22.26
1395.54	0.16	61.21
919.59	0.00	68.36
996.64	5.88	86.60
975.96	3.58	20.79
1526.11	24.62	79.14
0.00	100.00	0.00
124.58	0.00	65.63
498.32	46.67	153.44
2024.43	0.00	4.46
975.96	3.58	26.99
2024.43	0.00	73.32
518.79	0.00	123.66
928.95	3.58	125.08
2534.28	0.16	15.25
2501.29	0.00	14.56
463.20	0.00	158.25
2501.29	0.00	14.64
981.99	0.00	118.27
1019.04	0.00	128.48
2501.29	0.00	14.81
1819.84	21.54	142.43
2283.72	7.25	63.53
142.73	0.00	121.98
2283.72	4.48	62.94
142.73	0.00	61.55
0.00	100.00	0.00
1819.84	0.00	4.91
585.52	3.48	83.53
2274.26	4.87	65.15
153.33	0.00	64.73
0.00	100.00	0.00
838.71	3.48	17.51
153.34	82.35	62.62
2453.43	2.04	109.37
153.34	0.00	56.98
2606.77	0.00	60.54
868.92	0.00	9.80
2453.43	0.00	7.33
215.50	0.00	435.75
1292.61	0.00	153.89
1935.58	0.00	163.35
1613.20	11.66	735.75
107.75	0.00	580.06
1720.09	0.00	39.71
646.31	0.00	143.17
107.58	0.16	909.81
1935.58	0.00	72.01
235.42	32.79	1725.45
2160.29	0.00	49.18
1999.60	0.00	553.66
143.35	0.00	398.52
1891.64	27.80	289.39
166.36	3.72	760.09
149.08	0.00	424.73
2436.76	0.00	26.23
2288.49	0.00	272.48
915.82	47.06	88.69
0.00	100.00	0.00
814.07	0.00	19.73
101.76	0.00	80.25
101.76	0.00	92.35
1628.13	5.88	88.71
1625.53	6.03	96.37
0.00	100.00	0.00
810.98	0.38	175.09
2601.31	3.58	69.54
158.10	0.38	51.96
1347.08	0.14	14.88
2697.94	0.00	3.46
0.00	100.00	0.00
1348.97	0.00	20.31
0.00	100.00	0.00
2539.23	3.03	54.13
0.00	100.00	0.00
0.00	100.00	0.00
442.79	79.13	87.25
0.00	100.00	0.00
0.00	100.00	0.00
2179.04	0.00	4.18
2179.04	0.00	4.18
1713.77	0.38	68.74
0.00	100.00	0.00
0.00	100.00	0.00
1073.55	50.08	142.24
1075.27	50.00	75.51
2024.04	3.03	132.01
0.00	100.00	0.00
0.00	100.00	0.00
0.00	100.00	0.00
0.00	100.00	0.00
0.00	100.00	0.00
2150.54	0.00	4.23
2905.61	0.00	46.63
1287.39	0.00	46.92
2389.23	3.48	67.70
1281.91	0.41	49.48
2474.63	0.00	71.21
430.46	0.00	108.42
1618.42	0.00	24.26
1617.84	0.00	37.29
427.53	0.68	126.78
2723.68	0.00	127.51
3034.96	0.00	17.28
3034.97	0.00	17.33
1294.00	0.00	58.01
1242.10	0.00	143.08
3034.97	0.00	17.32
1481.48	0.00	138.78
311.28	0.00	173.89
311.29	0.00	128.72
805.21	12.50	151.87
114.59	0.38	94.20
0.00	100.00	0.00
0.00	100.00	0.00
920.25	0.00	20.85
1035.28	47.06	77.94
1955.52	0.00	4.60
1952.78	0.14	147.22
0.00	100.00	0.00
0.00	100.00	0.00
1647.79	5.88	90.33
0.00	100.00	0.00
102.99	0.00	91.64
0.00	100.00	0.00
0.00	100.00	0.00
1750.77	0.00	125.67
1743.52	0.41	10.34
0.00	100.00	0.00
230.02	0.00	115.92
896.28	0.00	74.52
1785.13	0.41	22.23
872.46	0.00	74.56
535.33	3.58	89.55
650.05	3.58	75.48
514.84	0.14	97.59
840.76	0.00	73.90
1562.54	0.00	12.55
2037.26	0.00	10.99
597.76	0.00	32.79
317.18	0.00	80.71
1437.20	0.16	53.84
1329.71	0.00	59.92
303.82	0.38	104.45
573.36	0.00	33.22
1329.13	3.58	63.57
1439.50	0.00	47.13
820.16	0.00	64.62
460.89	0.00	55.50
2460.48	0.00	11.31
2453.23	0.00	10.76
2449.60	0.00	20.30
816.53	0.00	48.62
1179.44	0.00	62.11
2453.23	0.00	10.76
2445.97	0.00	29.11
2567.76	0.00	62.79
145.79	94.15	70.78
0.00	100.00	0.00
2567.76	0.00	3.61
151.04	0.00	54.21
0.00	100.00	0.00
1283.88	0.00	6.78
2184.52	9.61	120.59
1283.88	0.00	13.55
110.12	0.00	85.53
991.07	47.06	88.51
770.83	17.65	162.31
1872.02	0.00	9.59
55.06	50.00	82.19
936.01	0.00	18.25
903.46	3.48	101.40
1761.90	0.00	80.44
0.00	100.00	0.00
327.96	0.00	300.37
971.08	0.00	66.22
645.11	0.00	199.81
654.03	0.00	133.64
655.18	0.00	271.96
970.97	0.00	43.45
663.06	0.14	195.20
979.57	0.00	214.12
327.33	0.16	285.13
1362.12	17.78	178.20
97.29	0.16	174.20
1559.20	0.00	173.08
0.00	100.00	0.00
97.45	0.00	83.77
97.29	0.16	177.65
187.92	87.14	115.56
1645.57	0.67	16.45
1461.75	0.00	90.97
1819.09	0.00	297.37
142.67	0.00	422.24
995.96	49.52	513.45
936.44	51.68	587.22
426.87	0.00	170.28
965.80	0.00	591.51
449.52	0.00	131.86
971.26	49.87	664.60
969.49	0.00	403.97
1155.88	0.00	98.24
293.67	0.00	220.24
528.60	0.00	128.12
1978.15	0.00	30.14
575.59	0.00	140.07
2025.14	0.00	15.44
1974.99	0.16	31.66
1907.31	3.58	31.68
2025.14	0.00	15.47
2085.06	3.48	146.09
184.05	0.00	362.62
366.58	0.00	207.01
1976.78	0.00	242.98
1021.03	56.48	316.81
367.79	0.00	98.16
837.71	0.00	44.86
2668.12	0.00	15.85
184.03	0.00	221.37
2053.07	9.61	187.80
0.00	100.00	0.00
0.00	100.00	0.00
2413.25	0.00	3.82
141.96	0.00	118.47
141.96	0.00	57.65
141.96	0.00	61.49
2129.34	11.76	69.04
1206.62	0.00	14.36
1387.76	50.00	55.80
2612.24	5.88	54.01
2775.51	0.00	3.38
2612.24	0.00	54.86
163.27	0.00	48.83
2775.51	0.00	3.38
163.00	0.16	57.16
1387.76	0.00	9.49
1387.76	0.00	60.32
1100.24	0.00	12.07
1100.24	0.00	7.83
1098.48	0.16	12.54
1054.89	4.12	80.45
1100.24	0.00	7.84
2200.49	0.00	4.14
1100.24	0.00	7.83
1095.68	0.41	17.98
1061.99	3.48	73.83
1218.74	0.00	7.10
143.38	0.00	60.47
1176.36	3.48	15.54
2437.40	0.00	69.08
0.00	100.00	0.00
1218.74	0.00	7.11
2437.47	0.00	3.78
0.00	100.00	0.00
0.00	100.00	0.00
200.73	0.00	398.38
1344.91	0.00	149.33
1673.99	0.00	62.84
200.67	0.00	234.78
1118.90	0.00	207.24
1078.48	0.16	210.17
1545.64	0.00	25.19
379.39	3.48	393.50
560.22	0.00	331.46
1414.14	12.50	88.26
0.00	100.00	0.00
1616.16	0.00	10.67
1616.16	0.00	25.31
97.50	3.48	102.12
1714.42	0.16	95.09
1709.41	0.45	10.57
101.01	0.00	89.35
100.63	90.04	98.83
1663.73	1.90	329.02
144.33	0.00	530.72
1840.21	0.00	68.36
1560.05	0.00	394.97
144.10	0.16	508.76
1500.61	3.58	451.55
1695.88	0.00	69.97
283.85	0.00	554.88
1728.59	0.00	36.28
0.00	100.00	0.00
1195.31	0.00	7.24
0.00	100.00	0.00
2250.00	5.88	67.37
1195.28	0.00	15.00
140.40	0.16	67.09
0.00	100.00	0.00
0.00	100.00	0.00
2381.56	0.38	179.39
2931.36	0.00	8.04
1467.17	0.00	14.99
2513.98	0.00	40.81
826.23	0.00	72.99
1873.41	0.00	64.88
1464.94	0.00	24.51
418.13	0.00	42.82
1464.94	0.00	28.44
232.09	0.00	103.30
2246.67	5.88	120.89
2387.08	0.00	10.19
140.42	0.00	66.19
1193.54	0.00	11.32
0.00	100.00	0.00
2387.08	0.00	3.85
2387.08	0.00	7.71
0.00	100.00	0.00
2387.08	0.00	3.85
436.35	5.40	85.87
1696.05	0.00	28.50
1689.00	0.00	40.85
1669.56	3.58	26.98
177.17	0.14	128.30
1091.13	0.16	57.92
772.45	0.14	78.41
1085.79	0.00	62.17
489.67	0.00	70.27
2313.51	0.00	46.24
397.24	0.00	244.77
2631.30	0.00	16.37
399.14	0.00	98.46
712.95	0.38	187.27
2313.51	0.00	37.95
1122.43	0.00	147.76
854.86	0.00	197.86
1187.26	0.00	32.60
0.00	100.00	0.00
0.00	100.00	0.00
0.00	100.00	0.00
1692.16	0.14	95.94
99.68	0.00	167.26
1594.86	0.00	180.76
1694.54	0.00	15.73
1694.49	0.00	10.52
0.00	100.00	0.00
1587.30	0.00	5.57
1587.30	0.00	99.00
1587.30	0.00	103.21
0.00	100.00	0.00
1587.30	50.00	98.55
0.00	100.00	0.00
0.00	100.00	0.00
0.00	100.00	0.00
1587.30	0.00	5.57
0.00	100.00	0.00
1091.57	50.00	70.56
1091.57	0.00	72.02
2183.14	0.00	68.36
1091.57	0.00	12.17
0.00	100.00	0.00
1090.04	0.14	77.54
1089.82	50.08	70.78
1091.57	50.00	70.11
1588.24	6.25	153.67
1737.41	3.48	168.13
0.00	100.00	0.00
1694.12	0.00	89.15
105.88	93.75	87.51
105.88	0.00	77.14
105.88	0.00	163.75
1800.00	0.00	4.96
0.00	100.00	0.00
1913.48	0.00	142.96
241.01	0.00	129.29
287.60	0.00	248.81
280.67	0.00	100.08
239.38	0.68	168.05
564.04	25.45	243.19
2009.77	3.58	128.22
433.90	0.00	72.31
2768.59	0.00	12.84
1020.71	0.14	24.43
1022.15	0.00	114.08
2044.29	0.00	4.42
0.00	100.00	0.00
766.61	62.50	102.75
2044.29	0.00	18.15
255.54	0.00	104.62
1017.53	0.45	12.78
2044.29	0.00	4.42
0.00	100.00	0.00
3310.34	3.03	82.93
3103.45	11.76	83.06
3517.24	0.00	2.76
3517.24	0.00	2.76
0.00	100.00	0.00
0.00	100.00	0.00
206.90	0.00	39.70
0.00	100.00	0.00
2069.71	0.00	72.56
129.36	94.44	75.42
129.36	0.00	132.33
1995.58	9.25	85.80
0.00	100.00	0.00
0.00	100.00	0.00
1940.35	11.76	68.76
0.00	100.00	0.00
2069.71	5.88	134.77
0.00	100.00	0.00
0.00	100.00	0.00
145.44	80.00	119.74
2378.51	3.80	9.77
2472.53	0.00	11.21
1236.23	0.00	17.81
1236.26	0.00	63.30
1236.26	0.00	16.42
0.00	100.00	0.00
1980.63	0.00	60.37
773.34	5.40	82.76
1193.23	0.00	92.88
1009.96	0.00	24.06
229.90	0.00	84.65
816.01	0.14	69.22
596.80	0.00	103.68
229.54	0.00	168.22
1752.19	0.00	61.03
1820.52	0.67	17.84
0.00	100.00	0.00
1832.77	0.00	13.29
1722.20	0.16	84.31
1832.77	0.00	80.62
0.00	100.00	0.00
1832.77	0.00	17.19
1832.77	0.00	12.31
1724.96	0.00	5.16
164.53	0.00	56.33
0.00	100.00	0.00
2632.46	3.03	58.57
0.00	100.00	0.00
2696.90	3.58	9.03
1398.54	0.00	6.26
1398.54	0.00	6.26
2632.54	5.88	53.20
1398.54	0.00	11.12
2169.98	0.00	4.20
1084.99	0.00	13.16
1080.49	0.41	15.48
2169.98	0.00	10.47
2169.98	0.00	8.39
1084.99	0.00	12.44
1084.99	0.00	12.15
1083.26	0.16	16.46
2169.98	0.00	4.19
158.15	0.00	51.79
2688.57	0.00	3.47
1344.29	0.00	6.49
2530.42	3.03	58.65
2688.57	0.00	3.47
2677.43	0.41	60.65
2688.57	0.00	6.94
1344.29	0.00	12.98
0.00	100.00	0.00
1396.58	0.00	121.37
816.07	0.00	147.75
786.62	3.48	199.46
929.94	0.00	168.40
814.95	0.00	209.02
3023.14	0.00	19.94
670.19	3.95	230.61
698.85	0.00	96.59
932.17	0.00	57.25
562.65	0.00	173.55
1159.07	0.00	27.61
810.22	0.00	176.80
595.46	0.16	165.54
1721.72	0.00	20.21
820.32	0.14	105.75
348.85	0.00	140.23
888.99	0.00	155.79
281.33	0.00	234.23
1400.03	0.00	93.14
1113.94	0.00	62.01
2227.89	0.00	19.35
2225.44	0.00	53.89
2227.46	0.00	18.97
372.51	0.00	161.40
2141.51	0.00	87.77
2227.46	0.00	19.05
2227.46	0.00	19.12
0.00	100.00	0.00
2221.83	0.00	76.75
1135.40	43.95	255.41
1045.60	52.94	71.70
0.00	100.00	0.00
1009.24	9.15	206.69
130.20	0.38	62.96
0.00	100.00	0.00
1110.95	0.00	7.76
0.00	100.00	0.00
2047.49	5.88	68.09
0.00	100.00	0.00
127.97	0.00	63.90
2047.49	0.00	191.21
0.00	100.00	0.00
1916.45	11.91	88.17
127.97	0.00	63.90
0.00	100.00	0.00
2720.41	0.00	42.25
1826.88	3.58	155.89
351.11	0.00	176.14
1330.87	0.16	61.04
1319.52	0.00	88.10
2369.30	0.00	18.08
1387.38	0.00	30.08
825.65	0.00	208.22
1047.64	0.00	106.35
2374.46	11.76	55.31
158.30	0.00	105.89
0.00	100.00	0.00
158.30	0.00	56.32
2691.06	0.00	3.47
0.00	100.00	0.00
0.00	100.00	0.00
1288.52	4.24	18.90
1288.52	4.24	18.90
1876.91	3.48	5.15
0.00	100.00	0.00
1830.14	5.88	162.63
57.10	0.16	140.62
0.00	100.00	0.00
915.04	55.56	85.85
972.26	0.00	84.75
114.38	0.00	71.72
1944.52	0.00	9.27
1503.22	0.16	52.42
591.76	0.00	106.46
411.75	0.00	222.06
105.67	0.00	334.92
809.66	0.00	168.34
1415.27	0.00	15.47
91.82	0.00	268.51
1506.36	0.00	14.70
1504.90	0.00	42.28
830.26	46.88	92.62
0.00	100.00	0.00
830.26	0.00	111.61
1629.03	1.90	5.72
0.00	100.00	0.00
1562.84	5.88	89.48
1657.86	0.16	16.16
97.68	0.00	83.58
830.26	0.00	24.45
2665.68	0.00	9.14
1332.84	33.33	76.26
666.42	48.48	80.78
0.00	100.00	0.00
1881.66	5.88	79.27
1999.26	0.00	4.51
1332.84	0.00	6.54
1999.26	0.00	4.51
117.60	0.00	72.35
0.00	100.00	0.00
2131.81	0.00	69.46
121.04	3.48	76.17
0.00	100.00	0.00
0.00	100.00	0.00
0.00	100.00	0.00
18000.00	0.00	0.90
1881.01	11.45	201.55
0.00	100.00	0.00
1187.29	0.00	7.29
1185.62	0.14	19.01
139.68	0.00	62.22
0.00	100.00	0.00
0.00	100.00	0.00
1187.29	0.00	14.58
2374.58	0.00	13.68
2364.74	0.41	62.86
1187.29	0.00	7.29
1624.17	3.58	98.37
105.28	0.00	82.54
0.00	100.00	0.00
105.28	94.12	91.18
1789.73	0.00	15.02
0.00	100.00	0.00
0.00	100.00	0.00
842.25	5.88	170.00
842.25	5.88	170.01
2044.58	5.88	81.28
2172.37	0.00	11.19
127.79	0.00	131.71
1914.11	11.89	74.81
0.00	100.00	0.00
2172.37	0.00	4.19
2044.58	0.00	67.49
127.61	0.14	130.08
2172.37	0.00	68.16
1156.45	0.16	17.89
2316.60	0.00	71.02
2312.90	0.16	4.08
0.00	100.00	0.00
2316.60	0.00	4.35
1115.17	3.72	12.93
1158.30	0.00	20.81
1158.30	0.00	26.23
1158.27	0.00	12.60
935.06	0.00	13.65
0.00	100.00	0.00
1870.13	0.00	81.31
933.57	0.16	86.65
935.06	66.67	85.61
0.00	100.00	0.00
935.06	0.00	16.47
1870.13	0.00	77.65
0.00	100.00	0.00
2209.06	0.16	59.26
286.82	0.00	109.25
2468.69	0.00	10.04
2775.99	0.00	17.87
512.18	0.00	100.04
880.94	0.00	88.75
839.97	0.00	106.87
256.09	0.00	93.16
247.18	3.48	145.27
17859.26	0.00	4.64
1680.11	0.00	83.88
590.84	0.00	202.44
1680.08	0.16	86.10
1501.72	4.24	112.94
1684.55	0.00	26.88
555.30	0.00	72.27
555.30	0.00	77.02
1682.77	0.00	73.24
159.18	82.16	531.41
1000.78	10.39	309.03
84.12	0.00	329.38
649.85	4.12	160.27
138.12	77.16	546.17
80.56	3.48	438.38
251.84	88.05	428.74
1402.26	4.54	224.66
904.28	0.00	88.39
0.00	100.00	0.00
1011.80	0.00	12.88
0.00	100.00	0.00
0.00	100.00	0.00
0.00	100.00	0.00
0.00	100.00	0.00
2023.61	0.00	150.27
0.00	100.00	0.00
0.00	100.00	0.00
0.00	100.00	0.00
1801.80	0.00	82.06
1793.66	0.45	13.13
1801.75	0.00	10.40
1733.29	3.80	11.38
900.90	0.00	14.26
1801.80	0.00	86.98
0.00	100.00	0.00
1801.80	0.00	20.57
2105.13	0.41	43.62
501.07	0.00	157.70
782.92	0.00	117.32
2113.89	0.00	16.46
422.78	0.00	137.75
798.58	0.00	86.80
454.09	0.00	73.84
1266.55	0.14	127.02
377.85	3.48	171.10
2746.00	3.03	49.71
0.00	100.00	0.00
171.62	0.00	50.99
1458.81	0.00	12.03
1456.48	0.16	12.06
1458.81	0.00	9.74
1458.81	0.00	6.02
2917.62	0.00	3.23
2917.62	0.00	51.49
1620.09	0.00	184.69
278.54	0.00	309.04
909.88	0.00	147.01
1858.64	0.00	23.21
670.25	0.00	191.71
670.19	0.00	236.15
1562.01	3.58	175.46
516.63	0.00	212.14
240.12	0.00	245.81
1034.11	0.00	48.87
1023.34	0.00	38.88
1034.11	0.00	68.25
754.04	0.00	80.07
269.30	0.00	128.11
2043.40	0.16	11.63
786.36	0.00	87.28
1012.57	0.00	78.82
269.30	0.00	123.15
1763.53	3.48	118.24
120.93	0.00	405.51
1691.34	5.35	205.00
2000.74	0.00	12.71
103.27	0.00	187.62
37.33	79.33	503.97
1580.88	0.00	138.29
2000.74	0.00	20.96
117.58	88.98	636.89
1088.76	3.48	181.58
742.24	4.12	269.88
725.12	0.00	178.63
244.73	0.38	159.08
727.01	0.00	89.13
1902.12	0.00	45.09
1902.14	0.00	21.63
1656.46	0.00	134.15
1176.60	0.00	223.10
2193.34	0.00	14.96
2193.34	0.00	11.26
1462.23	33.33	78.64
731.11	0.00	85.74
731.11	0.00	15.67
1095.13	0.14	12.27
1096.67	0.00	7.86
0.00	100.00	0.00
731.11	0.00	16.12
0.00	100.00	0.00
0.00	100.00	0.00
0.00	100.00	0.00
1257.08	0.14	11.09
2369.59	5.88	114.34
0.00	100.00	0.00
1258.84	50.00	71.25
2517.69	0.00	58.85
1258.84	0.00	62.01
1941.73	5.27	36.34
1631.87	0.00	50.75
2046.94	0.00	31.26
1415.80	0.00	71.56
1060.43	0.00	92.55
355.37	0.00	151.59
2049.78	0.00	14.59
2046.94	0.00	14.61
355.37	0.00	133.24
0.00	100.00	0.00
1871.22	0.00	4.79
0.00	100.00	0.00
110.07	0.00	74.22
1648.43	0.16	153.06
1806.15	3.48	132.26
1863.46	0.41	84.30
110.07	0.00	74.22
0.00	100.00	0.00
1683.42	0.00	5.27
812.45	3.48	106.55
0.00	100.00	0.00
105.21	0.00	82.70
0.00	100.00	0.00
841.71	0.00	92.75
1680.73	0.16	10.68
0.00	100.00	0.00
1571.67	0.41	165.08
1195.09	3.48	142.52
1238.14	0.00	137.07
597.05	0.00	112.73
331.69	0.00	159.16
334.35	0.00	193.93
1568.38	0.16	76.45
331.69	0.00	246.70
332.22	0.00	85.03
1246.63	0.00	119.15
664.08	0.14	169.60
1572.55	0.00	123.28
961.33	3.48	158.26
1254.30	0.00	125.35
2250.48	0.00	17.05
2250.48	0.00	16.91
2246.88	0.16	17.52
1916.64	0.00	74.97
333.84	0.00	106.36
1596.34	0.14	112.28
0.00	100.00	0.00
799.29	0.00	10.61
0.00	100.00	0.00
1598.58	0.00	94.17
0.00	100.00	0.00
0.00	100.00	0.00
799.29	0.00	99.70
0.00	100.00	0.00
2638.26	3.23	97.22
1495.02	0.00	5.88
2990.03	0.00	6.34
0.00	100.00	0.00
2638.26	11.76	56.13
1495.02	0.00	5.88
175.88	0.00	46.62
175.88	0.00	46.62
175.88	0.00	93.68
2390.01	0.00	64.37
0.00	100.00	0.00
2708.68	0.00	3.45
2708.60	0.00	58.53
159.33	0.00	51.86
0.00	100.00	0.00
0.00	100.00	0.00
0.00	100.00	0.00
2708.68	0.00	54.90
952.08	0.00	17.96
1617.42	15.06	296.32
0.00	100.00	0.00
200.78	87.82	117.40
0.00	100.00	0.00
952.06	0.00	19.35
112.01	0.00	103.23
35.84	63.64	252.73
952.08	0.00	20.64
0.00	100.00	0.00
0.00	100.00	0.00
1477.53	8.57	94.46
0.00	100.00	0.00
89.13	3.48	101.59
1563.37	0.41	100.44
1569.83	0.00	108.18
756.82	3.58	36.44
0.00	100.00	0.00
1105.01	40.18	254.45
1961.92	5.40	58.59
1037.02	0.00	66.31
1037.00	0.00	47.06
1041.24	0.00	32.20
857.68	11.00	187.52
259.77	0.00	119.99
1814.26	0.00	130.63
127.95	3.48	359.57
900.71	0.00	131.32
1331.32	0.00	105.74
1729.98	3.58	68.20
893.53	0.00	131.01
462.26	0.14	135.76
448.56	0.00	157.47
897.12	0.00	114.80
448.56	0.00	117.71
1801.41	0.00	20.76
1622.56	5.27	5.92
0.00	100.00	0.00
0.00	100.00	0.00
107.05	0.00	76.30
1819.91	0.00	82.15
0.00	100.00	0.00
106.88	0.16	91.35
1712.86	5.88	84.74
1712.86	0.00	5.19
111.11	0.00	85.71
888.86	11.11	82.16
0.00	100.00	0.00
0.00	100.00	0.00
1000.00	0.00	13.50
0.00	100.00	0.00
0.00	100.00	0.00
0.00	100.00	0.00
2000.00	0.00	73.98
497.29	3.80	115.35
574.38	0.00	119.18
333.14	0.00	118.19
344.63	0.00	141.73
344.63	0.00	126.29
287.19	0.00	139.64
1079.83	0.00	82.39
286.10	0.38	151.82
1412.97	0.00	61.04
962.25	0.00	64.13
962.25	0.00	58.77
2512.77	0.41	11.07
1518.21	0.00	17.54
2501.84	0.00	20.45
534.58	0.00	76.90
555.96	0.00	44.28
534.58	0.00	67.27
983.63	0.00	50.14
2823.53	3.03	55.54
176.47	0.00	49.62
0.00	100.00	0.00
0.00	100.00	0.00
0.00	100.00	0.00
0.00	100.00	0.00
1500.00	0.00	5.86
2823.53	5.88	96.08
3000.00	0.00	3.16
2467.91	0.00	35.79
1186.54	0.00	41.39
2467.85	0.00	55.62
1281.37	0.00	61.26
1181.17	0.45	43.17
146.74	0.00	220.64
1196.86	50.97	209.86
1120.06	0.38	163.59
1281.37	0.00	41.30
124.04	4.12	84.73
819.38	38.71	77.44
0.00	100.00	0.00
707.64	3.48	90.89
1380.00	37.25	74.07
733.13	0.00	11.53
733.13	0.00	11.53
2199.38	0.00	67.80
0.00	100.00	0.00
244.39	0.00	179.36
2804.36	0.00	32.86
2559.98	0.00	24.97
243.06	0.41	156.10
1880.92	0.00	114.98
2317.70	0.00	109.01
924.92	0.00	127.44
1402.84	0.00	23.96
1402.69	0.00	55.66
1807.18	0.00	9.89
212.61	85.71	89.92
0.00	100.00	0.00
106.16	0.14	89.25
903.59	0.00	91.22
903.59	0.00	91.21
903.59	0.00	22.47
106.30	0.00	76.83
0.00	100.00	0.00
1058.82	0.00	12.21
0.00	100.00	0.00
0.00	100.00	0.00
1993.08	5.88	135.76
2117.65	0.00	76.59
124.57	0.00	66.31
0.00	100.00	0.00
0.00	100.00	0.00
0.00	100.00	0.00
1468.19	0.00	60.57
0.00	100.00	0.00
0.00	100.00	0.00
1381.83	5.88	101.12
734.09	0.00	11.51
1465.84	0.16	18.06
0.00	100.00	0.00
86.36	0.00	93.12
0.00	100.00	0.00
995.97	0.68	17.34
2005.51	0.00	23.39
0.00	100.00	0.00
0.00	100.00	0.00
1002.79	0.00	79.46
2005.51	0.00	15.29
1002.79	0.00	8.55
1002.79	0.00	78.07
1002.79	0.00	84.36
0.00	100.00	0.00
2102.37	0.00	72.97
123.67	0.00	70.32
1051.19	0.00	81.15
1113.02	0.00	7.75
0.00	100.00	0.00
989.35	5.88	152.62
1909.90	6.40	80.43
122.83	0.68	73.66
138.24	0.00	59.19
2352.08	0.00	63.16
1174.39	0.14	15.42
2352.08	0.00	8.07
0.00	100.00	0.00
1174.39	0.14	11.37
144.43	0.00	56.67
0.00	100.00	0.00
0.00	100.00	0.00
1106.84	3.58	41.04
1146.35	0.14	13.71
1147.96	0.00	26.34
1147.96	0.00	15.54
2295.92	0.00	3.99
2295.85	0.00	8.01
1146.35	0.14	22.16
1147.96	0.00	7.52
1106.84	3.58	14.20
2017.24	0.00	4.48
0.00	100.00	0.00
1862.07	7.69	88.53
2017.24	0.00	4.48
0.00	100.00	0.00
0.00	100.00	0.00
155.17	0.00	52.78
2017.24	0.00	4.48
2017.24	0.00	12.08
1796.41	0.00	22.60
0.00	100.00	0.00
0.00	100.00	0.00
1690.74	0.00	78.76
0.00	100.00	0.00
1796.41	0.00	15.37
0.00	100.00	0.00
1796.41	0.00	82.26
0.00	100.00	0.00
0.00	100.00	0.00
0.00	100.00	0.00
0.00	100.00	0.00
735.29	0.00	11.49
0.00	100.00	0.00
1468.52	0.14	25.39
1417.92	3.58	104.48
735.29	0.00	105.81
735.29	48.48	282.26
0.00	100.00	0.00
2014.84	3.63	127.37
134.88	0.00	58.77
2292.92	0.00	14.16
0.00	100.00	0.00
0.00	100.00	0.00
1146.50	0.00	72.18
1146.50	0.00	67.96
2292.99	0.00	3.99
980.39	46.88	136.30
1845.44	5.88	75.66
0.00	100.00	0.00
979.02	0.14	156.62
980.39	0.00	117.27
980.36	0.00	74.08
115.34	0.00	70.80
0.00	100.00	0.00
0.00	100.00	0.00
1829.62	0.00	4.89
0.00	100.00	0.00
0.00	100.00	0.00
0.00	100.00	0.00
1829.62	5.88	76.99
1940.86	0.16	9.84
1943.97	0.00	77.44
0.00	100.00	0.00
114.35	0.00	76.09
1962.92	0.00	153.39
0.00	100.00	0.00
1962.92	0.00	74.91
0.00	100.00	0.00
0.00	100.00	0.00
1959.78	0.16	12.43
1962.92	0.00	4.59
0.00	100.00	0.00
1962.92	0.00	4.59
798.28	0.00	61.99
361.54	0.00	189.69
1780.04	0.41	96.84
720.19	0.00	128.56
361.54	0.00	193.75
792.49	0.00	81.99
720.19	0.00	129.51
410.39	3.48	106.07
2166.34	0.00	17.10
0.00	100.00	0.00
733.52	0.16	18.60
2204.08	0.00	4.06
2194.95	0.41	68.45
734.69	0.00	11.28
1102.04	0.00	7.82
0.00	100.00	0.00
733.52	0.16	15.25
2204.08	0.00	13.76
2325.58	0.00	10.47
136.80	0.00	62.57
1162.79	0.00	7.43
2325.58	0.00	67.60
2188.78	0.00	71.23
2325.58	0.00	7.89
1162.79	0.00	11.26
2325.58	0.00	3.94
0.00	100.00	0.00
1774.54	0.00	33.20
2805.97	0.00	148.28
3493.95	0.00	18.25
3493.95	0.00	18.25
1719.41	0.00	33.61
686.80	84.84	384.45
3135.59	0.00	34.70
358.36	0.00	298.74
3135.54	0.00	137.67
1531.63	9.25	189.94
843.88	0.00	106.06
0.00	100.00	0.00
794.26	0.00	19.75
95.83	3.48	186.58
0.00	100.00	0.00
842.72	48.56	174.87
794.26	0.00	10.67
99.28	93.94	103.38
2717.38	0.23	27.46
2723.62	0.00	27.21
2277.12	0.00	24.02
1026.94	0.00	70.63
558.12	0.00	93.36
625.09	0.00	45.56
2299.45	0.00	12.82
2321.77	0.00	12.81
2143.18	0.00	38.54
864.87	0.00	15.17
1627.99	0.00	94.97
1729.74	0.00	5.15
0.00	100.00	0.00
834.80	53.12	251.76
0.00	100.00	0.00
101.75	0.00	99.69
828.23	4.24	100.03
864.87	0.00	9.84
1816.52	0.00	194.86
2001.78	0.00	26.32
186.21	0.00	435.62
922.05	0.00	52.94
917.28	0.00	74.66
1815.56	0.00	230.21
208.54	3.48	562.21
1815.49	0.00	208.76
1814.35	0.00	178.88
1261.14	0.16	10.62
1263.16	0.00	66.54
0.00	100.00	0.00
0.00	100.00	0.00
148.61	0.00	55.09
1263.16	0.00	63.83
2526.32	0.00	59.26
0.00	100.00	0.00
0.00	100.00	0.00
0.00	100.00	0.00
2177.24	11.76	61.05
2322.39	5.88	115.36
2322.39	0.00	7.70
145.15	0.00	113.24
140.10	3.48	129.00
0.00	100.00	0.00
144.95	0.14	57.48
0.00	100.00	0.00
216.99	0.00	296.62
1680.13	0.00	190.15
1212.67	3.48	254.51
614.16	0.00	232.42
865.85	0.00	47.95
1895.53	0.16	69.11
1681.58	0.00	134.79
216.99	0.00	191.92
642.22	0.00	91.22
1002.48	0.00	71.87
394.93	0.00	106.91
1078.45	0.00	63.79
683.51	0.00	83.76
805.04	0.00	26.98
410.12	0.00	57.54
1746.79	0.00	49.20
1351.86	0.00	63.07
379.74	0.00	95.80
1605.73	0.14	71.27
1197.36	0.00	75.90
433.30	1.90	65.62
2046.21	0.00	14.03
2049.66	0.00	13.91
2046.21	0.00	14.03
1979.58	3.58	32.98
2049.66	0.00	14.20
845.40	0.00	95.77
1813.15	5.88	92.63
1813.15	5.88	153.38
0.00	100.00	0.00
113.32	0.00	81.79
1810.60	6.01	90.04
0.00	100.00	0.00
1926.47	0.00	4.67
0.00	100.00	0.00
0.00	100.00	0.00
0.00	100.00	0.00
1226.85	11.39	218.14
0.00	100.00	0.00
0.00	100.00	0.00
0.00	100.00	0.00
383.45	72.42	235.83
1390.43	0.00	225.03
0.00	100.00	0.00
993.16	11.76	116.34
2040.77	0.23	11.94
120.32	0.00	79.79
1022.73	0.00	12.59
0.00	100.00	0.00
2045.45	0.00	72.36
0.00	100.00	0.00
0.00	100.00	0.00
2045.45	0.00	4.42
1925.13	0.00	9.84
1285.71	0.00	11.02
2571.43	0.00	10.83
0.00	100.00	0.00
1285.68	0.00	20.84
2571.43	0.00	3.61
0.00	100.00	0.00
0.00	100.00	0.00
2420.17	5.88	66.00
151.26	0.00	57.74
835.98	0.00	87.89
949.11	0.00	71.70
830.02	0.68	70.97
813.68	0.00	163.97
1613.98	0.00	96.08
169.70	0.16	241.68
1444.87	0.00	121.79
169.97	0.16	170.44
970.59	0.00	187.85
329.57	0.00	100.44
538.28	0.00	130.84
273.60	0.38	196.14
538.30	0.00	46.51
1779.69	0.00	15.27
732.99	0.41	97.00
1173.82	0.14	93.64
689.24	3.48	100.59
285.63	0.00	144.92
149.79	0.00	118.36
0.00	100.00	0.00
2546.39	0.00	114.31
2396.60	5.88	113.87
2396.60	5.88	113.89
2546.39	0.00	3.65
0.00	100.00	0.00
0.00	100.00	0.00
0.00	100.00	0.00
802.77	5.88	74.62
852.94	0.00	22.67
150.52	0.00	58.70
2558.81	0.00	3.62
823.28	3.48	24.78
2408.30	0.00	3.82
1605.53	37.25	63.68
0.00	100.00	0.00
2558.81	0.00	3.62
1871.10	5.88	80.25
1916.84	3.58	16.94
994.02	46.88	87.62
992.43	48.57	84.76
992.63	0.14	79.48
116.94	0.00	69.83
1988.05	0.00	4.54
0.00	100.00	0.00
994.02	0.00	78.89
0.00	100.00	0.00
2266.50	0.00	8.07
0.00	100.00	0.00
0.00	100.00	0.00
133.32	0.00	61.35
0.00	100.00	0.00
0.00	100.00	0.00
0.00	100.00	0.00
0.00	100.00	0.00
49.12	95.95	1103.94
992.86	46.84	450.60
168.08	0.00	216.91
993.16	0.14	296.56
1608.57	9.85	461.16
994.37	0.00	59.36
120.74	0.00	445.42
82.58	85.14	530.57
120.74	0.00	319.81
0.00	100.00	0.00
0.00	100.00	0.00
0.00	100.00	0.00
2349.69	0.00	7.81
0.00	100.00	0.00
2250.13	4.24	75.70
2349.69	0.00	3.91
0.00	100.00	0.00
2073.19	11.77	124.27
2809.03	0.00	8.05
177.04	0.00	99.00
59.01	64.29	95.90
2466.76	12.18	57.84
2643.80	5.88	53.40
0.00	100.00	0.00
2569.37	8.53	84.15
165.24	0.00	49.59
212.11	10.14	82.52
2044.58	0.00	39.59
801.25	0.00	36.68
1436.73	0.00	19.21
3226.92	3.48	10.39
3260.27	0.00	17.69
3398.42	0.00	9.38
1906.43	0.00	50.39
690.73	0.00	67.50
1436.73	0.00	20.24
1510.60	0.00	74.27
1455.37	0.00	17.62
1523.54	0.00	71.29
1055.79	0.00	69.03
406.07	0.00	106.58
864.13	0.00	71.15
1521.05	0.38	49.66
471.05	0.00	70.14
412.57	0.00	50.54
1117.80	3.48	29.98
396.98	0.00	122.43
837.55	0.00	138.55
774.99	0.00	124.49
711.15	0.00	145.36
2324.98	0.00	15.73
1156.17	0.00	66.19
1420.65	0.16	77.30
774.99	0.00	131.40
727.27	0.00	20.41
2181.82	0.00	79.54
727.27	0.00	16.24
727.27	0.00	16.24
0.00	100.00	0.00
0.00	100.00	0.00
0.00	100.00	0.00
2178.33	0.16	4.29
0.00	100.00	0.00
1835.67	0.00	60.89
2639.23	0.00	35.70
928.89	0.00	52.09
2530.49	3.58	37.22
921.52	0.00	63.95
2624.49	0.00	14.89
928.89	0.00	62.05
921.52	0.00	73.08
2580.18	0.00	35.93
970.01	50.00	84.48
970.01	0.00	93.19
0.00	100.00	0.00
1822.98	6.03	82.75
1940.02	0.00	4.64
114.12	0.00	71.38
0.00	100.00	0.00
1939.97	0.00	16.73
1857.83	4.24	20.88
0.00	100.00	0.00
0.00	100.00	0.00
2519.57	5.88	110.84
0.00	100.00	0.00
1338.52	50.00	59.36
1338.52	0.00	11.23
1333.45	0.38	58.68
157.47	0.00	50.36
157.47	0.00	52.01
150.00	0.00	55.49
2400.00	5.88	75.22
2550.00	0.00	3.64
2550.00	0.00	3.64
2550.00	0.00	7.27
0.00	100.00	0.00
2550.00	0.00	3.64
2550.00	0.00	3.64
2550.00	0.00	7.30
167.52	0.45	148.68
1356.33	7.64	97.17
1064.65	0.00	103.29
141.35	0.00	159.29
970.41	0.00	87.94
302.90	0.00	91.37
683.21	0.00	115.16
2099.54	3.58	10.85
1894.82	0.00	73.82
1850.84	0.00	251.35
947.41	0.00	209.53
1093.27	0.00	152.09
1093.27	0.00	50.38
189.59	0.14	427.81
908.36	4.12	169.32
531.53	0.00	179.84
1089.13	0.38	51.64
561.66	0.00	173.73
1080.95	16.67	124.24
2450.16	0.00	7.53
0.00	100.00	0.00
1225.08	0.00	7.08
1080.95	55.88	116.51
1225.08	0.00	14.16
144.13	0.00	60.70
2450.16	0.00	3.77
144.13	0.00	60.47
2265.38	0.00	43.07
1156.68	0.23	31.63
1871.94	0.00	86.81
2265.57	0.00	17.18
1552.58	0.00	86.51
396.03	0.00	206.11
1881.96	0.00	81.97
2265.38	0.00	21.69
712.86	0.00	124.67
2003.55	0.00	52.46
518.36	5.27	52.67
2559.58	0.16	24.68
2546.44	0.00	21.06
2567.99	0.00	11.65
2550.75	0.00	11.13
538.59	0.00	56.40
2020.78	0.00	39.54
2563.68	0.00	11.36
0.00	100.00	0.00
0.00	100.00	0.00
0.00	100.00	0.00
0.00	100.00	0.00
0.00	100.00	0.00
1780.42	0.00	82.99
0.00	100.00	0.00
0.00	100.00	0.00
1780.36	0.00	15.07
1135.72	11.30	481.70
2724.29	0.00	73.69
2558.33	0.00	402.43
1588.35	0.00	104.64
165.82	0.00	660.97
164.72	0.00	532.21
1131.73	3.25	466.92
2724.28	0.00	72.65
186.16	92.86	2554.74
1654.41	5.88	163.70
0.00	100.00	0.00
0.00	100.00	0.00
1318.36	25.00	108.96
439.45	0.00	98.23
1757.81	0.00	11.03
0.00	100.00	0.00
1755.35	0.14	163.03
0.00	100.00	0.00
549.51	0.14	171.70
645.61	0.00	190.35
539.57	0.38	155.40
545.95	0.00	167.01
558.95	0.00	185.06
540.75	0.16	183.35
543.69	0.41	161.32
1104.91	0.00	103.26
545.95	0.00	75.65
125.58	0.68	74.15
2149.48	0.00	68.93
0.00	100.00	0.00
1950.58	9.25	205.74
126.44	93.75	76.80
2023.04	0.00	4.46
126.44	0.00	72.61
2020.20	6.01	75.70
0.00	100.00	0.00
1199.62	0.00	33.98
669.02	0.00	74.14
1176.55	0.00	50.93
576.74	0.00	86.45
574.55	0.38	80.74
1038.13	0.00	52.04
1614.87	0.00	43.28
2330.02	0.00	11.91
1176.55	0.00	22.48
141.53	0.00	61.44
0.00	100.00	0.00
2406.04	0.00	7.65
1203.02	0.00	22.51
2122.98	11.76	66.14
2406.04	0.00	7.66
1203.02	0.00	7.20
2406.04	0.00	7.66
141.53	0.00	61.44
340.82	0.00	173.56
2014.92	0.00	48.79
353.88	0.16	109.73
668.00	0.00	132.91
1657.81	0.16	80.30
340.82	0.00	153.49
1008.82	0.00	27.01
668.00	0.00	107.42
1006.10	0.00	88.02
1683.96	0.00	81.37
1015.42	0.00	88.96
2039.04	0.00	33.08
1024.76	0.00	59.62
1025.35	0.00	111.96
1022.45	0.00	85.61
1023.35	0.14	116.93
660.34	0.00	46.57
366.21	0.00	126.78
2123.82	0.00	80.74
0.00	100.00	0.00
1061.91	0.00	8.10
2120.84	0.14	69.92
0.00	100.00	0.00
124.93	0.00	65.45
2123.82	0.00	4.27
0.00	100.00	0.00
0.00	100.00	0.00
1945.95	0.00	12.52
0.00	100.00	0.00
1942.83	0.16	14.46
1831.48	0.00	75.08
1945.95	0.00	80.63
1945.95	0.00	76.43
0.00	100.00	0.00
0.00	100.00	0.00
0.00	100.00	0.00
878.62	0.00	103.97
209.20	0.00	161.16
911.15	0.14	100.87
1073.06	3.58	96.82
2201.40	0.00	10.53
1119.95	0.00	83.74
2233.54	0.00	10.42
1114.26	0.00	75.91
743.54	0.16	107.09
211.76	0.00	41.50
0.00	100.00	0.00
3382.81	6.03	80.86
3600.00	0.00	2.71
0.00	100.00	0.00
0.00	100.00	0.00
3600.00	0.00	41.50
211.76	0.00	38.79
3600.00	0.00	2.71
1994.75	0.00	116.37
294.38	0.41	153.16
2290.35	0.00	18.91
2290.34	0.00	48.26
1165.10	0.26	35.38
1994.73	0.00	118.52
294.46	0.38	219.71
1162.77	0.45	54.41
1994.67	0.00	107.78
0.00	100.00	0.00
1933.88	23.53	225.69
148.76	93.75	169.16
2528.93	0.00	34.42
0.00	100.00	0.00
0.00	100.00	0.00
0.00	100.00	0.00
143.59	3.48	62.05
148.76	0.00	57.74
67.17	95.83	137.21
0.00	100.00	0.00
469.51	58.88	75.31
604.50	47.06	79.74
134.03	0.23	61.16
1609.74	4.13	70.03
134.33	0.00	123.51
1424.74	37.61	138.67
1136.67	0.45	11.70
759.09	0.00	54.72
2158.20	0.00	49.86
386.99	0.00	88.15
372.10	0.00	101.41
2217.74	0.00	11.10
729.32	0.00	83.91
726.30	0.41	67.38
1503.25	0.00	52.43
1101.43	0.00	29.61
897.82	0.00	148.19
1397.87	0.00	122.95
602.33	0.00	84.60
590.97	0.00	64.46
818.26	0.00	38.14
329.58	0.00	117.13
1980.59	0.41	47.15
306.85	0.00	203.00
284.12	0.00	216.08
1040.29	0.14	125.13
1876.48	0.00	69.99
1876.48	0.00	72.15
2077.83	0.00	24.95
1910.82	0.00	25.50
2069.29	0.38	49.69
2072.41	0.23	24.67
1040.08	0.16	131.96
1040.08	0.16	115.82
3417.19	3.58	7.14
0.00	100.00	0.00
208.48	0.00	81.29
1772.06	0.00	5.07
0.00	100.00	0.00
1772.06	0.00	5.04
3127.17	3.23	80.73
3544.13	0.00	42.19
208.48	0.00	77.44
1991.44	14.29	66.97
2124.21	0.00	8.32
132.76	0.00	128.65
1128.48	50.00	68.36
1128.48	0.00	7.65
132.58	0.14	65.88
2124.21	3.03	75.86
0.00	100.00	0.00
2256.97	0.00	65.65
688.80	0.00	326.54
2077.29	0.00	72.86
1447.13	3.48	263.91
2002.89	3.58	94.00
2077.51	0.00	37.53
678.17	0.38	104.22
2073.16	0.00	36.22
711.44	0.00	285.23
1503.62	0.00	107.56
1809.34	0.00	77.04
1546.83	0.00	368.04
168.31	0.00	460.09
1626.27	0.00	387.31
1809.34	0.00	29.18
168.04	0.16	349.68
1641.03	0.00	31.22
1641.03	0.00	236.85
263.41	60.53	1222.93
0.00	100.00	0.00
0.00	100.00	0.00
1000.00	0.00	8.57
125.00	0.00	114.27
1846.15	7.69	92.02
0.00	100.00	0.00
0.00	100.00	0.00
1875.00	5.34	163.76
1928.37	3.58	14.97
2416.30	6.03	112.50
2571.43	0.00	3.61
2571.43	0.00	57.74
151.26	0.00	50.97
0.00	100.00	0.00
0.00	100.00	0.00
0.00	100.00	0.00
0.00	100.00	0.00
2571.43	0.00	7.22
220.92	0.00	170.32
1765.77	3.80	97.01
1473.59	0.00	124.69
395.90	0.14	147.28
1616.06	0.00	98.68
219.86	0.00	240.78
440.42	0.00	80.82
1795.75	0.16	102.74
2056.13	0.00	15.46
2040.82	0.00	15.46
0.00	100.00	0.00
0.00	100.00	0.00
1920.77	5.88	80.97
0.00	100.00	0.00
1917.70	3.19	139.29
1020.41	0.00	15.92
0.00	100.00	0.00
0.00	100.00	0.00
1775.71	3.58	114.78
237.92	0.00	225.57
899.93	0.00	188.86
947.83	0.16	236.19
1841.73	0.00	22.61
1605.39	0.00	126.55
1841.76	0.00	44.66
1605.38	0.00	160.03
237.86	0.00	164.99
145.99	0.00	60.48
1240.88	0.00	14.44
2481.75	0.00	11.96
145.98	93.55	120.17
0.00	100.00	0.00
1240.88	0.00	16.35
2186.71	6.38	112.34
1240.88	0.00	11.24
138.29	5.27	59.63
0.00	100.00	0.00
0.00	100.00	0.00
0.00	100.00	0.00
1935.03	0.00	73.06
0.00	100.00	0.00
0.00	100.00	0.00
2055.97	0.00	76.84
1027.98	0.00	8.35
2055.97	0.00	76.39
1651.33	0.14	84.77
0.00	100.00	0.00
103.35	0.00	84.09
1653.65	5.88	164.89
1757.01	0.00	10.14
0.00	100.00	0.00
1757.01	0.00	5.07
1757.01	0.00	5.07
103.35	0.00	79.01
956.97	0.00	164.41
1203.02	0.00	145.07
637.40	0.00	161.49
1774.02	3.58	107.11
1522.59	0.00	120.29
1197.63	0.41	142.21
320.19	0.00	110.62
956.97	0.00	36.10
956.87	0.00	175.89
1188.24	3.48	161.21
2027.95	0.00	73.31
438.87	3.48	211.27
464.21	0.68	102.92
2153.11	0.00	11.71
124.18	0.00	239.66
259.12	0.00	226.59
866.33	31.10	119.05
1035.45	0.00	44.55
815.02	0.14	79.14
636.46	0.00	76.05
336.95	0.00	50.16
666.41	0.00	88.14
1482.57	0.00	42.59
187.19	0.00	95.37
202.17	0.00	99.72
1827.01	0.00	9.53
816.14	0.00	71.69
947.39	0.00	21.66
602.88	0.00	79.40
600.60	0.38	80.39
2054.72	0.00	35.74
307.59	0.00	109.36
1144.25	0.00	29.09
2054.72	0.00	20.57
2039.91	1.90	11.47
553.67	0.00	69.42
1696.16	0.00	67.98
346.45	0.16	142.19
1973.70	0.00	59.58
1701.71	0.00	55.21
623.61	0.16	103.90
1363.03	0.00	30.15
2659.44	0.00	10.74
682.91	0.00	78.19
957.73	0.00	72.37
817.67	0.00	65.80
1499.07	0.00	56.37
1335.53	0.00	55.88
681.39	0.00	84.08
681.39	0.00	65.25
1329.50	0.45	50.21
1499.07	0.00	35.62
678.57	0.41	60.13
1526.32	0.00	19.10
149.58	0.00	63.78
0.00	100.00	0.00
2393.22	5.88	60.20
0.00	100.00	0.00
2542.80	0.00	58.47
149.58	0.00	58.35
0.00	100.00	0.00
0.00	100.00	0.00
2542.80	0.00	3.65
0.00	100.00	0.00
0.00	100.00	0.00
0.00	100.00	0.00
0.00	100.00	0.00
0.00	100.00	0.00
2442.15	0.41	68.46
144.25	0.00	56.74
1226.16	0.00	10.84
2307.99	5.89	65.77
1765.57	0.00	5.05
110.35	0.00	70.26
1875.92	0.00	97.15
1762.75	6.03	150.65
0.00	100.00	0.00
1875.92	0.00	12.99
0.00	100.00	0.00
1868.14	0.41	15.01
1875.92	0.00	4.78
901.62	0.14	251.57
498.56	0.00	360.92
1520.04	0.14	138.89
2286.75	0.00	141.05
320.03	0.00	123.55
2476.33	0.00	17.66
2785.92	0.00	16.33
2538.23	0.00	17.62
319.93	0.00	235.81
116.82	0.00	83.53
0.00	100.00	0.00
1985.98	0.00	9.08
116.82	0.00	69.96
0.00	100.00	0.00
0.00	100.00	0.00
1802.21	3.58	155.56
1869.16	5.88	75.82
116.82	0.00	135.85
0.00	100.00	0.00
628.79	74.63	151.05
2782.51	5.88	52.46
2260.79	23.53	51.81
0.00	100.00	0.00
2956.41	0.00	6.40
172.72	0.68	54.41
1299.51	12.09	61.98
83.93	51.74	65.14
130.10	0.00	73.35
0.00	100.00	0.00
2211.62	0.00	67.44
2081.53	0.00	4.35
0.00	100.00	0.00
0.00	100.00	0.00
2081.46	0.00	74.38
130.09	0.00	73.35
130.10	0.00	62.87
1916.81	5.88	79.32
2036.61	0.00	4.44
2033.35	0.16	4.56
0.00	100.00	0.00
0.00	100.00	0.00
0.00	100.00	0.00
119.80	94.12	80.07
119.80	0.00	74.66
2036.61	0.00	146.16
676.73	0.00	19.22
0.00	100.00	0.00
2547.77	4.48	61.88
2560.70	5.40	113.23
2707.01	0.00	3.45
2707.01	0.00	3.45
159.24	0.00	55.37
0.00	100.00	0.00
0.00	100.00	0.00
165.73	0.00	52.75
2651.69	0.00	54.73
0.00	100.00	0.00
2817.42	0.00	6.67
0.00	100.00	0.00
2817.42	0.00	6.67
2817.42	0.00	3.33
2706.22	3.95	63.63
0.00	100.00	0.00
1995.50	0.00	129.91
1995.64	0.00	62.29
775.99	0.00	261.18
665.21	0.00	199.59
665.21	0.00	252.38
1219.52	0.00	181.69
792.98	0.00	70.59
1806.02	4.12	146.35
665.21	0.00	192.66
132.91	0.00	65.61
1129.78	50.00	68.22
2259.55	0.00	8.10
132.91	0.00	61.54
1993.72	3.23	139.62
2259.55	0.00	4.04
1129.78	0.00	70.54
132.91	95.00	72.85
0.00	100.00	0.00
157.49	0.00	62.08
2362.41	11.76	57.60
0.00	100.00	0.00
157.27	0.14	55.50
2362.41	11.76	83.24
2510.35	6.24	57.33
2666.30	0.41	7.56
314.99	0.00	81.75
157.49	0.00	52.01
0.00	100.00	0.00
1683.85	9.15	244.27
0.00	100.00	0.00
925.47	0.14	23.13
0.00	100.00	0.00
1699.07	8.33	104.78
109.03	0.00	74.95
1699.07	8.33	65.69
0.00	100.00	0.00
1076.49	0.00	57.50
1011.90	0.00	60.64
688.95	0.00	48.94
581.30	0.00	43.91
559.78	0.00	86.97
2626.64	0.00	10.73
967.48	0.14	59.63
968.84	0.00	67.65
990.37	0.00	42.73
150.00	0.00	58.19
2400.00	5.88	114.18
1275.00	0.00	10.45
2550.00	0.00	3.64
2400.00	5.88	59.12
0.00	100.00	0.00
150.00	0.00	56.61
2550.00	0.00	61.85
0.00	100.00	0.00
1585.29	0.00	56.36
1628.25	0.16	60.74
1091.24	0.00	50.72
1028.88	0.00	79.47
302.19	0.00	122.36
539.62	0.00	134.35
1088.84	0.00	38.59
2412.72	0.00	11.32
2410.32	0.00	21.97
254.30	0.00	125.00
296.69	0.00	143.16
1715.94	0.00	93.95
254.28	0.00	164.65
1675.52	0.00	93.52
3688.51	0.00	11.84
3686.89	0.00	11.68
3686.92	0.00	11.58
3178.37	0.00	106.16
266.33	88.28	70.63
0.00	100.00	0.00
0.00	100.00	0.00
133.67	0.00	64.95
2272.39	0.00	8.42
2005.05	11.76	198.70
267.34	88.24	68.11
133.67	0.00	60.75
2064.36	3.48	74.85
903.32	0.00	54.72
1076.29	0.00	83.40
853.36	3.48	103.81
1454.69	3.58	69.62
624.63	0.00	112.68
461.27	0.00	47.46
1950.78	0.00	33.54
873.26	0.14	35.63
259.46	0.00	102.64
1835.55	0.00	52.41
245.47	0.00	156.37
243.76	0.38	247.23
1551.77	0.00	18.72
713.35	0.00	157.41
1121.81	0.00	107.07
1835.94	0.00	16.43
635.17	0.00	141.74
1796.85	0.00	32.09
0.00	100.00	0.00
1882.35	3.03	77.10
0.00	100.00	0.00
1000.00	0.00	165.08
0.00	100.00	0.00
2000.00	0.00	9.02
1991.71	0.41	9.67
2000.00	0.00	4.51
1000.00	0.00	165.13
1669.76	0.00	5.31
98.08	0.14	88.45
0.00	100.00	0.00
834.88	0.00	10.17
1669.76	0.00	10.85
0.00	100.00	0.00
1569.33	6.01	90.73
834.85	0.00	15.28
1669.76	0.00	88.26
913.51	61.72	65.87
269.92	69.19	78.81
1619.35	0.16	70.34
1267.72	50.00	82.60
149.14	0.00	54.88
0.00	100.00	0.00
1193.15	5.88	113.70
912.22	64.02	116.50
0.00	100.00	0.00
2004.91	0.00	12.13
18.08	0.00	57.14
2004.91	0.00	4.49
14.06	0.38	45.84
1836.16	4.99	143.47
154.69	91.78	165.46
104.46	89.47	12.52
2000.90	0.00	9.00
10169.21	3.58	1.59
2091.73	11.76	62.46
2370.62	0.00	10.26
1115.59	50.00	189.58
139.45	0.00	58.45
0.00	100.00	0.00
1185.31	0.00	7.30
139.45	0.00	58.68
1115.59	5.88	130.34
139.45	0.00	62.29
1882.11	0.00	72.89
1882.11	5.88	80.31
1999.74	0.00	73.99
1882.11	5.88	74.89
0.00	100.00	0.00
1999.74	0.00	4.51
0.00	100.00	0.00
117.63	0.00	143.47
0.00	100.00	0.00
455.29	0.41	130.51
2246.33	0.00	15.74
1778.34	0.00	93.87
448.12	0.41	150.51
1259.96	0.00	97.60
2242.73	0.00	15.97
1792.74	0.00	19.53
453.59	0.00	103.91
2599.12	0.00	13.94
76.62	96.23	228.25
651.30	0.00	19.48
1224.01	6.03	235.54
1302.60	0.00	120.07
648.36	0.45	20.02
76.62	0.00	213.75
0.00	100.00	0.00
1149.35	6.25	124.57
0.00	100.00	0.00
1990.46	5.15	221.38
150.86	0.00	115.87
2242.65	3.58	14.44
2247.15	0.00	4.06
162.12	92.58	68.20
13.51	0.00	36.59
2096.29	5.00	69.06
2233.64	0.00	4.08
11.26	0.00	54.58
1082.64	0.00	87.28
461.30	0.00	64.90
1092.05	0.00	70.48
1242.68	0.00	43.74
1092.05	0.00	76.41
1270.92	0.00	68.25
771.55	3.58	85.71
1270.92	0.00	64.57
263.60	0.00	97.47
0.00	100.00	0.00
105.66	0.00	84.14
1584.88	11.76	162.25
0.00	100.00	0.00
1796.20	0.00	4.97
0.00	100.00	0.00
105.66	0.00	150.05
1690.49	5.89	165.46
1690.54	0.00	93.56
627.52	0.00	183.65
213.89	0.16	150.13
818.14	0.00	171.12
2000.59	0.00	14.77
212.55	0.00	103.49
1207.81	0.00	23.49
1574.71	0.16	100.16
549.92	0.00	141.74
996.95	0.00	50.61
0.00	100.00	0.00
1931.85	5.88	72.56
120.74	0.00	76.49
1026.29	0.00	16.92
0.00	100.00	0.00
0.00	100.00	0.00
1931.85	5.88	147.96
0.00	100.00	0.00
0.00	100.00	0.00
494.52	0.00	234.16
715.21	3.58	118.36
229.24	3.58	275.83
770.31	0.00	195.73
294.81	0.00	229.00
247.26	0.00	200.06
1217.28	0.00	113.47
446.97	0.00	208.36
1474.05	0.00	42.81
2165.56	9.63	76.95
1369.06	0.00	109.54
1876.97	0.00	76.08
4621.09	0.00	7.38
289.05	0.00	134.21
289.05	0.00	96.83
806.20	0.00	51.67
574.87	0.00	73.15
288.59	0.00	130.37
341.32	3.58	290.73
697.04	3.48	247.85
695.55	0.16	197.41
412.80	0.16	291.38
357.21	0.68	157.50
1067.65	0.00	69.14
416.30	0.00	279.81
354.00	0.00	249.65
427.63	0.00	312.27
127.28	0.00	148.02
0.00	100.00	0.00
2033.23	6.03	198.76
254.56	88.24	70.57
127.28	0.00	74.52
0.00	100.00	0.00
1909.21	11.76	140.30
0.00	100.00	0.00
2163.77	0.00	4.20
1556.80	7.07	95.55
2129.80	0.00	61.63
149.17	0.00	171.87
810.96	0.00	117.48
151.54	0.00	156.86
291.23	0.00	98.58
697.31	0.00	126.97
2422.22	0.00	9.26
1459.73	0.00	94.40
1417.69	0.00	14.32
1890.26	0.00	14.25
0.00	100.00	0.00
1890.26	0.00	16.05
0.00	100.00	0.00
1417.69	0.00	11.00
2835.39	0.00	52.60
0.00	100.00	0.00
1417.69	0.00	6.18
1533.68	0.00	72.05
477.46	0.38	133.61
1323.63	0.16	79.45
1865.49	0.00	29.71
539.74	0.00	96.66
184.34	0.00	195.11
840.58	0.00	109.96
1855.59	0.45	25.78
359.93	0.38	139.02
133.44	0.00	187.62
2264.89	0.16	10.76
133.44	0.00	61.30
133.44	0.00	133.21
0.00	100.00	0.00
2268.52	0.00	4.03
2268.52	0.00	4.03
1803.23	20.51	198.29
0.00	100.00	0.00
1809.39	5.88	77.61
1809.39	0.00	88.00
113.09	0.00	94.49
113.09	0.00	72.25
0.00	100.00	0.00
0.00	100.00	0.00
113.09	88.89	90.88
1806.49	6.03	84.43
0.00	100.00	0.00
2614.12	0.00	33.44
1082.60	0.00	83.97
1156.39	0.00	113.68
2314.02	0.00	28.33
2614.12	0.00	13.04
1081.98	0.00	73.19
388.15	0.00	81.52
1157.01	0.00	100.93
2614.12	0.00	13.04
224.08	0.00	315.68
2184.82	0.00	174.46
969.16	0.00	143.67
2143.59	0.00	102.57
1290.64	0.00	42.53
887.30	0.00	232.55
1290.64	0.00	42.45
1519.39	0.16	206.71
2497.06	3.48	46.88
18000.00	0.00	0.90
108.11	0.00	37.71
2288.29	0.00	3.98
2216.22	0.00	4.10
1855.86	5.50	67.77
162.16	0.00	49.23
72.07	0.00	41.10
4342.34	0.00	2.30
72.07	0.00	38.51
2901.14	0.00	16.56
2566.12	0.14	105.33
1214.26	3.58	126.37
1521.58	3.58	29.65
331.58	0.00	128.28
1576.48	3.48	187.22
980.94	0.00	144.73
1314.54	0.00	32.32
2896.57	0.16	33.09
1090.91	0.00	7.33
0.00	100.00	0.00
1051.84	3.58	14.39
2181.82	0.00	65.66
0.00	100.00	0.00
0.00	100.00	0.00
2181.82	0.00	4.17
2178.33	0.16	12.09
2181.82	0.00	4.17
542.61	0.00	134.77
813.92	0.00	145.20
816.13	0.00	143.16
772.01	0.00	49.30
1254.70	4.24	111.07
540.41	0.00	107.98
564.20	3.48	168.02
276.87	0.38	207.66
1907.97	0.00	16.22
0.00	100.00	0.00
0.00	100.00	0.00
130.34	0.00	66.20
2215.79	0.00	80.81
130.34	0.00	62.67
0.00	100.00	0.00
1041.26	6.01	76.31
2200.72	0.68	12.72
65.07	92.32	68.67
1897.67	0.00	12.84
1897.67	0.00	4.73
1897.67	0.00	4.73
1710.37	4.24	88.88
0.00	100.00	0.00
111.63	0.00	73.19
1786.05	5.88	77.84
111.63	0.00	77.99
1897.67	0.00	4.73
596.13	0.41	112.73
1152.84	0.00	65.16
752.08	0.23	43.52
977.81	4.12	79.20
576.44	0.00	122.34
1086.37	0.00	82.85
576.44	0.00	100.79
554.27	0.00	119.11
1707.15	0.00	35.69
629.19	0.00	90.72
594.11	3.48	92.01
629.19	0.00	81.66
683.91	0.00	96.20
957.47	0.00	70.87
341.94	0.00	94.74
355.63	0.00	102.93
341.41	0.16	107.77
341.41	0.16	116.89
0.00	100.00	0.00
1993.36	0.00	11.77
0.00	100.00	0.00
1993.36	0.00	13.57
117.25	0.00	93.13
1808.91	3.58	163.08
1876.10	0.00	12.34
1876.10	5.88	77.40
0.00	100.00	0.00
1782.86	0.00	13.21
182.86	0.00	51.91
0.00	100.00	0.00
1325.71	0.00	6.58
3565.71	0.00	2.73
182.86	0.00	49.86
0.00	100.00	0.00
2925.71	0.00	3.23
2925.71	5.88	48.09
1082.66	0.00	101.97
807.94	0.00	83.46
298.03	0.00	74.70
812.60	0.00	107.93
291.05	0.00	181.64
805.61	0.00	95.71
1327.17	0.00	60.07
523.88	0.00	97.90
1558.92	3.80	36.31
0.00	100.00	0.00
0.00	100.00	0.00
1982.79	5.88	75.68
2106.71	0.00	69.51
123.92	0.00	132.44
2106.71	0.00	4.31
0.00	100.00	0.00
0.00	100.00	0.00
2106.71	0.00	4.31
1138.00	0.00	68.30
1138.00	0.00	48.97
2276.01	0.00	10.43
1138.00	0.00	37.89
400.71	0.00	99.23
1041.83	0.00	41.30
720.12	0.16	58.21
1121.97	0.00	27.88
416.73	0.00	88.36
985.50	0.14	98.05
1957.66	0.00	48.79
1985.86	0.00	40.36
503.51	0.00	67.32
2869.38	3.48	22.96
503.51	0.00	75.35
503.51	0.00	60.00
2972.74	0.00	11.02
1490.40	0.00	67.28
1032.32	0.00	186.04
2171.25	0.00	23.81
606.66	0.00	220.90
514.43	0.41	239.26
620.71	0.00	73.05
536.41	0.00	253.25
1047.17	0.16	108.19
1562.11	0.00	146.06
1136.46	0.00	66.05
1287.78	51.52	58.18
1446.44	0.16	9.19
1319.27	3.58	15.07
1287.78	51.52	60.79
160.97	0.00	50.27
1368.27	0.00	6.39
1287.78	5.88	64.35
160.97	0.00	50.61
1241.66	9.25	68.72
883.65	69.72	61.32
2918.08	0.00	9.89
2746.43	4.00	51.95
0.00	100.00	0.00
915.48	5.88	60.77
915.48	5.88	61.16
971.14	0.16	14.91
171.65	0.00	50.95
2918.08	0.00	3.23
170.38	0.00	150.39
2235.00	0.41	56.76
1904.63	0.00	111.18
169.84	0.00	214.77
2413.60	0.00	48.80
202.99	0.00	103.83
2414.14	0.00	11.63
168.70	0.67	170.52
2215.77	0.00	79.62
1191.31	4.12	19.05
2485.08	0.00	9.80
2192.72	11.76	116.86
0.00	100.00	0.00
0.00	100.00	0.00
146.18	93.75	170.61
0.00	100.00	0.00
146.18	0.00	56.01
1242.54	0.00	6.99
264.99	0.00	296.33
264.99	0.00	237.85
3113.61	0.00	172.22
1577.19	0.00	216.60
264.99	0.00	226.18
1577.19	0.00	201.02
3373.86	0.14	64.92
3378.60	0.00	20.50
3113.61	0.00	156.66
2940.65	0.00	19.66
436.25	0.00	49.60
743.24	0.00	52.83
403.94	0.00	72.08
1470.32	0.00	43.99
1464.23	0.41	48.70
436.25	0.00	50.44
1470.32	0.00	21.87
1048.55	0.16	54.93
1802.48	0.00	153.09
1915.13	0.00	4.69
1915.13	0.00	81.91
112.65	0.00	72.53
0.00	100.00	0.00
1912.45	0.14	9.50
0.00	100.00	0.00
1795.01	6.27	80.41
1915.13	0.00	4.69
151.04	0.00	54.21
2567.76	0.00	3.61
2567.76	0.00	3.61
0.00	100.00	0.00
2567.76	0.00	8.16
151.04	0.00	54.21
0.00	100.00	0.00
2567.76	0.00	61.89
0.00	100.00	0.00
1408.99	0.00	74.59
707.50	3.88	90.59
1106.79	0.16	45.82
739.05	0.00	53.03
1051.49	0.00	24.09
1360.80	4.24	76.93
378.54	0.00	68.94
18229.79	0.00	2.78
2157.05	0.00	24.16
0.00	100.00	0.00
1972.60	0.00	77.76
0.00	100.00	0.00
0.00	100.00	0.00
984.72	0.16	86.64
1972.60	0.00	16.47
1972.60	0.00	9.13
986.30	0.00	83.23
986.30	50.00	76.01
0.00	100.00	0.00
2138.66	0.00	75.52
125.80	0.00	130.05
0.00	100.00	0.00
0.00	100.00	0.00
1069.30	0.00	81.67
125.80	0.00	130.10
1940.77	9.25	142.81
62.81	99.65	136.42
0.00	100.00	0.00
1812.40	3.48	150.49
1877.69	5.88	80.50
0.00	100.00	0.00
1995.05	0.00	4.52
117.09	0.23	69.93
1995.05	0.00	9.04
0.00	100.00	0.00
0.00	100.00	0.00
158.30	0.00	278.88
158.05	0.16	157.00
1721.34	0.00	13.73
1302.09	0.16	88.54
1658.96	3.58	57.92
1563.04	0.00	14.99
1741.35	0.00	26.64
738.06	0.38	127.69
838.99	0.38	121.66
289.29	0.00	163.53
746.17	0.00	102.29
1260.42	0.00	79.84
1262.76	0.00	69.09
539.31	4.12	113.85
1030.87	0.00	79.86
792.09	0.00	108.54
286.99	0.00	144.92
792.09	0.00	76.74
0.00	100.00	0.00
2035.29	7.27	123.42
0.00	100.00	0.00
0.00	100.00	0.00
0.00	100.00	0.00
2065.82	5.88	72.10
783.90	0.00	10.81
2194.93	0.00	10.07
129.11	0.00	63.34
1169.19	0.00	113.78
620.39	0.00	353.88
531.45	0.00	488.05
615.73	3.48	557.20
1806.42	0.00	42.89
534.85	0.00	377.28
1803.02	0.16	129.61
637.23	0.00	495.36
633.83	0.00	325.90
360.47	0.00	168.55
360.48	0.00	175.77
700.94	0.00	153.37
357.62	0.00	177.07
1779.52	0.00	19.15
758.16	0.00	143.95
654.11	0.16	103.68
703.80	0.00	128.40
357.62	0.00	189.04
0.00	100.00	0.00
1468.05	0.00	5.98
2936.10	0.00	50.56
1468.05	0.00	9.71
2763.39	5.88	51.06
0.00	100.00	0.00
172.71	0.00	47.46
0.00	100.00	0.00
0.00	100.00	0.00
