264.66	0.02	3.10
499.91	0.02	3.69
837.21	0.00	1.60
264.71	0.00	2.04
500.00	0.00	1.73
837.21	0.00	0.64
264.71	0.00	2.36
500.00	0.00	2.98
836.92	0.04	3.54
264.57	0.05	4.12
500.00	0.00	1.18
837.06	0.02	3.74
264.66	0.02	2.83
500.00	0.00	1.07
837.21	0.00	1.63
264.71	0.00	1.71
499.91	0.02	2.32
837.06	0.02	3.27
264.66	0.02	1.43
499.91	0.02	3.30
837.21	0.00	0.63
264.71	0.00	0.86
499.91	0.02	2.31
836.92	0.04	2.32
264.71	0.00	0.98
499.74	0.05	4.05
837.21	0.00	1.57
264.66	0.02	2.31
499.91	0.02	0.64
836.77	0.05	2.83
264.71	0.00	1.30
500.00	0.00	2.13
837.21	0.00	1.56
264.71	0.00	0.95
499.91	0.02	2.11
837.06	0.02	1.03
264.66	0.02	2.39
500.00	0.00	0.65
837.21	0.00	2.53
264.61	0.04	3.96
500.00	0.00	3.67
837.21	0.00	1.09
264.66	0.02	3.42
499.82	0.04	3.05
837.06	0.02	1.18
264.71	0.00	2.05
499.91	0.02	2.28
837.21	0.00	1.50
264.71	0.00	2.40
500.00	0.00	0.59
837.21	0.00	0.60
264.66	0.02	2.93
499.82	0.04	3.57
837.21	0.00	2.57
264.65	0.02	2.69
499.82	0.04	1.79
837.21	0.00	1.58
264.71	0.00	3.49
499.91	0.02	1.22
837.06	0.02	2.84
264.61	0.04	4.07
499.91	0.02	2.62
837.06	0.02	2.30
264.71	0.00	1.89
500.00	0.00	1.58
836.87	0.04	1.64
264.71	0.00	0.95
500.00	0.00	1.02
837.21	0.00	1.04
264.71	0.00	2.52
499.91	0.02	1.07
837.02	0.02	0.62
264.66	0.02	2.37
499.91	0.02	3.62
837.21	0.00	0.57
264.71	0.00	1.21
500.00	0.00	2.56
836.87	0.04	2.32
264.66	0.02	1.67
499.91	0.02	4.23
837.06	0.02	3.64
264.66	0.02	5.66
499.82	0.04	2.44
837.06	0.02	1.88
264.71	0.00	5.05
499.82	0.04	6.11
836.92	0.04	3.00
264.66	0.02	3.42
499.74	0.05	4.46
837.06	0.02	1.90
264.66	0.02	5.22
499.82	0.04	3.37
837.21	0.00	1.73
264.61	0.04	5.76
499.74	0.05	4.14
837.21	0.00	1.57
264.71	0.00	1.61
499.91	0.02	3.78
836.92	0.04	3.23
264.65	0.02	1.77
500.00	0.00	2.04
837.06	0.02	1.24
264.66	0.02	3.19
500.00	0.00	1.03
837.21	0.00	1.07
264.66	0.02	0.66
500.00	0.00	1.56
836.73	0.06	2.33
264.71	0.00	3.46
499.82	0.04	4.28
837.21	0.00	2.49
264.71	0.00	2.71
499.74	0.05	6.02
837.21	0.00	3.62
264.66	0.02	6.51
499.91	0.02	3.19
837.21	0.00	3.33
264.61	0.04	3.90
499.91	0.02	2.05
837.06	0.02	2.50
264.65	0.02	0.52
500.00	0.00	2.32
837.06	0.02	2.00
264.66	0.02	3.74
500.00	0.00	1.70
837.21	0.00	4.32
264.61	0.04	2.20
499.82	0.04	3.90
837.21	0.00	2.54
264.71	0.00	0.92
500.00	0.00	2.07
837.06	0.02	1.10
264.66	0.02	2.12
500.00	0.00	1.22
837.21	0.00	1.99
264.66	0.02	5.37
499.91	0.02	4.28
836.92	0.04	2.78
264.65	0.02	2.78
500.00	0.00	3.87
837.21	0.00	1.76
264.71	0.00	4.82
499.82	0.04	3.48
837.21	0.00	0.80
264.65	0.02	3.15
500.00	0.00	1.56
837.06	0.02	1.69
264.71	0.00	1.09
499.91	0.02	1.68
837.06	0.02	2.71
264.61	0.04	3.46
500.00	0.00	0.68
837.06	0.02	2.13
264.71	0.00	1.89
499.91	0.02	2.90
837.21	0.00	2.14
264.61	0.04	3.32
499.91	0.02	2.99
837.06	0.02	1.68
264.71	0.00	1.58
500.00	0.00	1.55
837.21	0.00	2.92
264.71	0.00	1.35
499.82	0.04	1.74
837.06	0.02	1.54
264.71	0.00	0.52
499.91	0.02	0.54
837.21	0.00	0.48
264.71	0.00	1.86
500.00	0.00	1.12
837.21	0.00	2.03
264.66	0.02	0.63
500.00	0.00	1.66
837.06	0.02	0.65
264.71	0.00	2.11
500.00	0.00	1.52
837.06	0.02	1.12
264.71	0.00	1.58
499.91	0.02	3.34
837.06	0.02	2.34
264.71	0.00	3.34
499.82	0.04	2.93
837.21	0.00	1.54
264.66	0.02	2.68
499.82	0.04	3.44
836.92	0.04	2.29
264.66	0.02	2.36
500.00	0.00	1.22
837.21	0.00	1.04
264.71	0.00	2.73
499.82	0.04	2.51
836.92	0.04	2.24
264.66	0.02	0.55
500.00	0.00	1.07
837.06	0.02	0.57
264.66	0.02	2.25
500.00	0.00	1.00
837.21	0.00	1.07
264.71	0.00	1.63
500.00	0.00	2.48
837.21	0.00	2.98
264.71	0.00	1.47
500.00	0.00	0.55
837.21	0.00	1.97
264.71	0.00	2.21
500.00	0.00	1.18
837.06	0.02	2.50
264.71	0.00	1.83
499.91	0.02	0.74
837.21	0.00	0.77
264.61	0.04	4.97
499.74	0.05	4.23
837.06	0.02	1.38
264.71	0.00	3.33
500.00	0.00	3.56
837.21	0.00	1.87
264.71	0.00	0.63
499.91	0.02	0.87
837.21	0.00	1.10
264.66	0.02	2.74
500.00	0.00	0.71
837.06	0.02	2.65
264.66	0.02	3.31
499.82	0.04	2.88
837.21	0.00	3.16
264.71	0.00	3.00
499.91	0.02	2.47
837.21	0.00	2.03
264.71	0.00	2.48
499.89	0.02	0.65
837.06	0.02	2.65
264.65	0.02	1.26
500.00	0.00	1.15
837.06	0.02	2.52
264.66	0.02	4.17
499.82	0.04	3.24
836.92	0.04	1.81
264.66	0.02	2.28
500.00	0.00	2.67
837.06	0.02	1.20
264.71	0.00	3.78
500.00	0.00	3.15
836.92	0.04	3.12
264.60	0.04	1.45
499.82	0.04	2.51
837.06	0.02	1.88
264.61	0.04	3.70
500.00	0.00	0.68
836.73	0.06	2.06
264.71	0.00	4.08
500.00	0.00	1.08
837.21	0.00	2.11
264.71	0.00	1.95
499.91	0.02	3.24
837.06	0.02	1.90
264.71	0.00	1.04
499.82	0.04	2.62
837.21	0.00	1.23
264.71	0.00	3.18
499.91	0.02	0.62
837.06	0.02	0.58
264.55	0.06	3.49
500.00	0.00	1.81
837.21	0.00	1.96
264.60	0.04	2.39
500.00	0.00	1.19
837.21	0.00	1.01
264.66	0.02	3.59
500.00	0.00	1.76
837.21	0.00	2.54
264.66	0.02	2.36
499.91	0.02	2.40
836.92	0.04	3.86
264.71	0.00	3.37
499.91	0.02	2.70
837.21	0.00	4.30
264.66	0.02	2.15
500.00	0.00	3.31
836.87	0.04	3.32
264.61	0.04	4.92
500.00	0.00	2.17
837.06	0.02	2.40
264.71	0.00	4.50
499.91	0.02	3.63
837.06	0.02	3.08
264.66	0.02	1.23
499.91	0.02	3.00
837.02	0.02	1.18
264.61	0.04	2.81
500.00	0.00	1.44
837.21	0.00	0.54
264.66	0.02	2.26
500.00	0.00	2.56
837.02	0.02	1.06
264.65	0.02	1.09
500.00	0.00	0.60
837.06	0.02	0.57
264.66	0.02	3.10
499.91	0.02	3.07
837.06	0.02	1.25
264.66	0.02	1.90
500.00	0.00	0.62
836.92	0.04	3.47
264.71	0.00	2.66
499.91	0.02	4.26
837.21	0.00	3.24
264.66	0.02	2.21
499.91	0.02	2.15
837.06	0.02	0.64
264.71	0.00	2.54
499.91	0.02	3.39
836.92	0.04	3.05
264.66	0.02	2.65
500.00	0.00	1.40
836.92	0.04	4.23
264.60	0.04	3.49
499.91	0.02	1.76
837.02	0.02	2.31
264.66	0.02	2.23
500.00	0.00	1.30
837.21	0.00	0.54
264.65	0.02	1.32
499.82	0.04	3.21
837.06	0.02	2.91
264.55	0.06	4.03
499.91	0.02	1.94
837.06	0.02	1.66
264.66	0.02	3.43
499.82	0.04	3.20
837.21	0.00	2.83
264.71	0.00	4.48
500.00	0.00	3.64
837.21	0.00	2.49
264.71	0.00	1.69
499.82	0.04	2.83
837.21	0.00	0.49
264.66	0.02	3.46
499.91	0.02	2.29
836.87	0.04	1.85
264.71	0.00	2.75
500.00	0.00	2.82
837.21	0.00	1.18
264.71	0.00	1.74
500.00	0.00	0.59
837.21	0.00	1.63
264.71	0.00	1.05
499.91	0.02	1.13
837.21	0.00	0.46
264.71	0.00	2.94
500.00	0.00	2.78
837.02	0.02	1.07
264.61	0.04	5.47
499.91	0.02	2.17
836.92	0.04	4.01
264.66	0.02	3.66
499.82	0.04	2.71
837.06	0.02	3.39
264.71	0.00	1.78
500.00	0.00	0.62
837.06	0.02	2.39
264.71	0.00	2.21
499.91	0.02	2.03
837.06	0.02	1.73
264.71	0.00	1.20
500.00	0.00	0.99
837.06	0.02	0.62
264.71	0.00	1.01
500.00	0.00	2.55
837.06	0.02	2.13
264.71	0.00	1.91
500.00	0.00	1.46
837.21	0.00	1.69
264.71	0.00	1.20
500.00	0.00	2.91
837.21	0.00	2.12
264.71	0.00	1.28
499.91	0.02	3.32
836.77	0.05	3.45
264.60	0.04	2.96
499.91	0.02	2.46
837.21	0.00	0.54
264.71	0.00	1.09
499.91	0.02	0.77
837.06	0.02	1.79
264.57	0.05	3.81
500.00	0.00	1.19
837.06	0.02	1.51
264.71	0.00	2.30
499.74	0.05	2.86
836.92	0.04	2.27
264.71	0.00	1.83
500.00	0.00	1.07
837.21	0.00	1.17
264.71	0.00	1.15
500.00	0.00	2.33
837.21	0.00	0.97
264.71	0.00	1.71
500.00	0.00	3.47
837.21	0.00	2.82
264.66	0.02	2.96
500.00	0.00	2.64
837.06	0.02	2.32
264.71	0.00	2.35
499.82	0.04	3.41
837.06	0.02	3.59
264.71	0.00	3.51
499.82	0.04	3.86
837.21	0.00	2.85
264.71	0.00	2.58
499.91	0.02	2.39
836.92	0.04	4.09
264.71	0.00	2.94
500.00	0.00	3.85
837.06	0.02	2.28
264.66	0.02	2.13
500.00	0.00	2.05
837.06	0.02	1.78
264.61	0.04	2.00
500.00	0.00	3.92
837.21	0.00	1.23
264.66	0.02	4.30
500.00	0.00	1.51
837.21	0.00	1.68
264.71	0.00	2.50
500.00	0.00	1.77
837.21	0.00	1.65
264.71	0.00	0.75
500.00	0.00	2.33
837.21	0.00	2.07
264.66	0.02	2.19
500.00	0.00	2.57
837.21	0.00	3.21
264.71	0.00	1.82
500.00	0.00	0.79
837.21	0.00	2.80
264.61	0.04	4.24
499.91	0.02	2.42
837.06	0.02	3.98
264.66	0.02	3.32
499.74	0.05	3.79
837.21	0.00	1.09
264.66	0.02	2.73
500.00	0.00	0.62
836.73	0.06	3.04
264.66	0.02	2.07
500.00	0.00	2.07
837.21	0.00	1.12
264.55	0.06	3.62
499.91	0.02	3.44
837.06	0.02	0.57
264.55	0.06	2.87
499.82	0.04	4.27
837.21	0.00	1.51
264.71	0.00	1.95
500.00	0.00	0.60
836.92	0.04	2.63
264.61	0.04	4.63
499.91	0.02	2.33
837.02	0.02	1.78
264.71	0.00	2.02
500.00	0.00	3.00
837.21	0.00	1.63
264.71	0.00	1.35
500.00	0.00	3.54
837.06	0.02	2.24
264.66	0.02	1.86
500.00	0.00	1.45
837.06	0.02	1.20
264.71	0.00	1.79
500.00	0.00	2.73
836.92	0.04	2.86
264.57	0.05	2.61
499.82	0.04	2.16
837.06	0.02	1.66
264.66	0.02	2.34
499.91	0.02	1.13
837.06	0.02	1.14
264.61	0.04	1.78
499.91	0.02	2.19
837.21	0.00	0.98
264.71	0.00	0.66
500.00	0.00	1.10
837.06	0.02	3.78
264.71	0.00	2.22
500.00	0.00	2.65
837.06	0.02	2.05
264.71	0.00	0.63
500.00	0.00	0.59
837.21	0.00	1.60
264.71	0.00	2.84
499.82	0.04	1.77
837.06	0.02	2.03
264.71	0.00	1.62
500.00	0.00	2.22
837.06	0.02	1.06
264.65	0.02	2.01
500.00	0.00	2.03
837.21	0.00	3.18
264.71	0.00	2.68
499.91	0.02	3.34
837.06	0.02	1.10
264.71	0.00	2.58
499.91	0.02	1.28
837.21	0.00	2.61
264.71	0.00	3.04
499.91	0.02	3.10
837.21	0.00	2.62
264.61	0.04	2.95
500.00	0.00	0.63
837.06	0.02	4.32
264.61	0.04	4.77
499.91	0.02	1.79
837.06	0.02	4.21
264.71	0.00	1.99
500.00	0.00	1.59
837.06	0.02	0.58
264.65	0.02	1.07
499.91	0.02	1.09
837.06	0.02	2.19
264.71	0.00	1.54
500.00	0.00	0.57
837.06	0.02	1.11
264.71	0.00	1.42
499.91	0.02	2.18
837.21	0.00	0.61
264.57	0.05	3.24
499.91	0.02	2.05
837.21	0.00	0.54
264.66	0.02	2.05
500.00	0.00	1.95
837.06	0.02	1.05
264.71	0.00	1.94
500.00	0.00	1.90
837.21	0.00	2.79
264.66	0.02	3.41
499.91	0.02	3.67
837.21	0.00	2.25
264.66	0.02	2.42
499.82	0.04	2.78
837.06	0.02	1.87
264.55	0.06	4.14
499.91	0.02	2.52
837.21	0.00	1.80
264.66	0.02	4.37
499.91	0.02	4.26
836.92	0.04	4.59
264.71	0.00	1.46
499.91	0.02	3.52
837.06	0.02	4.97
264.66	0.02	1.82
499.91	0.02	2.09
837.06	0.02	1.72
264.55	0.06	3.80
500.00	0.00	0.66
837.21	0.00	2.18
264.66	0.02	2.69
499.91	0.02	3.35
837.06	0.02	2.24
264.71	0.00	2.99
499.91	0.02	2.41
836.77	0.05	3.23
264.71	0.00	3.29
500.00	0.00	0.71
836.92	0.04	2.69
264.66	0.02	2.36
499.89	0.02	1.10
837.21	0.00	2.10
264.61	0.04	6.44
500.00	0.00	1.10
837.06	0.02	3.87
264.71	0.00	3.90
500.00	0.00	3.55
837.21	0.00	4.28
264.71	0.00	5.19
500.00	0.00	2.59
837.21	0.00	3.14
264.71	0.00	1.78
500.00	0.00	2.99
837.21	0.00	2.80
264.66	0.02	2.42
500.00	0.00	1.88
836.77	0.05	3.31
264.71	0.00	2.78
500.00	0.00	2.47
837.21	0.00	1.18
264.71	0.00	1.96
500.00	0.00	1.61
836.92	0.04	3.63
264.71	0.00	1.51
500.00	0.00	0.85
837.21	0.00	1.44
264.71	0.00	2.84
499.91	0.02	2.13
836.77	0.05	3.92
264.71	0.00	1.67
499.91	0.02	3.06
837.21	0.00	1.05
264.66	0.02	1.20
500.00	0.00	0.49
837.21	0.00	0.65
264.66	0.02	2.93
500.00	0.00	1.97
837.06	0.02	0.64
264.71	0.00	1.39
499.91	0.02	3.72
836.92	0.04	1.89
264.71	0.00	1.99
499.91	0.02	3.91
837.06	0.02	1.25
264.71	0.00	1.71
499.91	0.02	4.56
837.06	0.02	2.46
264.71	0.00	1.65
499.82	0.04	3.88
837.21	0.00	0.59
264.71	0.00	2.40
499.91	0.02	3.13
836.92	0.04	2.83
264.71	0.00	1.82
500.00	0.00	1.12
837.06	0.02	3.97
264.71	0.00	0.65
500.00	0.00	1.86
836.92	0.04	3.89
264.66	0.02	1.20
500.00	0.00	3.24
836.92	0.04	3.27
264.71	0.00	3.39
500.00	0.00	1.44
837.06	0.02	2.16
264.65	0.02	1.35
500.00	0.00	1.07
837.21	0.00	2.42
264.71	0.00	1.27
499.82	0.04	2.42
837.21	0.00	1.93
264.65	0.02	1.61
500.00	0.00	0.63
837.06	0.02	1.10
264.71	0.00	2.17
500.00	0.00	1.45
837.06	0.02	1.68
264.61	0.04	2.81
499.91	0.02	2.56
837.21	0.00	1.00
264.66	0.02	1.66
500.00	0.00	2.04
837.21	0.00	0.55
264.71	0.00	3.02
499.91	0.02	2.18
837.06	0.02	3.43
264.66	0.02	0.57
499.91	0.02	3.59
837.21	0.00	2.43
264.71	0.00	2.46
500.00	0.00	0.60
837.06	0.02	4.79
264.71	0.00	3.15
499.91	0.02	2.04
837.06	0.02	2.45
264.71	0.00	1.38
499.82	0.04	4.27
836.77	0.05	5.19
264.71	0.00	1.85
499.91	0.02	5.73
837.06	0.02	2.97
264.71	0.00	2.25
499.91	0.02	4.83
837.06	0.02	1.73
264.61	0.04	2.65
499.91	0.02	2.32
837.06	0.02	3.45
264.61	0.04	4.26
499.82	0.04	5.76
837.21	0.00	2.85
264.71	0.00	3.65
499.74	0.05	2.88
837.21	0.00	2.83
264.71	0.00	2.78
500.00	0.00	1.23
837.21	0.00	1.11
264.66	0.02	5.66
500.00	0.00	2.45
837.21	0.00	1.64
264.66	0.02	2.32
500.00	0.00	2.15
837.06	0.02	2.29
264.66	0.02	4.18
499.80	0.04	2.32
837.21	0.00	2.17
264.61	0.04	3.41
500.00	0.00	1.51
837.21	0.00	1.10
264.61	0.04	4.21
500.00	0.00	1.30
837.06	0.02	1.26
264.55	0.06	3.67
499.82	0.04	2.91
837.21	0.00	1.77
264.71	0.00	2.90
499.91	0.02	2.99
837.06	0.02	2.78
264.71	0.00	3.00
499.91	0.02	0.70
837.21	0.00	2.15
264.66	0.02	5.13
499.82	0.04	2.80
837.21	0.00	1.71
264.71	0.00	1.41
500.00	0.00	1.52
837.02	0.02	1.14
264.66	0.02	3.29
500.00	0.00	0.56
837.21	0.00	0.53
264.61	0.04	3.98
500.00	0.00	1.99
837.21	0.00	1.00
264.61	0.04	2.24
500.00	0.00	1.52
837.21	0.00	1.69
264.71	0.00	3.01
499.91	0.02	1.26
837.06	0.02	2.20
264.71	0.00	3.39
500.00	0.00	0.60
836.92	0.04	3.31
264.61	0.04	3.78
500.00	0.00	2.21
837.02	0.02	1.94
264.66	0.02	5.03
499.91	0.02	1.85
837.06	0.02	3.82
264.71	0.00	3.71
499.91	0.02	2.35
837.21	0.00	2.51
264.57	0.05	4.72
499.91	0.02	1.97
837.21	0.00	1.50
264.66	0.02	2.42
499.91	0.02	4.63
837.06	0.02	2.14
264.61	0.04	3.85
500.00	0.00	5.12
837.21	0.00	0.74
264.71	0.00	4.34
499.91	0.02	3.17
837.21	0.00	1.30
264.66	0.02	3.58
500.00	0.00	0.56
837.06	0.02	2.16
264.71	0.00	4.08
499.91	0.02	1.64
837.21	0.00	0.52
264.71	0.00	0.92
500.00	0.00	0.60
837.21	0.00	1.03
264.71	0.00	1.33
500.00	0.00	3.10
837.21	0.00	0.50
264.66	0.02	1.54
499.82	0.04	3.23
837.21	0.00	2.22
264.66	0.02	2.76
500.00	0.00	2.66
837.06	0.02	1.79
264.66	0.02	5.21
499.91	0.02	2.47
837.21	0.00	2.85
264.71	0.00	2.69
500.00	0.00	1.84
837.06	0.02	1.79
264.66	0.02	4.63
499.82	0.04	4.36
837.06	0.02	1.16
264.71	0.00	2.44
499.91	0.02	2.78
837.21	0.00	1.13
264.66	0.02	2.56
499.91	0.02	1.57
837.06	0.02	2.84
264.71	0.00	0.53
500.00	0.00	2.81
837.06	0.02	1.08
264.61	0.04	3.45
500.00	0.00	1.90
837.21	0.00	1.14
264.66	0.02	4.10
499.91	0.02	3.27
837.06	0.02	1.76
264.71	0.00	4.51
500.00	0.00	3.09
837.06	0.02	3.06
264.66	0.02	2.13
500.00	0.00	0.63
837.06	0.02	1.72
264.71	0.00	1.85
499.82	0.04	3.02
837.06	0.02	2.02
264.71	0.00	2.34
499.91	0.02	3.73
837.21	0.00	2.15
264.71	0.00	2.17
500.00	0.00	3.12
837.21	0.00	0.72
264.65	0.02	1.25
499.91	0.02	4.48
837.06	0.02	2.81
264.61	0.04	3.29
500.00	0.00	3.92
837.21	0.00	2.27
264.61	0.04	4.30
500.00	0.00	2.32
837.21	0.00	2.77
264.66	0.02	3.89
499.91	0.02	2.39
836.92	0.04	3.84
264.71	0.00	1.42
500.00	0.00	1.66
837.21	0.00	2.08
264.71	0.00	4.15
500.00	0.00	2.14
837.21	0.00	2.04
264.71	0.00	1.28
499.91	0.02	3.94
837.06	0.02	3.80
264.66	0.02	3.20
499.82	0.04	3.27
837.21	0.00	3.12
264.71	0.00	1.20
499.91	0.02	2.26
837.02	0.02	0.56
264.60	0.04	1.74
499.91	0.02	0.68
837.21	0.00	2.50
264.71	0.00	2.06
500.00	0.00	1.83
837.21	0.00	2.01
264.65	0.02	3.06
500.00	0.00	0.56
837.21	0.00	1.13
264.61	0.04	4.87
500.00	0.00	1.07
837.21	0.00	1.63
264.66	0.02	5.43
499.82	0.04	2.68
837.21	0.00	1.07
264.71	0.00	1.19
499.82	0.04	1.36
837.21	0.00	0.53
264.66	0.02	1.40
500.00	0.00	2.02
837.21	0.00	0.97
264.65	0.02	0.73
499.89	0.02	2.57
837.21	0.00	2.49
264.66	0.02	3.19
500.00	0.00	2.79
837.21	0.00	3.05
264.60	0.04	2.57
499.82	0.04	3.70
837.06	0.02	2.33
264.71	0.00	3.51
499.91	0.02	5.03
837.21	0.00	1.61
264.66	0.02	2.75
500.00	0.00	2.86
837.06	0.02	1.40
264.71	0.00	2.68
499.91	0.02	3.25
837.21	0.00	1.10
264.66	0.02	3.40
499.91	0.02	2.69
837.21	0.00	2.37
264.66	0.02	1.93
500.00	0.00	2.26
837.06	0.02	0.74
264.71	0.00	2.25
499.91	0.02	2.89
837.06	0.02	2.91
264.66	0.02	0.72
499.91	0.02	4.12
836.92	0.04	3.51
264.71	0.00	1.28
500.00	0.00	2.35
837.06	0.02	0.60
264.57	0.05	3.31
500.00	0.00	0.98
837.21	0.00	2.21
264.71	0.00	1.42
499.91	0.02	1.52
836.92	0.04	3.31
264.71	0.00	1.90
500.00	0.00	1.90
837.06	0.02	2.22
264.71	0.00	0.86
499.91	0.02	2.46
836.92	0.04	3.76
264.71	0.00	3.25
500.00	0.00	1.30
837.21	0.00	2.66
264.66	0.02	4.21
499.91	0.02	2.06
837.21	0.00	1.33
264.66	0.02	3.40
499.82	0.04	3.48
837.06	0.02	2.86
264.71	0.00	1.10
500.00	0.00	1.17
836.92	0.04	4.12
264.66	0.02	2.03
500.00	0.00	1.75
837.02	0.02	1.83
264.61	0.04	5.27
500.00	0.00	3.23
836.73	0.06	3.32
264.61	0.04	4.64
499.91	0.02	4.61
837.06	0.02	2.68
264.61	0.04	3.18
499.91	0.02	3.28
837.21	0.00	1.76
264.71	0.00	0.88
500.00	0.00	1.07
837.06	0.02	2.32
264.71	0.00	2.38
499.91	0.02	2.94
837.06	0.02	1.77
264.71	0.00	2.66
499.91	0.02	1.60
836.92	0.04	4.17
264.66	0.02	3.30
499.82	0.04	5.10
836.87	0.04	3.04
264.61	0.04	4.42
500.00	0.00	3.98
836.87	0.04	3.53
264.71	0.00	1.80
500.00	0.00	1.32
837.06	0.02	2.81
264.71	0.00	1.35
499.82	0.04	4.61
837.21	0.00	2.49
264.71	0.00	1.27
499.82	0.04	4.76
837.21	0.00	1.44
264.71	0.00	2.94
499.82	0.04	3.18
837.21	0.00	1.24
264.61	0.04	3.97
500.00	0.00	2.73
836.77	0.05	2.77
264.66	0.02	1.75
500.00	0.00	1.06
837.21	0.00	2.16
264.71	0.00	2.87
500.00	0.00	1.75
836.92	0.04	3.88
264.71	0.00	2.72
500.00	0.00	1.06
837.21	0.00	3.77
264.61	0.04	3.55
500.00	0.00	2.37
837.21	0.00	0.59
264.60	0.04	3.15
500.00	0.00	1.44
837.06	0.02	1.63
264.71	0.00	2.40
500.00	0.00	0.67
837.06	0.02	3.27
264.71	0.00	2.41
500.00	0.00	1.82
836.92	0.04	2.30
264.61	0.04	4.62
500.00	0.00	0.72
837.21	0.00	2.28
264.66	0.02	0.76
499.91	0.02	1.26
836.77	0.05	3.72
264.61	0.04	4.04
499.91	0.02	3.43
837.02	0.02	1.15
264.61	0.04	3.66
499.91	0.02	0.90
837.06	0.02	4.27
264.66	0.02	1.09
500.00	0.00	1.41
837.06	0.02	1.06
264.66	0.02	2.93
500.00	0.00	2.43
837.06	0.02	4.93
264.71	0.00	2.11
500.00	0.00	3.49
837.21	0.00	2.26
264.71	0.00	2.42
500.00	0.00	1.11
837.06	0.02	3.01
264.66	0.02	3.62
499.82	0.04	4.88
837.21	0.00	2.96
264.71	0.00	2.37
499.91	0.02	4.75
836.92	0.04	3.41
264.61	0.04	2.73
499.74	0.05	5.33
837.06	0.02	2.87
264.71	0.00	4.45
499.91	0.02	3.15
837.21	0.00	1.54
264.71	0.00	1.23
500.00	0.00	1.03
837.21	0.00	0.54
264.57	0.05	3.39
499.91	0.02	2.29
837.21	0.00	1.11
264.66	0.02	1.33
499.91	0.02	1.07
836.92	0.04	2.81
264.71	0.00	1.50
499.91	0.02	5.54
837.21	0.00	1.94
264.66	0.02	1.89
499.82	0.04	4.89
837.21	0.00	1.80
264.65	0.02	1.23
499.71	0.06	5.86
837.21	0.00	2.52
264.66	0.02	1.52
499.74	0.05	2.44
836.92	0.04	2.56
264.71	0.00	1.91
499.82	0.04	3.78
837.06	0.02	0.59
264.61	0.04	2.45
500.00	0.00	0.55
837.21	0.00	1.04
264.61	0.04	3.68
500.00	0.00	2.19
837.06	0.02	1.52
264.66	0.02	2.98
500.00	0.00	1.04
836.77	0.05	2.30
264.65	0.02	1.15
500.00	0.00	1.13
837.21	0.00	1.69
264.71	0.00	2.32
499.80	0.04	1.99
837.21	0.00	1.24
264.66	0.02	1.12
499.82	0.04	4.40
836.92	0.04	3.81
264.71	0.00	1.74
499.82	0.04	2.51
837.06	0.02	2.80
264.61	0.04	1.67
499.91	0.02	2.65
837.06	0.02	2.07
264.71	0.00	1.28
500.00	0.00	0.79
836.77	0.05	3.67
264.71	0.00	0.78
500.00	0.00	0.87
837.21	0.00	4.09
264.55	0.06	4.54
499.91	0.02	1.49
837.06	0.02	0.60
264.66	0.02	3.09
500.00	0.00	1.47
837.21	0.00	2.06
264.61	0.04	1.89
500.00	0.00	2.12
837.21	0.00	1.51
264.71	0.00	1.98
499.91	0.02	1.97
837.21	0.00	0.56
264.66	0.02	3.40
499.82	0.04	3.84
836.92	0.04	3.99
264.71	0.00	1.58
499.91	0.02	2.36
837.06	0.02	2.74
264.71	0.00	4.39
499.91	0.02	3.52
837.06	0.02	3.26
264.71	0.00	4.68
499.91	0.02	2.97
836.92	0.04	3.56
264.61	0.04	3.65
500.00	0.00	2.42
837.06	0.02	2.53
264.66	0.02	2.78
500.00	0.00	1.55
837.21	0.00	1.85
264.71	0.00	1.92
500.00	0.00	2.13
837.21	0.00	0.94
264.71	0.00	1.04
499.91	0.02	0.75
836.92	0.04	3.59
264.71	0.00	2.40
499.91	0.02	2.19
837.21	0.00	1.51
264.66	0.02	0.67
499.74	0.05	3.13
837.06	0.02	1.67
264.61	0.04	1.86
500.00	0.00	1.71
837.21	0.00	1.93
264.61	0.04	3.47
499.82	0.04	2.66
837.06	0.02	0.70
264.66	0.02	2.41
500.00	0.00	2.15
837.06	0.02	0.73
264.71	0.00	2.77
499.89	0.02	1.58
837.21	0.00	1.15
264.66	0.02	3.10
500.00	0.00	0.69
837.06	0.02	3.92
264.71	0.00	1.25
499.91	0.02	3.00
837.06	0.02	2.59
264.71	0.00	1.76
499.91	0.02	3.60
837.02	0.02	1.52
264.71	0.00	3.53
500.00	0.00	3.51
837.06	0.02	1.41
264.71	0.00	2.60
499.91	0.02	1.07
837.21	0.00	0.66
264.61	0.04	4.11
499.80	0.04	2.82
837.06	0.02	1.89
264.66	0.02	1.30
499.82	0.04	4.40
837.21	0.00	1.78
264.71	0.00	1.59
499.71	0.06	3.03
837.21	0.00	1.07
264.57	0.05	3.65
499.82	0.04	4.33
836.92	0.04	2.35
264.71	0.00	3.27
499.82	0.04	1.84
836.87	0.04	2.00
264.61	0.04	4.54
500.00	0.00	3.64
837.21	0.00	2.31
264.71	0.00	4.13
499.91	0.02	2.83
837.21	0.00	2.44
264.60	0.04	3.75
500.00	0.00	0.62
837.21	0.00	0.65
264.66	0.02	4.80
499.82	0.04	2.12
837.21	0.00	0.63
264.66	0.02	4.49
499.91	0.02	0.73
837.06	0.02	1.76
264.71	0.00	0.63
499.91	0.02	0.64
837.21	0.00	1.01
264.57	0.05	2.64
499.91	0.02	0.70
837.21	0.00	2.52
264.71	0.00	1.78
500.00	0.00	2.97
837.06	0.02	1.99
264.66	0.02	1.70
499.91	0.02	3.14
837.21	0.00	1.74
264.61	0.04	4.14
500.00	0.00	1.11
836.92	0.04	2.20
264.66	0.02	3.14
499.89	0.02	2.90
837.21	0.00	3.44
264.66	0.02	3.70
500.00	0.00	1.64
837.06	0.02	3.74
264.66	0.02	3.06
500.00	0.00	1.78
837.21	0.00	1.60
264.61	0.04	4.48
500.00	0.00	1.25
836.92	0.04	3.90
264.60	0.04	2.73
500.00	0.00	2.73
836.92	0.04	3.33
264.61	0.04	3.84
499.91	0.02	1.93
837.21	0.00	1.18
264.71	0.00	3.10
500.00	0.00	2.55
837.21	0.00	2.17
264.61	0.04	2.25
500.00	0.00	0.60
837.06	0.02	2.23
264.61	0.04	4.12
500.00	0.00	2.19
836.92	0.04	3.34
264.71	0.00	1.67
500.00	0.00	1.55
837.06	0.02	0.66
264.61	0.04	3.85
500.00	0.00	0.53
836.92	0.04	2.52
264.66	0.02	1.32
500.00	0.00	2.77
837.06	0.02	0.68
264.61	0.04	3.80
499.91	0.02	3.97
836.92	0.04	1.95
264.66	0.02	3.62
499.80	0.04	4.35
837.21	0.00	2.38
264.71	0.00	1.47
499.82	0.04	3.84
837.02	0.02	0.67
264.57	0.05	3.88
500.00	0.00	2.44
837.21	0.00	1.15
264.71	0.00	1.81
500.00	0.00	1.51
837.21	0.00	1.62
264.66	0.02	1.07
500.00	0.00	2.07
837.06	0.02	1.16
264.66	0.02	1.61
499.91	0.02	2.09
837.06	0.02	1.58
264.66	0.02	4.49
500.00	0.00	1.58
837.06	0.02	3.04
264.66	0.02	2.50
499.91	0.02	2.64
836.92	0.04	3.31
264.66	0.02	5.01
500.00	0.00	1.15
837.21	0.00	2.01
264.65	0.02	3.32
499.80	0.04	1.93
837.21	0.00	2.18
264.71	0.00	1.21
500.00	0.00	2.47
836.77	0.05	3.55
264.65	0.02	1.71
500.00	0.00	2.85
837.06	0.02	1.11
264.66	0.02	0.73
500.00	0.00	2.14
836.92	0.04	1.75
264.71	0.00	2.12
500.00	0.00	3.80
837.06	0.02	3.06
264.61	0.04	3.27
499.74	0.05	4.69
837.21	0.00	1.12
264.71	0.00	3.73
499.91	0.02	3.89
837.21	0.00	2.37
264.66	0.02	4.17
499.71	0.06	4.21
837.21	0.00	2.88
264.66	0.02	3.52
499.82	0.04	5.85
837.06	0.02	4.30
264.61	0.04	3.93
499.82	0.04	4.63
837.21	0.00	1.64
264.71	0.00	1.24
499.82	0.04	4.76
837.06	0.02	3.87
264.71	0.00	3.43
499.82	0.04	5.45
837.21	0.00	2.89
264.66	0.02	2.00
499.82	0.04	4.35
837.06	0.02	2.65
264.66	0.02	2.48
499.91	0.02	1.22
837.06	0.02	2.33
264.61	0.04	3.33
499.82	0.04	4.91
837.21	0.00	1.12
264.66	0.02	3.60
499.91	0.02	3.04
837.21	0.00	0.61
264.66	0.02	3.01
500.00	0.00	1.82
837.21	0.00	2.60
264.71	0.00	1.42
500.00	0.00	2.29
837.21	0.00	3.20
264.71	0.00	4.60
499.71	0.06	5.25
837.06	0.02	4.79
264.66	0.02	4.05
499.82	0.04	5.57
837.21	0.00	2.91
264.71	0.00	4.61
499.82	0.04	6.45
837.06	0.02	5.41
264.66	0.02	2.08
499.91	0.02	2.18
837.21	0.00	1.90
264.71	0.00	2.81
499.91	0.02	4.96
837.21	0.00	1.10
264.71	0.00	2.57
500.00	0.00	4.30
837.21	0.00	2.37
264.71	0.00	2.17
499.91	0.02	4.02
837.21	0.00	1.74
264.71	0.00	2.25
500.00	0.00	1.11
836.87	0.04	2.26
264.71	0.00	2.81
499.91	0.02	2.75
837.21	0.00	1.08
264.66	0.02	2.46
499.91	0.02	2.75
837.21	0.00	1.65
264.66	0.02	0.66
500.00	0.00	0.65
837.06	0.02	2.27
264.66	0.02	3.19
499.82	0.04	4.09
837.06	0.02	1.73
264.60	0.04	2.23
500.00	0.00	0.57
837.06	0.02	2.14
264.66	0.02	0.70
500.00	0.00	0.67
837.06	0.02	3.10
264.66	0.02	1.26
499.91	0.02	1.82
837.06	0.02	2.00
264.57	0.05	4.09
499.82	0.04	3.07
836.92	0.04	2.08
264.66	0.02	2.67
499.91	0.02	3.52
837.06	0.02	0.75
264.66	0.02	1.36
499.82	0.04	4.81
837.06	0.02	3.32
264.61	0.04	4.54
499.82	0.04	4.35
837.21	0.00	1.77
264.66	0.02	4.05
499.91	0.02	1.18
837.21	0.00	1.06
264.71	0.00	1.29
499.91	0.02	2.99
837.21	0.00	2.54
264.71	0.00	3.54
500.00	0.00	2.89
837.21	0.00	1.34
264.71	0.00	2.51
499.91	0.02	2.18
836.77	0.05	3.10
264.71	0.00	3.04
500.00	0.00	1.14
837.21	0.00	2.28
264.60	0.04	1.91
499.91	0.02	1.72
836.77	0.05	2.89
264.57	0.05	4.67
499.91	0.02	3.20
836.77	0.05	4.10
264.66	0.02	3.21
500.00	0.00	2.59
837.21	0.00	1.33
264.66	0.02	2.78
500.00	0.00	1.68
837.21	0.00	0.54
264.71	0.00	0.63
499.91	0.02	1.72
836.92	0.04	1.63
264.71	0.00	2.19
499.89	0.02	1.06
836.92	0.04	3.32
264.71	0.00	0.56
499.82	0.04	2.69
837.21	0.00	1.76
264.71	0.00	1.81
499.91	0.02	4.03
837.21	0.00	0.63
264.66	0.02	3.01
500.00	0.00	2.30
837.06	0.02	1.13
264.61	0.04	5.53
499.91	0.02	2.13
837.06	0.02	2.10
264.71	0.00	2.36
500.00	0.00	1.12
837.06	0.02	1.86
264.61	0.04	3.97
499.91	0.02	2.77
837.21	0.00	1.09
264.66	0.02	1.90
500.00	0.00	1.86
836.87	0.04	1.83
264.71	0.00	3.46
500.00	0.00	1.10
837.06	0.02	2.36
264.71	0.00	1.56
499.91	0.02	3.10
837.21	0.00	2.34
264.66	0.02	1.78
499.91	0.02	2.97
836.92	0.04	3.31
264.65	0.02	2.33
500.00	0.00	2.46
837.06	0.02	1.99
264.71	0.00	1.54
500.00	0.00	1.57
837.21	0.00	1.02
264.66	0.02	4.55
499.74	0.05	3.31
836.92	0.04	2.67
264.66	0.02	3.62
499.91	0.02	3.61
837.06	0.02	0.74
264.66	0.02	1.69
500.00	0.00	1.03
837.21	0.00	0.65
264.71	0.00	0.65
500.00	0.00	1.68
837.06	0.02	2.69
264.71	0.00	1.63
500.00	0.00	1.11
837.21	0.00	1.00
264.66	0.02	2.16
499.91	0.02	3.31
837.02	0.02	0.57
264.71	0.00	3.41
499.82	0.04	4.09
837.21	0.00	2.10
264.61	0.04	3.42
500.00	0.00	1.74
836.87	0.04	3.86
264.66	0.02	4.53
500.00	0.00	2.42
837.21	0.00	3.25
264.71	0.00	5.02
499.91	0.02	3.00
836.87	0.04	2.31
264.61	0.04	5.73
500.00	0.00	1.11
837.21	0.00	2.85
264.66	0.02	5.27
500.00	0.00	1.33
837.21	0.00	3.10
264.66	0.02	2.04
499.80	0.04	1.78
837.06	0.02	4.25
264.71	0.00	0.49
500.00	0.00	0.78
837.06	0.02	3.40
264.71	0.00	1.32
500.00	0.00	2.06
837.06	0.02	2.50
264.66	0.02	1.41
499.82	0.04	2.11
837.21	0.00	0.55
264.71	0.00	0.54
499.91	0.02	1.66
837.21	0.00	0.64
264.71	0.00	1.00
499.82	0.04	3.83
837.06	0.02	1.26
264.71	0.00	2.15
500.00	0.00	0.63
837.21	0.00	0.55
264.66	0.02	1.15
499.82	0.04	4.29
837.06	0.02	2.16
264.71	0.00	2.80
500.00	0.00	2.93
837.21	0.00	2.68
264.57	0.05	3.71
499.91	0.02	1.68
837.06	0.02	2.33
264.65	0.02	4.18
499.82	0.04	3.74
837.21	0.00	1.08
264.71	0.00	1.90
499.82	0.04	4.42
837.21	0.00	1.09
264.71	0.00	2.35
499.74	0.05	4.39
836.92	0.04	4.48
264.61	0.04	5.42
500.00	0.00	2.92
837.21	0.00	1.51
264.66	0.02	4.17
500.00	0.00	1.52
837.21	0.00	2.48
264.71	0.00	1.50
499.82	0.04	2.24
836.92	0.04	2.85
264.66	0.02	2.13
499.82	0.04	4.37
837.21	0.00	2.68
264.66	0.02	1.27
499.91	0.02	1.70
836.92	0.04	2.35
264.65	0.02	2.12
499.82	0.04	3.87
837.06	0.02	2.18
264.57	0.05	4.27
500.00	0.00	2.26
837.06	0.02	4.00
264.71	0.00	2.59
499.91	0.02	2.07
837.06	0.02	2.74
264.71	0.00	0.55
499.91	0.02	1.27
837.06	0.02	0.60
264.71	0.00	1.92
499.91	0.02	3.41
837.06	0.02	2.39
264.71	0.00	0.53
500.00	0.00	1.47
837.21	0.00	1.70
264.71	0.00	2.01
500.00	0.00	1.02
837.06	0.02	1.62
264.71	0.00	1.44
500.00	0.00	1.82
837.21	0.00	2.19
264.66	0.02	3.53
500.00	0.00	2.95
837.21	0.00	0.54
264.61	0.04	4.46
500.00	0.00	2.98
837.21	0.00	1.73
264.71	0.00	2.45
499.82	0.04	2.78
837.21	0.00	1.13
264.71	0.00	2.84
499.82	0.04	2.78
837.21	0.00	0.72
264.61	0.04	1.88
499.82	0.04	1.89
837.02	0.02	1.63
264.71	0.00	2.17
500.00	0.00	1.07
837.06	0.02	1.09
264.61	0.04	1.93
499.91	0.02	1.09
837.21	0.00	1.54
264.61	0.04	2.40
500.00	0.00	2.17
837.21	0.00	2.53
264.71	0.00	0.98
500.00	0.00	1.70
837.06	0.02	2.02
264.71	0.00	1.20
500.00	0.00	1.42
837.21	0.00	2.95
264.71	0.00	0.49
500.00	0.00	1.42
837.21	0.00	0.57
264.61	0.04	2.05
499.91	0.02	1.97
837.21	0.00	0.93
264.61	0.04	2.73
500.00	0.00	2.38
836.92	0.04	2.31
264.71	0.00	1.81
499.74	0.05	3.11
837.06	0.02	1.88
264.71	0.00	2.17
500.00	0.00	4.65
837.21	0.00	2.32
264.66	0.02	3.71
500.00	0.00	4.79
837.06	0.02	3.64
264.71	0.00	2.99
500.00	0.00	1.54
837.21	0.00	1.67
264.71	0.00	2.21
500.00	0.00	2.68
837.21	0.00	0.53
264.66	0.02	1.45
499.91	0.02	4.31
837.06	0.02	1.11
264.71	0.00	1.40
500.00	0.00	1.46
837.06	0.02	1.62
264.71	0.00	2.32
500.00	0.00	0.78
836.73	0.06	3.83
264.66	0.02	3.83
500.00	0.00	2.19
836.92	0.04	3.42
264.66	0.02	3.68
500.00	0.00	0.83
836.92	0.04	3.47
264.66	0.02	3.03
499.91	0.02	3.40
836.92	0.04	4.63
264.66	0.02	1.74
500.00	0.00	2.56
836.92	0.04	3.45
264.71	0.00	0.54
499.80	0.04	1.94
837.21	0.00	2.14
264.66	0.02	0.55
499.82	0.04	2.30
837.06	0.02	1.01
264.71	0.00	2.42
500.00	0.00	1.38
837.21	0.00	0.47
264.66	0.02	1.10
500.00	0.00	1.53
837.06	0.02	1.62
264.65	0.02	1.67
500.00	0.00	0.51
837.21	0.00	1.51
264.71	0.00	1.00
500.00	0.00	2.06
837.06	0.02	1.06
264.66	0.02	4.49
500.00	0.00	2.84
837.21	0.00	2.81
264.71	0.00	2.70
500.00	0.00	1.20
837.21	0.00	0.65
264.66	0.02	4.56
500.00	0.00	2.39
837.21	0.00	2.18
264.71	0.00	1.70
499.89	0.02	2.22
837.06	0.02	2.28
264.66	0.02	2.41
500.00	0.00	2.44
837.06	0.02	2.68
264.71	0.00	3.17
500.00	0.00	4.00
837.06	0.02	4.01
264.71	0.00	1.54
500.00	0.00	1.81
837.21	0.00	1.53
264.66	0.02	1.05
499.91	0.02	2.87
837.06	0.02	2.05
264.71	0.00	0.72
499.91	0.02	1.06
837.21	0.00	1.11
264.71	0.00	2.03
499.82	0.04	3.35
837.21	0.00	0.60
264.71	0.00	1.03
500.00	0.00	0.56
837.06	0.02	1.67
264.71	0.00	1.55
499.91	0.02	2.21
837.21	0.00	1.56
264.71	0.00	3.37
499.91	0.02	2.68
836.92	0.04	4.20
264.61	0.04	2.72
499.91	0.02	2.87
837.06	0.02	3.36
264.71	0.00	1.86
499.82	0.04	4.72
837.06	0.02	3.53
264.66	0.02	1.60
500.00	0.00	1.62
836.92	0.04	3.85
264.71	0.00	2.83
499.91	0.02	2.03
837.21	0.00	3.13
264.66	0.02	1.32
500.00	0.00	3.39
837.21	0.00	3.74
264.61	0.04	3.92
500.00	0.00	2.31
836.92	0.04	6.06
264.71	0.00	0.70
499.91	0.02	2.61
837.06	0.02	4.53
264.71	0.00	1.34
500.00	0.00	2.36
837.06	0.02	5.53
264.71	0.00	1.10
500.00	0.00	1.99
837.06	0.02	1.25
264.66	0.02	2.00
499.91	0.02	2.54
837.21	0.00	1.65
264.55	0.06	3.48
499.91	0.02	3.99
837.21	0.00	2.12
264.66	0.02	3.38
499.91	0.02	3.31
837.06	0.02	1.97
264.71	0.00	1.14
499.91	0.02	1.03
837.06	0.02	3.52
264.71	0.00	1.65
500.00	0.00	1.51
837.21	0.00	3.00
264.71	0.00	2.92
499.91	0.02	3.25
837.21	0.00	1.57
264.71	0.00	2.11
499.74	0.05	3.79
837.06	0.02	2.88
264.66	0.02	3.87
499.91	0.02	4.35
837.21	0.00	1.38
264.71	0.00	1.68
499.80	0.04	1.65
837.06	0.02	1.79
264.71	0.00	2.16
500.00	0.00	2.80
837.06	0.02	0.64
264.66	0.02	1.07
499.91	0.02	0.63
836.92	0.04	1.61
264.61	0.04	3.64
499.91	0.02	2.30
837.06	0.02	0.72
264.71	0.00	3.26
499.91	0.02	2.10
836.77	0.05	3.13
264.71	0.00	3.01
500.00	0.00	3.75
837.21	0.00	2.47
264.71	0.00	1.66
500.00	0.00	2.05
837.21	0.00	1.73
264.66	0.02	2.25
500.00	0.00	2.51
837.06	0.02	3.08
264.66	0.02	4.43
499.91	0.02	3.88
837.06	0.02	1.18
264.71	0.00	1.60
500.00	0.00	1.74
837.21	0.00	0.60
264.61	0.04	4.23
500.00	0.00	1.78
837.06	0.02	1.66
264.71	0.00	2.56
500.00	0.00	1.25
837.06	0.02	2.16
264.66	0.02	3.87
500.00	0.00	2.98
837.06	0.02	1.95
264.61	0.04	4.48
499.80	0.04	2.28
837.06	0.02	1.42
264.71	0.00	4.57
500.00	0.00	1.09
837.21	0.00	1.19
264.71	0.00	1.91
499.82	0.04	3.37
837.21	0.00	1.77
264.71	0.00	0.57
499.82	0.04	3.12
837.21	0.00	1.62
264.66	0.02	1.23
500.00	0.00	2.12
837.21	0.00	1.05
264.71	0.00	2.18
499.82	0.04	1.18
837.21	0.00	0.50
264.71	0.00	0.99
499.82	0.04	2.23
837.21	0.00	0.54
264.71	0.00	1.79
499.91	0.02	1.12
837.21	0.00	0.53
264.61	0.04	3.34
499.91	0.02	0.77
837.21	0.00	1.52
264.57	0.05	3.95
500.00	0.00	1.05
837.06	0.02	2.02
264.71	0.00	0.57
500.00	0.00	2.97
837.06	0.02	2.57
264.61	0.04	4.58
500.00	0.00	0.58
837.21	0.00	0.66
264.71	0.00	1.03
499.91	0.02	1.82
837.21	0.00	0.62
264.66	0.02	3.96
499.91	0.02	3.64
837.06	0.02	1.98
264.71	0.00	3.89
499.91	0.02	3.55
837.21	0.00	3.18
264.61	0.04	4.54
500.00	0.00	4.33
837.21	0.00	2.73
264.71	0.00	5.23
500.00	0.00	1.84
836.77	0.05	3.87
264.66	0.02	3.32
500.00	0.00	1.81
837.06	0.02	2.09
264.71	0.00	2.58
499.91	0.02	2.27
837.21	0.00	1.70
264.71	0.00	1.49
499.89	0.02	1.20
837.06	0.02	2.63
264.71	0.00	2.72
499.89	0.02	2.30
836.92	0.04	3.17
264.71	0.00	1.88
500.00	0.00	1.34
836.92	0.04	5.11
264.71	0.00	0.72
500.00	0.00	3.89
837.06	0.02	3.92
264.71	0.00	2.38
499.91	0.02	1.20
837.21	0.00	0.55
264.71	0.00	1.16
499.82	0.04	2.38
837.21	0.00	0.51
264.61	0.04	2.23
500.00	0.00	1.52
836.92	0.04	2.33
264.66	0.02	3.73
499.82	0.04	2.59
837.06	0.02	0.82
264.71	0.00	2.34
500.00	0.00	1.15
837.06	0.02	3.03
264.60	0.04	3.12
499.91	0.02	1.66
837.06	0.02	1.63
264.66	0.02	1.98
499.91	0.02	2.49
837.06	0.02	1.68
264.71	0.00	2.01
500.00	0.00	0.71
837.06	0.02	3.03
264.71	0.00	2.45
500.00	0.00	1.24
836.92	0.04	2.69
264.71	0.00	1.95
500.00	0.00	1.01
837.21	0.00	1.63
264.57	0.05	4.43
500.00	0.00	0.68
837.06	0.02	1.33
264.71	0.00	4.18
499.91	0.02	1.89
837.21	0.00	0.55
264.71	0.00	2.95
500.00	0.00	1.37
837.21	0.00	1.58
264.66	0.02	0.69
499.91	0.02	3.09
837.06	0.02	2.75
264.71	0.00	2.35
499.91	0.02	1.21
837.06	0.02	1.75
264.61	0.04	2.21
499.82	0.04	2.93
837.02	0.02	0.58
264.71	0.00	3.52
500.00	0.00	0.66
837.21	0.00	1.64
264.71	0.00	1.53
500.00	0.00	1.90
836.92	0.04	2.81
264.71	0.00	0.67
500.00	0.00	3.16
836.92	0.04	2.58
264.71	0.00	1.91
500.00	0.00	1.76
836.77	0.05	3.88
264.71	0.00	0.64
499.80	0.04	2.43
837.21	0.00	0.57
264.66	0.02	2.45
500.00	0.00	2.25
837.21	0.00	3.62
264.61	0.04	2.79
499.91	0.02	1.68
836.92	0.04	3.55
264.71	0.00	1.26
500.00	0.00	1.07
837.21	0.00	2.47
264.66	0.02	2.44
499.91	0.02	1.63
836.92	0.04	1.23
264.71	0.00	1.01
500.00	0.00	1.29
836.92	0.04	1.74
264.61	0.04	3.82
500.00	0.00	1.21
837.21	0.00	1.07
264.61	0.04	4.86
499.91	0.02	2.31
836.92	0.04	3.60
264.61	0.04	4.20
500.00	0.00	3.11
836.73	0.06	4.52
264.71	0.00	0.98
500.00	0.00	0.77
836.92	0.04	5.10
264.71	0.00	1.56
499.82	0.04	2.36
836.92	0.04	2.55
264.61	0.04	1.89
499.91	0.02	1.43
837.21	0.00	2.85
264.66	0.02	2.94
500.00	0.00	1.72
837.21	0.00	2.84
264.55	0.06	3.98
500.00	0.00	0.68
837.21	0.00	1.86
264.71	0.00	2.85
500.00	0.00	2.36
837.21	0.00	1.07
264.61	0.04	4.47
500.00	0.00	2.80
836.92	0.04	2.45
264.66	0.02	4.77
499.91	0.02	3.08
837.21	0.00	2.16
264.71	0.00	1.98
499.91	0.02	2.74
837.21	0.00	3.89
264.66	0.02	5.07
500.00	0.00	1.26
837.21	0.00	2.63
264.66	0.02	2.38
499.82	0.04	3.41
837.06	0.02	2.68
264.66	0.02	1.59
500.00	0.00	1.70
837.21	0.00	0.53
264.66	0.02	2.16
500.00	0.00	1.21
836.92	0.04	3.29
264.66	0.02	2.29
499.82	0.04	2.68
837.06	0.02	2.16
264.61	0.04	5.42
500.00	0.00	0.67
837.21	0.00	3.34
264.66	0.02	4.39
499.91	0.02	2.27
837.21	0.00	1.48
264.71	0.00	3.58
500.00	0.00	1.70
837.21	0.00	3.22
264.71	0.00	0.81
499.82	0.04	3.61
837.06	0.02	1.13
264.71	0.00	2.42
499.82	0.04	4.33
837.06	0.02	4.41
264.71	0.00	2.18
500.00	0.00	1.29
837.21	0.00	1.44
264.66	0.02	1.08
500.00	0.00	0.66
836.92	0.04	2.63
264.71	0.00	2.77
499.89	0.02	1.25
837.06	0.02	3.17
264.71	0.00	3.38
500.00	0.00	2.00
836.92	0.04	3.72
264.66	0.02	3.92
500.00	0.00	1.16
836.92	0.04	3.24
264.71	0.00	1.65
499.89	0.02	1.25
837.02	0.02	0.62
264.66	0.02	1.68
499.91	0.02	1.34
837.21	0.00	1.88
264.71	0.00	0.64
500.00	0.00	1.29
837.21	0.00	2.35
264.71	0.00	1.15
499.91	0.02	1.90
837.21	0.00	1.99
264.71	0.00	2.59
500.00	0.00	1.30
837.06	0.02	2.06
264.57	0.05	3.98
500.00	0.00	2.64
837.21	0.00	3.13
264.71	0.00	1.15
500.00	0.00	1.24
837.21	0.00	1.47
264.71	0.00	1.67
500.00	0.00	0.58
837.21	0.00	0.52
264.71	0.00	2.20
499.91	0.02	0.55
836.92	0.04	1.83
264.66	0.02	3.41
499.91	0.02	1.91
837.06	0.02	2.28
264.66	0.02	0.64
499.89	0.02	0.64
837.21	0.00	0.50
264.71	0.00	1.09
499.91	0.02	2.49
837.06	0.02	3.49
264.61	0.04	3.81
500.00	0.00	2.87
837.06	0.02	1.05
264.71	0.00	3.68
499.91	0.02	2.74
837.21	0.00	4.24
264.71	0.00	2.37
500.00	0.00	2.33
837.06	0.02	3.51
264.61	0.04	4.45
500.00	0.00	2.69
837.06	0.02	3.09
264.66	0.02	2.15
499.91	0.02	3.94
837.21	0.00	2.06
264.71	0.00	3.22
500.00	0.00	2.72
837.21	0.00	2.66
264.61	0.04	5.02
499.91	0.02	3.39
837.21	0.00	1.59
264.66	0.02	2.34
499.82	0.04	1.59
837.21	0.00	0.53
264.66	0.02	2.28
500.00	0.00	0.56
837.21	0.00	0.50
264.66	0.02	1.12
499.91	0.02	3.28
837.06	0.02	0.67
264.61	0.04	4.62
500.00	0.00	1.89
837.02	0.02	2.17
264.66	0.02	2.41
500.00	0.00	2.40
837.21	0.00	1.11
264.61	0.04	4.26
500.00	0.00	4.37
836.92	0.04	3.56
264.71	0.00	3.17
500.00	0.00	3.07
837.21	0.00	2.81
264.66	0.02	0.85
499.89	0.02	1.21
837.21	0.00	2.85
264.66	0.02	4.02
499.91	0.02	3.68
837.06	0.02	2.24
264.71	0.00	2.64
499.89	0.02	1.92
837.06	0.02	2.57
264.66	0.02	1.39
499.91	0.02	1.22
837.21	0.00	1.99
264.71	0.00	2.89
500.00	0.00	1.44
837.21	0.00	0.96
264.65	0.02	2.35
499.91	0.02	2.28
837.06	0.02	3.50
264.66	0.02	4.95
499.82	0.04	3.00
837.06	0.02	1.71
264.71	0.00	3.41
500.00	0.00	2.32
837.06	0.02	2.22
264.61	0.04	4.50
500.00	0.00	5.13
837.06	0.02	1.33
264.66	0.02	1.31
499.91	0.02	3.93
837.06	0.02	1.89
264.71	0.00	3.03
499.91	0.02	4.65
837.21	0.00	1.15
264.66	0.02	3.03
500.00	0.00	1.41
837.21	0.00	0.52
264.66	0.02	1.26
499.71	0.06	3.96
837.06	0.02	2.91
264.65	0.02	1.75
500.00	0.00	2.75
837.06	0.02	1.68
264.61	0.04	4.12
499.82	0.04	3.24
837.06	0.02	1.82
264.66	0.02	0.75
500.00	0.00	0.67
837.21	0.00	2.16
264.66	0.02	2.57
500.00	0.00	2.91
837.21	0.00	2.87
264.71	0.00	3.18
499.91	0.02	4.16
837.21	0.00	2.36
264.66	0.02	3.77
500.00	0.00	1.06
837.06	0.02	1.65
264.71	0.00	1.10
499.82	0.04	2.87
837.06	0.02	3.63
264.66	0.02	1.63
499.82	0.04	4.55
836.73	0.06	4.51
264.61	0.04	3.03
500.00	0.00	0.83
836.92	0.04	3.86
264.71	0.00	1.33
499.82	0.04	3.71
837.06	0.02	2.82
264.71	0.00	3.09
499.91	0.02	2.55
836.92	0.04	4.55
264.66	0.02	3.77
499.91	0.02	4.57
836.92	0.04	5.28
264.66	0.02	2.15
500.00	0.00	3.65
837.06	0.02	3.22
264.66	0.02	3.68
499.91	0.02	0.73
836.92	0.04	4.03
264.66	0.02	4.50
500.00	0.00	2.46
837.06	0.02	0.68
264.61	0.04	2.64
500.00	0.00	1.70
837.21	0.00	2.14
264.65	0.02	0.56
500.00	0.00	0.54
837.21	0.00	0.53
264.71	0.00	2.20
500.00	0.00	2.48
836.92	0.04	2.79
264.61	0.04	2.77
499.91	0.02	1.22
837.06	0.02	1.61
264.71	0.00	2.73
500.00	0.00	1.98
837.06	0.02	1.69
264.61	0.04	3.66
500.00	0.00	3.09
837.06	0.02	2.20
264.66	0.02	1.13
499.91	0.02	2.90
837.21	0.00	0.63
264.57	0.05	3.19
500.00	0.00	1.79
837.06	0.02	1.94
264.65	0.02	1.34
500.00	0.00	1.17
837.06	0.02	2.57
264.66	0.02	1.95
499.82	0.04	3.02
836.77	0.05	4.51
264.66	0.02	1.21
500.00	0.00	1.69
837.21	0.00	0.64
264.71	0.00	2.02
499.74	0.05	3.49
837.06	0.02	2.79
264.71	0.00	2.41
500.00	0.00	2.85
837.21	0.00	2.12
264.71	0.00	1.51
500.00	0.00	3.82
837.06	0.02	1.66
264.71	0.00	0.82
499.80	0.04	4.24
837.21	0.00	1.93
264.71	0.00	2.24
499.74	0.05	5.50
837.21	0.00	1.94
264.66	0.02	2.42
500.00	0.00	2.57
837.06	0.02	1.56
264.71	0.00	2.93
499.91	0.02	1.19
837.21	0.00	1.00
264.66	0.02	0.62
499.82	0.04	3.21
837.21	0.00	2.30
264.71	0.00	2.13
499.91	0.02	3.42
837.21	0.00	2.15
264.71	0.00	2.63
500.00	0.00	1.13
837.06	0.02	1.11
264.71	0.00	1.43
500.00	0.00	3.93
837.06	0.02	3.45
264.71	0.00	3.08
499.91	0.02	5.92
837.21	0.00	3.34
264.71	0.00	1.09
499.91	0.02	5.12
837.06	0.02	5.08
264.55	0.06	3.98
500.00	0.00	1.86
837.06	0.02	3.42
264.71	0.00	1.56
500.00	0.00	1.49
837.21	0.00	3.83
264.61	0.04	5.25
499.91	0.02	3.05
837.21	0.00	2.72
264.66	0.02	4.62
500.00	0.00	0.66
837.06	0.02	2.58
264.61	0.04	3.21
500.00	0.00	0.55
837.02	0.02	0.60
264.66	0.02	1.16
500.00	0.00	0.70
836.92	0.04	3.31
264.57	0.05	3.69
500.00	0.00	1.01
837.21	0.00	1.51
264.71	0.00	0.64
499.91	0.02	3.53
837.21	0.00	1.65
264.71	0.00	1.10
500.00	0.00	1.00
837.21	0.00	1.08
264.71	0.00	0.73
500.00	0.00	2.98
837.21	0.00	0.56
264.71	0.00	3.44
499.91	0.02	4.51
837.21	0.00	3.06
264.71	0.00	1.90
500.00	0.00	3.91
836.92	0.04	3.70
264.66	0.02	4.61
500.00	0.00	2.91
837.06	0.02	3.98
264.66	0.02	4.36
499.80	0.04	3.49
837.06	0.02	1.85
264.71	0.00	1.09
499.80	0.04	2.89
837.06	0.02	2.78
264.66	0.02	2.97
499.91	0.02	4.24
836.92	0.04	2.65
264.71	0.00	1.13
499.89	0.02	2.67
837.06	0.02	0.73
264.66	0.02	3.22
499.91	0.02	2.23
837.06	0.02	1.24
264.61	0.04	3.72
499.91	0.02	3.23
837.21	0.00	1.17
264.71	0.00	1.15
500.00	0.00	0.62
837.21	0.00	0.52
264.66	0.02	2.92
500.00	0.00	2.29
837.21	0.00	1.53
264.71	0.00	1.21
500.00	0.00	1.07
837.06	0.02	2.10
264.66	0.02	1.51
500.00	0.00	0.51
837.21	0.00	0.56
264.57	0.05	3.30
499.91	0.02	1.53
837.21	0.00	0.53
264.66	0.02	2.09
500.00	0.00	0.98
836.77	0.05	2.15
264.66	0.02	3.48
500.00	0.00	1.77
837.21	0.00	1.47
264.65	0.02	1.70
500.00	0.00	0.48
837.21	0.00	1.45
264.71	0.00	1.02
500.00	0.00	0.61
837.21	0.00	1.96
264.66	0.02	5.54
500.00	0.00	4.39
836.92	0.04	3.65
264.66	0.02	3.08
499.82	0.04	4.72
837.21	0.00	1.25
264.71	0.00	3.31
499.91	0.02	3.75
837.06	0.02	4.46
264.61	0.04	3.00
500.00	0.00	2.07
837.21	0.00	0.60
264.71	0.00	2.48
499.91	0.02	3.43
837.21	0.00	2.25
264.71	0.00	1.98
500.00	0.00	2.74
837.06	0.02	3.49
264.71	0.00	2.17
500.00	0.00	0.59
837.21	0.00	0.60
264.66	0.02	1.15
500.00	0.00	2.15
837.21	0.00	1.71
264.71	0.00	1.70
500.00	0.00	2.73
837.06	0.02	3.25
264.71	0.00	0.64
500.00	0.00	1.96
837.06	0.02	3.40
264.66	0.02	2.45
499.89	0.02	0.63
836.77	0.05	2.99
264.65	0.02	3.21
499.91	0.02	2.60
837.06	0.02	2.18
264.66	0.02	4.81
499.91	0.02	4.10
837.06	0.02	3.62
264.71	0.00	3.02
499.91	0.02	4.12
837.21	0.00	0.98
264.66	0.02	3.00
499.91	0.02	5.80
836.77	0.05	4.25
264.71	0.00	4.30
499.91	0.02	3.48
837.21	0.00	1.89
264.71	0.00	3.79
499.91	0.02	5.76
836.92	0.04	3.29
264.71	0.00	4.58
500.00	0.00	5.23
837.21	0.00	2.89
264.71	0.00	3.72
499.82	0.04	1.90
837.21	0.00	0.78
264.66	0.02	4.52
499.82	0.04	3.82
837.21	0.00	3.71
264.66	0.02	4.76
500.00	0.00	4.31
837.21	0.00	1.58
264.66	0.02	2.17
499.91	0.02	3.37
836.92	0.04	3.94
264.71	0.00	4.09
499.91	0.02	4.23
836.92	0.04	2.77
264.71	0.00	2.88
500.00	0.00	1.17
837.06	0.02	3.27
264.71	0.00	0.85
500.00	0.00	2.51
837.21	0.00	1.81
264.66	0.02	4.39
499.82	0.04	3.05
837.21	0.00	3.81
264.71	0.00	2.73
499.91	0.02	3.61
837.21	0.00	3.25
264.71	0.00	2.53
499.91	0.02	2.36
837.21	0.00	3.60
264.61	0.04	4.78
500.00	0.00	1.55
836.92	0.04	4.90
264.71	0.00	1.18
499.82	0.04	3.77
837.06	0.02	5.40
264.71	0.00	1.14
499.91	0.02	2.89
837.21	0.00	1.01
264.66	0.02	3.69
500.00	0.00	2.23
837.06	0.02	1.75
264.71	0.00	1.06
500.00	0.00	1.12
837.06	0.02	1.83
264.71	0.00	2.27
500.00	0.00	2.06
836.92	0.04	1.64
264.66	0.02	1.09
500.00	0.00	1.02
837.06	0.02	2.77
264.66	0.02	2.25
499.91	0.02	2.25
837.21	0.00	1.13
264.71	0.00	3.79
500.00	0.00	0.94
837.06	0.02	0.66
264.66	0.02	2.82
500.00	0.00	1.14
837.06	0.02	3.34
264.57	0.05	4.85
500.00	0.00	1.97
837.06	0.02	3.78
264.71	0.00	0.61
500.00	0.00	0.68
836.92	0.04	4.21
264.71	0.00	2.93
499.91	0.02	1.18
836.92	0.04	3.01
264.71	0.00	2.44
499.91	0.02	2.35
837.21	0.00	2.46
264.66	0.02	3.28
499.91	0.02	1.97
837.21	0.00	3.18
264.71	0.00	1.05
500.00	0.00	1.34
836.92	0.04	3.24
264.66	0.02	4.17
499.91	0.02	2.85
836.92	0.04	3.79
264.66	0.02	3.27
499.91	0.02	1.61
837.21	0.00	1.11
264.71	0.00	0.57
499.91	0.02	2.17
837.21	0.00	1.05
264.71	0.00	2.09
499.91	0.02	1.04
837.21	0.00	0.59
264.71	0.00	1.74
499.91	0.02	3.91
837.06	0.02	3.83
264.66	0.02	2.01
499.91	0.02	3.37
837.21	0.00	1.09
264.71	0.00	3.63
500.00	0.00	2.85
837.21	0.00	3.27
264.71	0.00	1.57
499.91	0.02	0.71
837.21	0.00	0.53
264.61	0.04	2.18
499.91	0.02	1.23
837.21	0.00	1.98
264.66	0.02	2.11
500.00	0.00	1.99
837.06	0.02	3.64
264.57	0.05	5.30
500.00	0.00	0.57
836.92	0.04	3.20
264.71	0.00	2.88
500.00	0.00	1.23
837.06	0.02	3.06
264.66	0.02	3.42
499.82	0.04	3.65
837.21	0.00	4.00
264.66	0.02	2.66
500.00	0.00	1.72
837.21	0.00	2.75
264.66	0.02	3.20
500.00	0.00	2.01
837.21	0.00	2.01
264.71	0.00	0.63
500.00	0.00	2.49
837.06	0.02	2.60
264.66	0.02	2.05
500.00	0.00	2.23
837.06	0.02	2.00
264.66	0.02	1.74
499.91	0.02	1.55
837.21	0.00	1.03
264.71	0.00	2.71
499.91	0.02	2.92
837.21	0.00	2.53
264.71	0.00	2.43
499.91	0.02	1.74
837.06	0.02	1.68
264.61	0.04	2.41
499.91	0.02	2.97
837.21	0.00	0.53
264.66	0.02	2.05
499.74	0.05	2.82
837.21	0.00	2.64
264.66	0.02	2.00
500.00	0.00	0.60
836.87	0.04	1.64
264.71	0.00	1.97
500.00	0.00	3.00
837.21	0.00	1.66
264.66	0.02	0.59
499.82	0.04	3.51
837.21	0.00	2.19
264.60	0.04	3.27
499.91	0.02	1.52
836.92	0.04	2.07
264.55	0.06	3.22
500.00	0.00	0.59
837.06	0.02	2.61
264.66	0.02	1.37
499.91	0.02	3.66
837.21	0.00	3.68
264.66	0.02	2.30
499.91	0.02	2.52
837.06	0.02	2.69
264.57	0.05	4.41
500.00	0.00	1.04
837.21	0.00	1.06
264.71	0.00	1.59
499.91	0.02	1.19
837.21	0.00	1.49
264.71	0.00	1.89
499.89	0.02	2.76
837.06	0.02	2.37
264.71	0.00	0.67
499.82	0.04	3.60
837.06	0.02	2.70
264.66	0.02	1.19
499.82	0.04	3.57
837.02	0.02	1.07
264.71	0.00	2.66
499.91	0.02	2.73
837.21	0.00	0.58
264.71	0.00	3.42
500.00	0.00	2.24
837.21	0.00	1.18
264.71	0.00	1.06
500.00	0.00	0.63
837.21	0.00	1.63
264.60	0.04	3.24
500.00	0.00	0.63
837.21	0.00	0.53
264.71	0.00	2.60
500.00	0.00	2.20
837.06	0.02	2.11
264.71	0.00	1.51
500.00	0.00	4.15
837.06	0.02	3.49
264.71	0.00	1.79
500.00	0.00	3.13
837.21	0.00	0.60
264.71	0.00	1.04
499.91	0.02	1.04
837.21	0.00	1.22
264.71	0.00	2.10
500.00	0.00	2.53
837.21	0.00	2.18
264.65	0.02	2.19
499.91	0.02	2.35
836.87	0.04	2.14
264.61	0.04	4.05
500.00	0.00	0.50
837.06	0.02	1.60
264.71	0.00	1.57
499.91	0.02	1.21
837.21	0.00	1.07
264.66	0.02	2.91
499.91	0.02	3.81
837.21	0.00	2.28
264.61	0.04	3.62
500.00	0.00	3.02
836.92	0.04	5.64
264.61	0.04	5.11
499.74	0.05	5.19
837.21	0.00	3.37
264.71	0.00	1.79
499.82	0.04	4.54
837.21	0.00	1.24
264.61	0.04	2.90
500.00	0.00	3.76
837.21	0.00	1.85
264.71	0.00	2.34
499.91	0.02	2.84
837.21	0.00	1.20
264.66	0.02	3.46
499.91	0.02	2.17
837.06	0.02	3.07
264.71	0.00	1.16
500.00	0.00	0.66
837.06	0.02	2.16
264.66	0.02	3.80
499.89	0.02	1.25
837.21	0.00	2.62
264.71	0.00	3.22
499.91	0.02	2.14
836.92	0.04	2.70
264.66	0.02	1.12
500.00	0.00	1.04
837.21	0.00	0.95
264.66	0.02	3.26
500.00	0.00	2.79
837.06	0.02	2.39
264.61	0.04	6.09
499.82	0.04	4.51
837.06	0.02	2.59
264.66	0.02	3.86
499.91	0.02	2.26
836.92	0.04	2.00
264.71	0.00	5.65
500.00	0.00	3.75
836.92	0.04	5.18
264.71	0.00	2.55
499.82	0.04	3.33
837.21	0.00	1.67
264.71	0.00	1.19
500.00	0.00	0.60
837.21	0.00	3.18
264.61	0.04	4.75
500.00	0.00	1.23
836.87	0.04	2.73
264.66	0.02	1.59
499.91	0.02	2.24
837.06	0.02	1.18
264.61	0.04	2.92
500.00	0.00	1.58
837.06	0.02	1.82
264.71	0.00	3.32
500.00	0.00	0.96
837.21	0.00	1.10
264.66	0.02	3.69
499.91	0.02	3.52
837.06	0.02	4.30
264.71	0.00	1.97
499.82	0.04	4.83
837.06	0.02	4.53
264.66	0.02	4.50
500.00	0.00	1.37
837.06	0.02	2.90
264.66	0.02	0.54
499.82	0.04	2.88
836.77	0.05	2.41
264.66	0.02	1.52
499.82	0.04	3.34
837.06	0.02	1.28
264.71	0.00	1.08
499.91	0.02	1.13
837.21	0.00	1.09
264.65	0.02	4.28
499.89	0.02	2.36
837.21	0.00	1.86
264.71	0.00	4.05
499.80	0.04	2.46
837.06	0.02	1.24
264.66	0.02	4.54
499.89	0.02	1.75
837.02	0.02	1.31
264.66	0.02	1.65
500.00	0.00	1.48
837.21	0.00	1.41
264.66	0.02	1.09
500.00	0.00	0.57
837.21	0.00	1.49
264.71	0.00	0.57
500.00	0.00	0.99
837.21	0.00	2.37
264.66	0.02	2.92
500.00	0.00	1.29
837.21	0.00	0.53
264.61	0.04	3.98
499.82	0.04	3.44
837.06	0.02	1.68
264.71	0.00	2.27
500.00	0.00	1.55
837.06	0.02	1.72
264.71	0.00	2.57
500.00	0.00	3.92
837.21	0.00	3.76
264.61	0.04	6.93
499.91	0.02	2.77
837.06	0.02	5.54
264.71	0.00	4.84
499.91	0.02	3.15
837.06	0.02	4.84
264.71	0.00	2.22
500.00	0.00	2.13
836.77	0.05	2.25
264.71	0.00	1.08
500.00	0.00	1.07
837.21	0.00	2.18
264.71	0.00	1.59
500.00	0.00	1.55
837.06	0.02	1.26
264.60	0.04	3.09
500.00	0.00	2.42
837.21	0.00	2.66
264.71	0.00	1.33
500.00	0.00	0.60
837.21	0.00	2.74
264.66	0.02	2.90
499.91	0.02	3.69
837.21	0.00	1.66
264.71	0.00	2.04
500.00	0.00	2.81
837.21	0.00	1.93
264.71	0.00	2.63
499.91	0.02	0.97
837.06	0.02	4.10
264.71	0.00	1.37
499.91	0.02	2.34
837.06	0.02	2.96
264.71	0.00	1.21
499.82	0.04	1.24
837.06	0.02	0.68
264.66	0.02	0.73
500.00	0.00	3.17
837.06	0.02	2.26
264.65	0.02	1.90
500.00	0.00	2.62
837.06	0.02	1.66
264.71	0.00	1.26
500.00	0.00	2.24
837.06	0.02	1.65
264.71	0.00	2.22
499.91	0.02	1.76
837.06	0.02	2.06
264.66	0.02	2.88
499.91	0.02	1.16
837.21	0.00	1.02
264.71	0.00	3.53
499.91	0.02	0.75
837.06	0.02	3.43
264.71	0.00	1.11
500.00	0.00	0.66
837.21	0.00	2.70
264.61	0.04	2.92
499.71	0.06	2.97
836.92	0.04	3.25
264.66	0.02	2.88
500.00	0.00	2.77
837.06	0.02	2.18
264.65	0.02	1.57
499.82	0.04	3.41
837.21	0.00	1.06
264.71	0.00	3.05
499.91	0.02	1.19
837.21	0.00	1.50
264.66	0.02	1.59
500.00	0.00	1.62
836.92	0.04	2.91
264.71	0.00	1.68
500.00	0.00	2.82
837.06	0.02	1.25
264.65	0.02	1.17
500.00	0.00	1.03
837.06	0.02	1.05
264.66	0.02	2.61
500.00	0.00	3.78
837.06	0.02	2.33
264.66	0.02	2.93
500.00	0.00	2.70
837.06	0.02	3.99
264.61	0.04	3.64
499.91	0.02	4.41
837.21	0.00	3.12
264.71	0.00	5.07
499.91	0.02	2.26
836.92	0.04	4.27
264.66	0.02	2.97
500.00	0.00	1.14
837.06	0.02	0.77
264.66	0.02	4.52
499.91	0.02	2.92
837.06	0.02	3.49
264.66	0.02	1.86
500.00	0.00	2.04
837.21	0.00	1.58
264.71	0.00	0.73
499.74	0.05	4.45
837.06	0.02	3.13
264.71	0.00	1.16
499.91	0.02	3.04
837.21	0.00	2.08
264.71	0.00	3.53
499.91	0.02	1.86
837.06	0.02	2.62
264.66	0.02	1.87
500.00	0.00	0.73
837.06	0.02	0.77
264.60	0.04	3.61
499.82	0.04	3.01
837.21	0.00	2.14
264.66	0.02	2.53
500.00	0.00	2.76
837.21	0.00	2.10
264.71	0.00	0.83
500.00	0.00	1.08
837.21	0.00	1.03
264.71	0.00	2.66
499.74	0.05	4.10
837.21	0.00	1.48
264.71	0.00	1.68
499.91	0.02	1.55
837.21	0.00	0.52
264.71	0.00	2.18
500.00	0.00	1.31
837.06	0.02	2.65
264.71	0.00	1.15
500.00	0.00	2.03
837.21	0.00	1.54
264.71	0.00	2.19
500.00	0.00	0.69
837.21	0.00	1.66
264.66	0.02	2.82
500.00	0.00	1.85
836.92	0.04	3.89
264.71	0.00	1.60
499.91	0.02	3.85
837.21	0.00	2.64
264.71	0.00	1.53
500.00	0.00	2.67
837.21	0.00	2.02
264.71	0.00	0.98
499.91	0.02	1.65
837.06	0.02	1.67
264.61	0.04	3.21
499.91	0.02	3.30
837.21	0.00	1.31
264.71	0.00	2.91
499.91	0.02	1.78
837.21	0.00	2.00
264.71	0.00	1.39
500.00	0.00	3.56
836.92	0.04	2.55
264.57	0.05	3.87
499.91	0.02	2.75
837.21	0.00	3.07
264.66	0.02	3.10
500.00	0.00	1.32
837.21	0.00	2.20
264.66	0.02	1.74
500.00	0.00	2.32
837.21	0.00	1.02
264.71	0.00	1.10
499.91	0.02	2.81
837.06	0.02	1.53
264.61	0.04	2.70
500.00	0.00	2.89
837.06	0.02	2.79
264.71	0.00	0.76
500.00	0.00	2.18
837.06	0.02	2.79
264.71	0.00	0.57
500.00	0.00	0.66
836.92	0.04	2.25
264.66	0.02	2.32
500.00	0.00	2.02
837.21	0.00	1.10
264.66	0.02	2.00
500.00	0.00	1.01
837.06	0.02	2.27
264.66	0.02	1.57
500.00	0.00	2.55
837.21	0.00	1.07
264.71	0.00	2.86
499.91	0.02	1.62
837.21	0.00	1.51
264.71	0.00	2.37
500.00	0.00	1.26
836.92	0.04	3.20
264.71	0.00	1.61
500.00	0.00	1.86
837.06	0.02	2.57
264.66	0.02	4.16
499.74	0.05	3.04
837.06	0.02	1.88
264.71	0.00	4.06
499.91	0.02	3.86
837.06	0.02	1.41
264.71	0.00	1.63
499.91	0.02	2.08
836.92	0.04	3.34
264.66	0.02	4.47
500.00	0.00	2.67
837.21	0.00	1.37
264.71	0.00	2.60
499.91	0.02	3.60
837.21	0.00	1.87
264.66	0.02	3.11
499.91	0.02	3.32
837.21	0.00	2.21
264.66	0.02	1.96
500.00	0.00	3.11
837.06	0.02	1.69
264.71	0.00	1.07
500.00	0.00	2.55
837.21	0.00	2.83
264.71	0.00	0.62
500.00	0.00	1.42
837.21	0.00	0.54
264.61	0.04	2.16
500.00	0.00	3.96
837.21	0.00	3.88
264.60	0.04	3.78
499.91	0.02	0.83
837.21	0.00	2.06
264.57	0.05	3.08
499.82	0.04	3.54
837.21	0.00	2.50
264.71	0.00	0.58
499.91	0.02	2.65
837.21	0.00	1.50
264.71	0.00	1.08
499.82	0.04	4.62
837.21	0.00	2.02
264.61	0.04	2.19
500.00	0.00	2.85
837.21	0.00	0.74
264.71	0.00	3.38
500.00	0.00	1.71
837.21	0.00	1.95
264.61	0.04	4.11
499.82	0.04	2.29
837.21	0.00	2.12
264.66	0.02	1.64
500.00	0.00	2.23
837.21	0.00	2.22
264.60	0.04	3.67
499.91	0.02	1.66
836.92	0.04	4.34
264.66	0.02	1.40
500.00	0.00	1.69
836.77	0.05	4.94
264.66	0.02	1.64
500.00	0.00	2.38
837.21	0.00	1.68
264.66	0.02	1.68
500.00	0.00	1.66
837.21	0.00	0.48
264.71	0.00	2.47
500.00	0.00	1.01
837.06	0.02	1.61
264.71	0.00	2.19
499.91	0.02	1.12
836.92	0.04	2.20
264.66	0.02	2.82
500.00	0.00	0.65
837.06	0.02	1.59
264.71	0.00	2.08
499.91	0.02	1.12
837.21	0.00	1.62
264.71	0.00	1.21
499.91	0.02	0.65
837.06	0.02	2.05
264.57	0.05	4.67
499.71	0.06	2.82
837.06	0.02	1.24
264.66	0.02	3.41
499.91	0.02	1.72
837.06	0.02	0.65
264.61	0.04	5.29
500.00	0.00	2.34
837.21	0.00	1.11
264.71	0.00	2.85
500.00	0.00	2.51
836.92	0.04	4.62
264.71	0.00	1.68
500.00	0.00	0.69
836.92	0.04	4.06
264.66	0.02	2.79
500.00	0.00	1.38
837.21	0.00	3.46
264.71	0.00	2.38
499.82	0.04	2.32
837.21	0.00	1.94
264.66	0.02	2.45
500.00	0.00	1.11
837.21	0.00	1.59
264.66	0.02	0.68
500.00	0.00	2.02
837.06	0.02	2.56
264.71	0.00	2.22
500.00	0.00	3.63
837.06	0.02	2.90
264.71	0.00	1.80
499.91	0.02	5.60
837.21	0.00	2.40
264.71	0.00	1.96
499.91	0.02	4.32
836.73	0.06	4.16
264.71	0.00	1.83
499.82	0.04	1.84
837.21	0.00	1.51
264.66	0.02	1.17
500.00	0.00	1.85
836.92	0.04	3.26
264.66	0.02	2.08
499.91	0.02	1.26
837.21	0.00	1.99
264.71	0.00	2.13
500.00	0.00	1.41
837.06	0.02	2.49
264.71	0.00	1.58
499.91	0.02	0.89
837.06	0.02	2.07
264.66	0.02	2.11
499.82	0.04	2.67
837.21	0.00	2.95
264.66	0.02	2.22
499.91	0.02	1.91
837.21	0.00	1.22
264.71	0.00	2.85
499.91	0.02	2.42
837.06	0.02	1.68
264.71	0.00	3.66
500.00	0.00	1.71
837.06	0.02	2.26
264.66	0.02	1.59
500.00	0.00	3.34
837.06	0.02	2.23
264.71	0.00	0.72
499.89	0.02	1.14
837.21	0.00	2.23
264.71	0.00	2.32
500.00	0.00	3.89
837.21	0.00	1.70
264.61	0.04	3.73
500.00	0.00	3.43
837.06	0.02	3.10
264.71	0.00	0.82
499.91	0.02	4.58
836.92	0.04	3.90
264.66	0.02	3.17
500.00	0.00	2.78
837.06	0.02	2.48
264.71	0.00	1.44
499.91	0.02	1.59
837.21	0.00	0.61
264.66	0.02	3.02
500.00	0.00	2.95
837.06	0.02	1.90
264.66	0.02	2.54
499.82	0.04	3.61
837.06	0.02	2.27
264.71	0.00	2.84
499.91	0.02	1.96
836.92	0.04	2.28
264.71	0.00	2.17
499.91	0.02	2.56
837.06	0.02	1.27
264.66	0.02	2.58
500.00	0.00	3.03
837.06	0.02	0.97
264.71	0.00	3.11
499.82	0.04	3.60
837.21	0.00	1.24
264.60	0.04	2.26
499.91	0.02	2.24
836.92	0.04	2.50
264.66	0.02	1.26
499.82	0.04	2.24
837.06	0.02	1.86
264.71	0.00	3.19
499.82	0.04	4.06
837.06	0.02	1.16
264.71	0.00	2.83
500.00	0.00	1.13
836.92	0.04	2.87
264.66	0.02	4.97
499.91	0.02	2.83
837.06	0.02	2.34
264.66	0.02	3.37
499.89	0.02	1.74
837.06	0.02	2.37
264.71	0.00	1.93
499.91	0.02	2.81
836.92	0.04	4.15
264.57	0.05	3.67
499.74	0.05	4.23
837.21	0.00	3.17
264.66	0.02	3.55
499.91	0.02	0.69
837.21	0.00	1.70
264.71	0.00	2.28
500.00	0.00	2.37
837.06	0.02	1.18
264.66	0.02	3.01
499.91	0.02	2.90
837.06	0.02	2.36
264.71	0.00	2.51
499.82	0.04	4.61
836.92	0.04	4.76
264.66	0.02	2.21
499.82	0.04	3.14
837.06	0.02	2.79
264.66	0.02	4.19
499.91	0.02	3.52
837.06	0.02	3.48
264.55	0.06	3.02
499.74	0.05	4.40
837.21	0.00	2.69
264.61	0.04	3.59
500.00	0.00	1.27
837.06	0.02	3.90
264.71	0.00	2.22
499.91	0.02	3.27
837.21	0.00	0.64
264.71	0.00	1.75
499.74	0.05	3.76
836.92	0.04	2.07
264.57	0.05	4.18
499.91	0.02	2.38
837.21	0.00	3.20
264.71	0.00	0.58
500.00	0.00	0.51
837.21	0.00	2.71
264.71	0.00	3.90
500.00	0.00	2.02
837.06	0.02	3.70
264.71	0.00	2.79
499.91	0.02	3.15
837.06	0.02	2.86
264.71	0.00	3.26
500.00	0.00	2.64
837.06	0.02	4.27
264.71	0.00	1.30
499.91	0.02	1.37
837.21	0.00	1.54
264.66	0.02	1.81
499.91	0.02	2.29
837.21	0.00	0.99
264.71	0.00	2.32
499.74	0.05	3.56
837.06	0.02	2.04
264.71	0.00	0.54
499.91	0.02	1.43
836.92	0.04	2.84
264.66	0.02	0.70
500.00	0.00	1.09
837.21	0.00	0.55
264.71	0.00	2.46
500.00	0.00	1.50
837.06	0.02	1.63
264.71	0.00	2.16
500.00	0.00	1.75
836.92	0.04	1.34
264.71	0.00	1.30
499.91	0.02	2.83
837.21	0.00	2.17
264.66	0.02	0.83
499.82	0.04	3.75
837.06	0.02	3.35
264.66	0.02	1.63
500.00	0.00	1.79
837.21	0.00	1.60
264.71	0.00	2.10
499.89	0.02	2.22
837.21	0.00	1.24
264.61	0.04	3.40
500.00	0.00	1.12
836.77	0.05	2.87
264.66	0.02	2.61
499.80	0.04	3.48
837.21	0.00	0.61
264.71	0.00	1.13
499.91	0.02	3.03
837.06	0.02	2.34
264.61	0.04	3.91
500.00	0.00	1.23
837.06	0.02	1.59
264.66	0.02	2.13
499.91	0.02	2.82
837.06	0.02	0.53
264.66	0.02	0.72
500.00	0.00	1.14
836.73	0.06	3.03
264.66	0.02	3.63
500.00	0.00	1.47
837.06	0.02	1.17
264.71	0.00	0.60
500.00	0.00	1.51
837.21	0.00	0.59
264.57	0.05	3.82
499.91	0.02	2.02
837.06	0.02	1.83
264.66	0.02	1.56
499.91	0.02	3.31
837.06	0.02	1.11
264.71	0.00	3.65
499.91	0.02	2.25
837.21	0.00	1.71
264.66	0.02	2.24
499.82	0.04	4.20
837.21	0.00	3.28
264.66	0.02	4.38
499.91	0.02	1.26
837.06	0.02	2.65
264.57	0.05	3.09
500.00	0.00	4.11
836.87	0.04	1.80
264.61	0.04	3.04
499.91	0.02	2.78
837.06	0.02	3.07
264.71	0.00	2.59
500.00	0.00	2.54
837.21	0.00	1.54
264.61	0.04	3.80
499.91	0.02	3.56
837.21	0.00	2.83
264.66	0.02	1.96
499.82	0.04	2.86
837.21	0.00	3.30
264.71	0.00	1.03
499.91	0.02	2.94
837.21	0.00	1.12
264.66	0.02	2.88
500.00	0.00	0.66
837.21	0.00	0.58
264.71	0.00	1.54
499.91	0.02	2.20
837.06	0.02	2.08
264.66	0.02	2.19
500.00	0.00	1.65
837.21	0.00	2.57
264.71	0.00	1.76
500.00	0.00	0.55
837.21	0.00	2.07
264.71	0.00	2.12
500.00	0.00	2.62
837.21	0.00	0.48
264.71	0.00	1.18
500.00	0.00	1.52
837.21	0.00	1.50
264.66	0.02	4.62
499.91	0.02	3.77
837.21	0.00	3.37
264.71	0.00	5.82
499.82	0.04	4.67
837.06	0.02	3.61
264.66	0.02	5.29
499.82	0.04	3.90
837.21	0.00	1.59
264.66	0.02	2.08
500.00	0.00	1.76
837.21	0.00	1.64
264.71	0.00	2.99
500.00	0.00	3.12
836.92	0.04	3.92
264.61	0.04	4.76
500.00	0.00	1.74
837.21	0.00	2.56
264.66	0.02	3.29
499.82	0.04	3.14
837.21	0.00	0.68
264.71	0.00	3.45
500.00	0.00	2.62
837.21	0.00	1.80
264.71	0.00	1.64
499.91	0.02	1.24
837.06	0.02	2.24
264.66	0.02	1.32
500.00	0.00	3.42
837.21	0.00	1.24
264.61	0.04	3.97
500.00	0.00	1.04
836.92	0.04	2.70
264.71	0.00	1.15
500.00	0.00	1.55
836.92	0.04	2.81
264.71	0.00	0.65
499.91	0.02	1.89
836.92	0.04	2.79
264.66	0.02	4.53
499.91	0.02	2.44
837.21	0.00	2.04
264.61	0.04	3.79
499.91	0.02	2.00
837.21	0.00	1.02
264.71	0.00	3.19
499.91	0.02	2.88
837.21	0.00	1.64
264.66	0.02	3.40
500.00	0.00	4.50
837.06	0.02	2.26
264.71	0.00	2.63
500.00	0.00	3.23
837.06	0.02	1.11
264.71	0.00	4.26
499.91	0.02	1.89
837.06	0.02	3.63
264.61	0.04	3.59
499.91	0.02	3.86
836.92	0.04	1.65
264.60	0.04	3.56
500.00	0.00	1.72
837.06	0.02	2.49
264.61	0.04	3.88
499.91	0.02	3.29
837.06	0.02	0.57
264.66	0.02	1.10
500.00	0.00	1.91
837.06	0.02	0.68
264.66	0.02	4.43
500.00	0.00	1.01
837.21	0.00	2.42
264.71	0.00	1.43
499.71	0.06	2.35
837.06	0.02	2.28
264.71	0.00	1.20
500.00	0.00	1.07
837.06	0.02	0.58
264.66	0.02	2.01
499.91	0.02	2.77
837.21	0.00	1.57
264.66	0.02	1.26
499.82	0.04	3.28
836.92	0.04	2.26
264.66	0.02	2.99
500.00	0.00	2.04
837.21	0.00	0.99
264.71	0.00	3.96
500.00	0.00	0.97
837.21	0.00	0.64
264.66	0.02	4.44
500.00	0.00	3.44
837.21	0.00	2.91
264.66	0.02	3.01
500.00	0.00	3.05
837.21	0.00	1.59
264.66	0.02	4.80
500.00	0.00	2.86
837.06	0.02	2.22
264.66	0.02	3.66
499.80	0.04	4.11
836.92	0.04	4.71
264.66	0.02	2.87
500.00	0.00	4.78
836.92	0.04	4.06
264.66	0.02	3.28
499.91	0.02	2.35
837.06	0.02	4.61
264.66	0.02	2.18
499.91	0.02	3.07
837.21	0.00	1.70
264.71	0.00	3.46
499.91	0.02	3.46
837.06	0.02	2.22
264.71	0.00	0.73
499.91	0.02	2.55
836.92	0.04	3.55
264.71	0.00	2.57
500.00	0.00	0.53
837.06	0.02	1.60
264.71	0.00	0.95
500.00	0.00	1.31
837.06	0.02	0.59
264.71	0.00	1.89
500.00	0.00	1.02
836.92	0.04	2.76
264.71	0.00	3.01
499.71	0.06	3.07
837.21	0.00	1.66
264.66	0.02	2.10
499.91	0.02	1.88
837.21	0.00	1.08
264.66	0.02	1.33
500.00	0.00	1.14
836.92	0.04	2.33
264.66	0.02	2.29
500.00	0.00	3.70
837.21	0.00	1.58
264.71	0.00	3.39
500.00	0.00	2.57
837.06	0.02	2.00
264.71	0.00	2.77
499.91	0.02	4.39
837.06	0.02	2.42
264.60	0.04	2.84
500.00	0.00	1.15
837.21	0.00	1.45
264.66	0.02	2.21
500.00	0.00	0.52
837.21	0.00	1.06
264.71	0.00	0.59
499.74	0.05	3.01
837.06	0.02	2.19
264.71	0.00	3.08
500.00	0.00	2.41
836.92	0.04	2.27
264.66	0.02	3.92
500.00	0.00	2.94
837.06	0.02	4.18
264.66	0.02	2.91
499.82	0.04	3.40
837.21	0.00	2.82
264.71	0.00	1.53
500.00	0.00	2.01
837.21	0.00	2.43
264.66	0.02	1.90
499.91	0.02	3.73
837.21	0.00	0.49
264.66	0.02	1.02
500.00	0.00	3.04
837.06	0.02	1.17
264.71	0.00	1.12
499.82	0.04	2.15
837.06	0.02	1.19
264.71	0.00	0.46
500.00	0.00	0.55
837.21	0.00	0.51
264.71	0.00	1.10
499.82	0.04	3.31
837.06	0.02	1.81
264.65	0.02	3.17
500.00	0.00	2.18
836.92	0.04	2.67
264.71	0.00	1.68
500.00	0.00	3.92
837.21	0.00	1.10
264.71	0.00	3.81
500.00	0.00	2.95
836.87	0.04	3.03
264.71	0.00	3.13
500.00	0.00	1.49
837.02	0.02	1.66
264.71	0.00	2.49
499.91	0.02	2.09
837.06	0.02	1.09
264.66	0.02	1.52
500.00	0.00	0.69
837.21	0.00	1.07
264.60	0.04	1.57
500.00	0.00	1.67
837.21	0.00	1.55
264.71	0.00	1.81
500.00	0.00	2.19
837.21	0.00	1.48
264.71	0.00	2.44
500.00	0.00	1.18
837.21	0.00	2.61
264.66	0.02	1.97
499.91	0.02	1.25
837.21	0.00	0.50
264.71	0.00	1.01
500.00	0.00	0.98
837.21	0.00	0.52
264.71	0.00	2.52
499.91	0.02	1.62
837.06	0.02	1.03
264.71	0.00	0.72
500.00	0.00	0.67
837.06	0.02	3.56
264.60	0.04	1.93
499.91	0.02	2.61
837.21	0.00	1.59
264.71	0.00	2.43
500.00	0.00	1.16
837.06	0.02	2.97
264.66	0.02	2.42
500.00	0.00	2.76
837.21	0.00	1.62
264.60	0.04	2.47
499.82	0.04	2.12
836.77	0.05	2.93
264.71	0.00	0.65
500.00	0.00	1.83
837.06	0.02	1.08
264.66	0.02	2.63
499.74	0.05	5.23
837.21	0.00	2.09
264.66	0.02	1.39
499.82	0.04	4.73
837.21	0.00	0.75
264.71	0.00	2.09
500.00	0.00	4.36
836.92	0.04	3.49
264.71	0.00	2.69
500.00	0.00	1.07
837.06	0.02	0.58
264.66	0.02	1.62
500.00	0.00	0.49
837.06	0.02	0.57
264.66	0.02	2.17
499.82	0.04	1.77
837.06	0.02	2.22
264.71	0.00	1.85
500.00	0.00	3.75
837.21	0.00	1.47
264.71	0.00	3.37
499.91	0.02	2.70
836.92	0.04	3.45
264.71	0.00	2.70
500.00	0.00	3.27
837.21	0.00	0.66
264.66	0.02	2.05
500.00	0.00	0.48
837.06	0.02	0.57
264.71	0.00	1.75
499.74	0.05	3.49
837.21	0.00	1.61
264.71	0.00	1.11
499.91	0.02	2.00
837.21	0.00	2.68
264.61	0.04	3.59
499.89	0.02	1.99
837.21	0.00	1.69
264.66	0.02	3.94
499.91	0.02	2.55
837.21	0.00	2.12
264.71	0.00	1.69
499.74	0.05	3.33
837.06	0.02	3.34
264.66	0.02	1.18
499.80	0.04	3.35
836.92	0.04	1.89
264.66	0.02	1.49
499.91	0.02	1.18
837.21	0.00	0.50
264.71	0.00	1.97
499.82	0.04	2.11
837.06	0.02	1.02
264.61	0.04	5.23
499.91	0.02	3.54
837.21	0.00	1.58
264.71	0.00	2.90
499.82	0.04	2.96
837.06	0.02	1.21
264.66	0.02	4.23
499.91	0.02	2.09
836.92	0.04	3.67
264.66	0.02	1.94
499.91	0.02	0.68
837.06	0.02	1.72
264.61	0.04	2.99
499.91	0.02	2.85
837.21	0.00	0.69
264.61	0.04	4.05
500.00	0.00	2.43
837.21	0.00	2.82
264.71	0.00	0.74
500.00	0.00	0.82
837.21	0.00	1.89
264.61	0.04	3.54
499.91	0.02	0.82
837.21	0.00	2.38
264.66	0.02	2.06
499.91	0.02	1.26
836.92	0.04	3.61
264.66	0.02	1.97
499.91	0.02	4.01
837.21	0.00	2.81
264.71	0.00	2.11
499.91	0.02	2.03
837.21	0.00	2.13
264.71	0.00	2.75
499.91	0.02	3.47
837.21	0.00	1.11
264.71	0.00	3.89
500.00	0.00	2.32
837.06	0.02	1.93
264.65	0.02	1.32
500.00	0.00	3.83
837.06	0.02	2.51
264.71	0.00	1.83
500.00	0.00	3.19
836.92	0.04	3.70
264.71	0.00	1.75
499.82	0.04	2.71
837.06	0.02	1.31
264.71	0.00	2.84
500.00	0.00	1.68
837.21	0.00	1.46
264.65	0.02	1.10
500.00	0.00	1.03
837.06	0.02	3.17
264.61	0.04	1.44
499.91	0.02	1.59
837.21	0.00	0.58
264.71	0.00	0.61
499.91	0.02	2.64
837.06	0.02	1.79
264.66	0.02	3.12
500.00	0.00	3.15
837.21	0.00	1.18
264.71	0.00	1.79
499.91	0.02	2.40
837.06	0.02	0.67
264.71	0.00	1.84
500.00	0.00	2.85
837.21	0.00	2.71
264.66	0.02	1.15
500.00	0.00	1.03
837.21	0.00	1.52
264.66	0.02	3.83
499.91	0.02	2.04
837.21	0.00	3.31
264.65	0.02	2.89
499.91	0.02	2.75
837.06	0.02	1.14
264.66	0.02	4.37
500.00	0.00	1.79
837.21	0.00	3.87
264.65	0.02	1.40
500.00	0.00	2.82
837.21	0.00	1.54
264.71	0.00	1.67
500.00	0.00	1.03
836.92	0.04	2.79
264.66	0.02	3.11
499.80	0.04	2.22
836.77	0.05	2.86
264.66	0.02	2.47
500.00	0.00	1.24
837.06	0.02	3.12
264.71	0.00	1.24
499.91	0.02	2.63
837.21	0.00	1.02
264.71	0.00	3.84
499.91	0.02	3.10
837.21	0.00	2.55
264.71	0.00	2.13
500.00	0.00	1.61
837.21	0.00	1.82
264.66	0.02	2.54
499.82	0.04	4.81
837.06	0.02	0.71
264.66	0.02	3.06
499.91	0.02	3.41
837.06	0.02	2.37
264.66	0.02	1.19
500.00	0.00	0.61
837.21	0.00	2.52
264.71	0.00	0.77
500.00	0.00	1.42
837.21	0.00	0.98
264.71	0.00	1.67
500.00	0.00	2.50
837.02	0.02	1.52
264.66	0.02	2.03
500.00	0.00	2.05
836.92	0.04	2.83
264.65	0.02	1.69
500.00	0.00	1.81
837.06	0.02	0.63
264.66	0.02	2.63
499.82	0.04	3.14
837.06	0.02	2.12
264.65	0.02	1.25
500.00	0.00	1.04
837.21	0.00	1.40
264.71	0.00	0.54
500.00	0.00	2.06
837.21	0.00	0.93
264.71	0.00	1.03
499.91	0.02	1.06
837.21	0.00	0.54
264.65	0.02	3.96
500.00	0.00	1.15
837.21	0.00	2.08
264.61	0.04	4.04
500.00	0.00	0.75
837.06	0.02	1.14
264.71	0.00	3.19
500.00	0.00	2.53
837.06	0.02	3.85
264.71	0.00	1.81
499.82	0.04	3.89
837.21	0.00	1.74
264.71	0.00	0.71
499.91	0.02	4.80
837.06	0.02	2.24
264.71	0.00	2.33
499.91	0.02	4.17
837.21	0.00	4.15
264.66	0.02	0.79
499.82	0.04	2.04
837.06	0.02	2.97
264.61	0.04	3.24
499.74	0.05	4.87
837.21	0.00	2.54
264.66	0.02	0.97
499.91	0.02	4.15
836.87	0.04	2.38
264.71	0.00	4.03
499.91	0.02	1.95
836.73	0.06	3.47
264.66	0.02	3.58
500.00	0.00	0.72
837.21	0.00	0.60
264.71	0.00	4.34
499.82	0.04	2.19
837.21	0.00	2.16
264.71	0.00	2.95
499.91	0.02	3.48
837.06	0.02	3.77
264.71	0.00	1.96
499.91	0.02	2.66
837.06	0.02	2.57
264.71	0.00	2.08
499.91	0.02	3.93
837.21	0.00	1.12
264.71	0.00	1.75
500.00	0.00	1.66
837.06	0.02	1.76
264.61	0.04	2.36
500.00	0.00	0.58
837.21	0.00	0.53
264.71	0.00	2.96
499.74	0.05	3.78
837.21	0.00	2.23
264.71	0.00	1.33
499.91	0.02	0.66
837.21	0.00	0.56
264.66	0.02	1.86
500.00	0.00	2.20
836.92	0.04	2.89
264.61	0.04	3.39
500.00	0.00	1.59
837.21	0.00	1.02
264.61	0.04	3.83
500.00	0.00	0.56
837.21	0.00	2.10
264.71	0.00	2.99
499.91	0.02	1.60
837.21	0.00	0.59
264.71	0.00	3.33
499.91	0.02	2.85
837.21	0.00	0.98
264.71	0.00	1.27
500.00	0.00	2.70
837.21	0.00	0.96
264.66	0.02	1.86
500.00	0.00	1.06
836.92	0.04	2.69
264.71	0.00	3.20
500.00	0.00	1.55
837.06	0.02	1.69
264.66	0.02	2.10
500.00	0.00	2.48
836.92	0.04	3.99
264.71	0.00	5.22
499.82	0.04	5.01
837.21	0.00	1.83
264.61	0.04	5.65
499.74	0.05	3.04
837.21	0.00	2.84
264.66	0.02	1.29
500.00	0.00	3.22
837.06	0.02	3.53
264.71	0.00	2.32
499.91	0.02	2.76
837.02	0.02	1.13
264.71	0.00	1.66
500.00	0.00	3.27
837.21	0.00	1.61
264.71	0.00	2.27
499.91	0.02	1.56
837.06	0.02	2.13
264.71	0.00	0.65
499.91	0.02	2.71
837.06	0.02	2.61
264.71	0.00	1.15
500.00	0.00	3.21
837.06	0.02	3.90
264.61	0.04	3.37
500.00	0.00	0.55
837.06	0.02	2.87
264.71	0.00	4.63
500.00	0.00	2.89
836.92	0.04	3.41
264.71	0.00	1.58
500.00	0.00	1.48
837.21	0.00	0.48
264.71	0.00	2.61
499.91	0.02	4.86
837.06	0.02	1.72
264.66	0.02	3.39
499.82	0.04	4.13
837.21	0.00	0.60
264.66	0.02	3.97
499.91	0.02	4.94
837.06	0.02	1.20
264.66	0.02	2.15
499.91	0.02	2.48
836.92	0.04	3.72
264.66	0.02	2.53
499.82	0.04	2.41
837.06	0.02	3.29
264.71	0.00	3.89
500.00	0.00	4.09
837.06	0.02	1.66
264.61	0.04	2.32
499.82	0.04	1.68
836.92	0.04	2.96
264.61	0.04	3.16
500.00	0.00	2.31
837.21	0.00	0.98
264.71	0.00	1.63
499.82	0.04	3.62
837.21	0.00	1.43
264.71	0.00	2.18
499.91	0.02	2.09
837.21	0.00	0.64
264.71	0.00	4.14
499.82	0.04	2.90
837.06	0.02	2.43
264.66	0.02	4.09
500.00	0.00	1.76
836.87	0.04	2.80
264.71	0.00	1.65
500.00	0.00	0.57
836.73	0.06	2.33
264.66	0.02	2.91
499.91	0.02	1.79
837.21	0.00	0.57
264.71	0.00	0.99
499.91	0.02	2.33
836.77	0.05	2.46
264.66	0.02	3.96
500.00	0.00	3.04
837.06	0.02	3.28
264.71	0.00	2.33
499.82	0.04	3.34
836.77	0.05	4.46
264.71	0.00	1.07
500.00	0.00	2.56
837.21	0.00	2.75
264.71	0.00	2.05
499.91	0.02	1.67
837.21	0.00	1.71
264.66	0.02	1.06
500.00	0.00	1.12
837.06	0.02	1.08
264.71	0.00	2.53
499.91	0.02	2.33
837.21	0.00	1.54
264.66	0.02	1.86
499.89	0.02	1.74
836.73	0.06	2.74
264.61	0.04	2.79
500.00	0.00	1.92
837.21	0.00	1.02
264.71	0.00	2.32
500.00	0.00	2.22
837.06	0.02	3.15
264.71	0.00	1.23
500.00	0.00	0.57
836.92	0.04	1.63
264.61	0.04	2.90
499.82	0.04	3.60
837.06	0.02	2.85
264.66	0.02	2.40
499.91	0.02	1.14
836.92	0.04	2.76
264.66	0.02	2.60
499.82	0.04	2.69
837.21	0.00	0.67
264.61	0.04	4.62
500.00	0.00	0.80
837.21	0.00	1.26
264.61	0.04	5.14
499.91	0.02	2.46
837.21	0.00	2.39
264.66	0.02	1.71
499.91	0.02	4.06
837.21	0.00	2.79
264.66	0.02	1.50
500.00	0.00	1.01
837.06	0.02	0.66
264.71	0.00	0.68
499.91	0.02	4.60
836.92	0.04	3.21
264.66	0.02	3.27
499.91	0.02	2.81
837.06	0.02	1.97
264.61	0.04	4.44
499.91	0.02	1.94
836.92	0.04	2.29
264.71	0.00	1.06
500.00	0.00	0.66
837.06	0.02	3.48
264.71	0.00	1.52
500.00	0.00	1.51
837.21	0.00	0.51
264.71	0.00	2.40
499.91	0.02	1.00
837.06	0.02	2.03
264.66	0.02	1.07
499.91	0.02	0.70
837.06	0.02	1.53
264.61	0.04	5.33
500.00	0.00	1.72
837.21	0.00	0.66
264.57	0.05	4.88
499.91	0.02	3.70
836.92	0.04	2.87
264.66	0.02	5.20
500.00	0.00	1.10
837.06	0.02	2.30
264.66	0.02	3.16
500.00	0.00	1.71
837.21	0.00	1.84
264.71	0.00	1.96
499.91	0.02	2.97
837.21	0.00	1.72
264.71	0.00	2.53
500.00	0.00	1.01
836.92	0.04	2.17
264.66	0.02	3.29
500.00	0.00	2.24
836.92	0.04	2.89
264.61	0.04	4.70
500.00	0.00	1.09
837.06	0.02	1.03
264.61	0.04	4.67
500.00	0.00	1.45
837.21	0.00	0.52
264.66	0.02	4.27
499.91	0.02	3.10
836.92	0.04	4.08
264.61	0.04	3.35
499.91	0.02	4.64
837.21	0.00	2.87
264.66	0.02	1.28
500.00	0.00	1.21
836.92	0.04	4.74
264.60	0.04	1.80
500.00	0.00	1.52
837.06	0.02	0.60
264.71	0.00	1.08
500.00	0.00	1.03
837.06	0.02	0.53
264.55	0.06	2.92
500.00	0.00	0.50
837.21	0.00	1.63
264.71	0.00	1.70
500.00	0.00	1.52
837.06	0.02	1.23
264.61	0.04	3.28
499.91	0.02	1.02
837.21	0.00	1.54
264.71	0.00	2.12
499.91	0.02	2.16
837.21	0.00	0.56
264.66	0.02	3.53
500.00	0.00	0.45
836.92	0.04	1.68
264.71	0.00	1.63
499.82	0.04	1.80
837.21	0.00	0.58
264.66	0.02	1.13
499.74	0.05	3.04
837.21	0.00	1.04
264.66	0.02	2.34
500.00	0.00	3.30
837.21	0.00	2.32
264.61	0.04	3.55
500.00	0.00	2.16
837.06	0.02	3.54
264.66	0.02	2.88
499.91	0.02	2.78
837.06	0.02	1.01
264.65	0.02	2.11
499.91	0.02	1.78
837.21	0.00	1.07
264.71	0.00	0.96
499.82	0.04	2.90
836.77	0.05	1.91
264.57	0.05	3.42
499.91	0.02	1.16
837.02	0.02	0.70
264.71	0.00	3.74
500.00	0.00	1.60
837.21	0.00	1.68
264.61	0.04	4.34
499.91	0.02	3.21
837.21	0.00	0.68
264.71	0.00	3.19
499.91	0.02	3.64
837.21	0.00	2.17
264.71	0.00	1.88
499.91	0.02	0.64
837.21	0.00	2.21
264.61	0.04	4.49
499.91	0.02	3.28
837.06	0.02	0.67
264.71	0.00	2.19
500.00	0.00	0.66
836.92	0.04	2.90
264.71	0.00	2.05
499.91	0.02	2.59
837.21	0.00	0.63
264.66	0.02	2.81
500.00	0.00	1.15
837.06	0.02	2.99
264.61	0.04	4.49
499.91	0.02	3.04
837.21	0.00	1.55
264.66	0.02	3.07
499.91	0.02	1.48
837.21	0.00	1.57
264.71	0.00	2.17
500.00	0.00	0.86
837.21	0.00	2.97
264.66	0.02	2.31
499.91	0.02	2.19
837.06	0.02	4.16
264.71	0.00	2.47
500.00	0.00	1.60
837.21	0.00	1.68
264.71	0.00	1.95
500.00	0.00	2.61
837.06	0.02	2.60
264.71	0.00	3.46
499.82	0.04	3.99
837.21	0.00	3.28
264.71	0.00	1.72
499.82	0.04	2.04
836.73	0.06	4.07
264.61	0.04	3.71
500.00	0.00	2.16
837.21	0.00	2.67
264.61	0.04	4.50
500.00	0.00	1.36
837.21	0.00	2.95
264.66	0.02	2.15
500.00	0.00	0.65
837.21	0.00	3.01
264.66	0.02	0.51
499.91	0.02	1.16
837.21	0.00	1.99
264.71	0.00	2.11
499.91	0.02	1.73
837.06	0.02	1.03
264.66	0.02	3.45
499.91	0.02	1.81
837.06	0.02	1.66
264.66	0.02	3.01
499.91	0.02	0.76
837.21	0.00	0.58
264.57	0.05	3.16
500.00	0.00	3.66
837.21	0.00	2.17
264.66	0.02	3.54
499.82	0.04	3.50
837.21	0.00	2.84
264.66	0.02	3.35
499.91	0.02	2.92
837.21	0.00	0.54
264.71	0.00	2.71
499.74	0.05	3.75
837.06	0.02	2.28
264.71	0.00	3.48
499.91	0.02	2.39
837.21	0.00	4.40
264.71	0.00	1.40
499.82	0.04	3.88
836.92	0.04	3.99
264.66	0.02	4.07
499.91	0.02	3.48
837.21	0.00	2.80
264.66	0.02	2.83
499.91	0.02	2.11
837.21	0.00	1.97
264.66	0.02	1.77
499.91	0.02	2.36
837.06	0.02	2.54
264.65	0.02	1.17
500.00	0.00	3.18
837.21	0.00	3.70
264.66	0.02	2.90
499.82	0.04	2.28
837.21	0.00	2.31
264.71	0.00	0.81
499.91	0.02	4.01
836.92	0.04	3.38
264.71	0.00	2.19
500.00	0.00	3.55
837.21	0.00	2.67
264.71	0.00	1.16
499.82	0.04	4.15
836.92	0.04	4.92
264.71	0.00	1.90
499.91	0.02	4.68
837.21	0.00	4.02
264.66	0.02	1.42
499.82	0.04	3.52
836.77	0.05	4.51
264.66	0.02	2.42
500.00	0.00	1.21
837.21	0.00	1.48
264.71	0.00	2.31
500.00	0.00	0.62
837.21	0.00	2.00
264.71	0.00	1.32
499.82	0.04	1.93
837.21	0.00	1.16
264.66	0.02	3.07
499.91	0.02	5.55
837.06	0.02	3.21
264.71	0.00	1.16
499.82	0.04	4.38
837.21	0.00	4.12
264.66	0.02	1.66
499.91	0.02	3.22
836.92	0.04	5.69
264.71	0.00	1.90
499.82	0.04	3.73
837.21	0.00	1.18
264.66	0.02	1.17
500.00	0.00	0.61
837.06	0.02	2.33
264.71	0.00	0.74
499.82	0.04	3.58
837.06	0.02	1.80
264.61	0.04	4.85
499.91	0.02	3.82
837.06	0.02	1.81
264.66	0.02	3.00
500.00	0.00	3.53
837.21	0.00	3.03
264.66	0.02	4.58
499.91	0.02	2.40
837.06	0.02	2.34
264.61	0.04	3.00
500.00	0.00	1.43
836.92	0.04	2.35
264.66	0.02	1.22
500.00	0.00	1.13
837.21	0.00	0.52
264.61	0.04	3.60
500.00	0.00	2.32
837.06	0.02	2.24
264.71	0.00	3.22
499.91	0.02	1.72
837.21	0.00	1.70
264.71	0.00	2.75
500.00	0.00	2.16
837.06	0.02	1.14
264.66	0.02	3.58
499.91	0.02	1.13
837.06	0.02	2.24
264.71	0.00	3.32
500.00	0.00	1.22
837.21	0.00	4.54
264.71	0.00	2.84
500.00	0.00	0.86
836.92	0.04	2.56
264.61	0.04	5.96
499.91	0.02	1.00
837.06	0.02	4.07
264.71	0.00	1.71
500.00	0.00	3.06
836.92	0.04	3.88
264.66	0.02	1.10
500.00	0.00	1.44
837.06	0.02	2.08
264.61	0.04	2.52
500.00	0.00	3.60
837.06	0.02	3.24
264.71	0.00	3.58
499.91	0.02	3.49
837.06	0.02	2.39
264.71	0.00	3.39
499.91	0.02	2.80
837.21	0.00	1.12
264.61	0.04	3.68
500.00	0.00	1.79
837.06	0.02	1.16
264.66	0.02	2.26
500.00	0.00	2.56
836.92	0.04	2.90
264.66	0.02	2.94
499.82	0.04	3.24
836.92	0.04	4.06
264.71	0.00	2.31
499.91	0.02	1.85
836.92	0.04	3.33
264.71	0.00	3.23
499.91	0.02	1.11
837.21	0.00	1.59
264.66	0.02	3.58
499.91	0.02	0.65
837.21	0.00	0.49
264.71	0.00	1.43
500.00	0.00	1.13
837.21	0.00	1.18
264.66	0.02	1.81
499.91	0.02	1.61
836.92	0.04	2.73
264.66	0.02	1.17
500.00	0.00	1.30
837.21	0.00	0.54
264.71	0.00	0.64
499.91	0.02	2.21
837.06	0.02	2.06
264.66	0.02	3.34
500.00	0.00	1.96
837.21	0.00	1.93
264.71	0.00	0.62
499.91	0.02	1.90
837.06	0.02	4.63
264.66	0.02	1.50
500.00	0.00	1.94
836.92	0.04	5.17
264.71	0.00	1.51
499.82	0.04	3.77
837.02	0.02	1.59
264.71	0.00	2.63
500.00	0.00	0.96
837.21	0.00	1.99
264.71	0.00	1.21
499.91	0.02	2.31
837.06	0.02	3.71
264.66	0.02	4.80
499.91	0.02	2.68
837.21	0.00	0.57
264.71	0.00	2.01
499.91	0.02	2.39
836.92	0.04	4.57
264.66	0.02	3.82
499.91	0.02	2.68
836.92	0.04	3.40
264.61	0.04	4.43
499.91	0.02	2.46
837.21	0.00	2.18
264.71	0.00	4.74
499.89	0.02	0.82
837.21	0.00	3.23
264.66	0.02	0.85
500.00	0.00	2.33
837.02	0.02	1.54
264.61	0.04	4.98
500.00	0.00	2.63
836.87	0.04	2.97
264.71	0.00	1.05
500.00	0.00	0.73
837.21	0.00	2.54
264.61	0.04	4.26
499.91	0.02	2.01
837.06	0.02	2.47
264.60	0.04	5.18
500.00	0.00	2.21
837.21	0.00	0.73
264.71	0.00	3.39
500.00	0.00	4.26
837.06	0.02	3.16
264.71	0.00	4.67
499.80	0.04	2.98
836.77	0.05	3.66
264.71	0.00	2.83
500.00	0.00	0.74
837.06	0.02	1.68
264.66	0.02	1.08
499.82	0.04	2.51
837.21	0.00	2.26
264.71	0.00	2.13
500.00	0.00	2.48
837.21	0.00	1.72
264.66	0.02	3.55
499.91	0.02	2.93
837.21	0.00	0.67
264.66	0.02	2.49
499.91	0.02	0.77
837.21	0.00	1.10
264.66	0.02	4.03
499.91	0.02	2.47
837.06	0.02	2.31
264.61	0.04	5.49
499.91	0.02	2.84
837.21	0.00	3.39
264.65	0.02	1.81
499.91	0.02	3.11
836.92	0.04	3.88
264.66	0.02	2.61
499.91	0.02	1.74
836.92	0.04	5.41
264.66	0.02	1.76
499.91	0.02	1.18
836.92	0.04	2.17
264.71	0.00	0.83
500.00	0.00	2.46
837.06	0.02	1.16
264.71	0.00	3.21
499.82	0.04	3.13
837.21	0.00	2.65
264.71	0.00	2.91
499.80	0.04	3.33
837.21	0.00	0.58
264.71	0.00	3.37
499.91	0.02	0.59
837.06	0.02	1.10
264.66	0.02	1.60
500.00	0.00	2.58
837.06	0.02	1.66
264.61	0.04	4.58
500.00	0.00	3.43
837.06	0.02	1.99
264.61	0.04	4.92
500.00	0.00	1.16
837.21	0.00	2.41
264.61	0.04	3.79
500.00	0.00	3.76
837.21	0.00	1.61
264.57	0.05	4.10
499.82	0.04	1.70
837.06	0.02	0.57
264.71	0.00	2.78
500.00	0.00	2.91
837.21	0.00	0.62
264.61	0.04	2.90
500.00	0.00	0.67
837.21	0.00	2.20
264.66	0.02	1.29
500.00	0.00	3.01
837.21	0.00	1.50
264.61	0.04	4.24
499.91	0.02	4.86
837.21	0.00	1.00
264.61	0.04	4.79
500.00	0.00	1.45
837.21	0.00	2.07
264.71	0.00	3.13
499.91	0.02	3.83
837.21	0.00	1.77
264.71	0.00	1.19
499.91	0.02	2.56
836.92	0.04	3.69
264.61	0.04	4.64
499.91	0.02	2.52
836.87	0.04	2.39
264.71	0.00	2.54
500.00	0.00	2.30
837.21	0.00	4.87
264.71	0.00	4.79
499.91	0.02	4.99
836.92	0.04	4.38
264.71	0.00	1.25
499.82	0.04	4.02
837.06	0.02	5.61
264.66	0.02	2.52
500.00	0.00	0.95
837.21	0.00	3.26
264.71	0.00	1.32
499.91	0.02	4.21
837.06	0.02	2.14
264.61	0.04	5.91
500.00	0.00	3.53
837.21	0.00	3.71
264.71	0.00	2.11
499.91	0.02	0.63
837.21	0.00	2.83
264.71	0.00	1.63
500.00	0.00	1.81
837.06	0.02	2.73
264.71	0.00	3.65
500.00	0.00	3.04
837.21	0.00	0.97
264.71	0.00	4.10
499.91	0.02	3.93
837.21	0.00	3.89
264.61	0.04	4.30
500.00	0.00	3.04
837.06	0.02	2.75
264.71	0.00	3.27
500.00	0.00	2.51
837.06	0.02	3.24
264.66	0.02	2.69
500.00	0.00	1.20
837.21	0.00	2.48
264.71	0.00	1.85
500.00	0.00	0.73
836.77	0.05	3.67
264.66	0.02	2.44
500.00	0.00	1.20
837.21	0.00	0.52
264.66	0.02	4.80
500.00	0.00	2.36
837.21	0.00	2.27
264.71	0.00	1.91
499.91	0.02	2.94
837.06	0.02	4.28
264.61	0.04	5.26
499.91	0.02	3.37
837.06	0.02	1.64
264.61	0.04	4.20
499.74	0.05	2.79
837.21	0.00	0.56
264.66	0.02	3.29
499.91	0.02	0.77
837.06	0.02	3.80
264.71	0.00	1.32
499.91	0.02	4.08
837.21	0.00	2.57
264.66	0.02	0.59
499.82	0.04	2.49
837.21	0.00	2.23
264.71	0.00	1.67
500.00	0.00	2.20
837.21	0.00	0.58
264.60	0.04	2.44
499.91	0.02	0.74
836.92	0.04	1.76
264.57	0.05	2.37
499.91	0.02	1.60
837.21	0.00	1.75
264.71	0.00	1.71
499.82	0.04	2.94
837.21	0.00	1.66
264.71	0.00	1.09
499.91	0.02	1.81
837.21	0.00	0.49
264.60	0.04	4.29
499.91	0.02	3.27
837.06	0.02	2.10
264.61	0.04	3.17
500.00	0.00	1.69
836.92	0.04	3.99
264.66	0.02	2.84
500.00	0.00	1.22
837.06	0.02	1.17
264.71	0.00	1.77
499.91	0.02	3.56
837.21	0.00	0.65
264.61	0.04	3.31
500.00	0.00	3.65
837.21	0.00	1.88
264.66	0.02	2.49
499.91	0.02	2.87
836.92	0.04	3.59
264.71	0.00	2.22
499.82	0.04	4.55
837.06	0.02	3.47
264.57	0.05	5.40
500.00	0.00	0.68
837.06	0.02	2.26
264.71	0.00	1.63
499.82	0.04	5.29
837.06	0.02	4.71
264.66	0.02	0.66
499.82	0.04	4.74
837.06	0.02	3.06
264.66	0.02	2.30
499.91	0.02	4.00
837.21	0.00	1.06
264.71	0.00	3.51
499.91	0.02	1.55
837.21	0.00	1.40
264.66	0.02	2.93
499.91	0.02	3.29
836.92	0.04	3.35
264.71	0.00	2.46
500.00	0.00	1.28
837.21	0.00	3.28
264.66	0.02	0.96
500.00	0.00	2.93
837.06	0.02	2.68
264.71	0.00	2.03
500.00	0.00	2.31
837.02	0.02	1.72
264.71	0.00	2.37
500.00	0.00	0.69
837.06	0.02	2.74
264.71	0.00	1.88
500.00	0.00	2.19
837.06	0.02	1.52
264.71	0.00	3.00
499.91	0.02	2.55
836.92	0.04	3.11
264.71	0.00	0.45
500.00	0.00	0.78
837.02	0.02	2.53
264.66	0.02	2.54
499.91	0.02	1.29
837.21	0.00	0.93
264.61	0.04	4.80
499.91	0.02	2.48
837.21	0.00	1.71
264.65	0.02	1.63
500.00	0.00	2.80
837.21	0.00	2.86
264.66	0.02	4.30
499.82	0.04	3.61
837.06	0.02	0.68
264.66	0.02	1.84
499.80	0.04	3.04
837.06	0.02	1.71
264.61	0.04	4.28
500.00	0.00	3.16
837.02	0.02	1.16
264.71	0.00	0.67
500.00	0.00	1.10
837.06	0.02	2.97
