264.53	0.06	3.60
500.00	0.00	0.94
825.74	1.37	1.68
237.96	10.10	4.50
499.68	0.06	3.41
837.21	0.00	0.94
264.53	0.06	2.07
500.00	0.00	1.80
836.91	0.04	2.40
264.71	0.00	2.04
500.00	0.00	1.53
837.21	0.00	1.45
264.61	0.04	3.50
500.00	0.00	0.48
836.91	0.04	3.34
264.53	0.06	2.83
492.80	1.44	2.24
752.90	10.07	2.78
264.61	0.04	5.08
450.85	9.83	5.82
836.91	0.04	3.22
264.71	0.00	1.56
499.82	0.04	3.65
836.91	0.04	2.57
264.71	0.00	1.40
499.82	0.04	2.49
837.21	0.00	1.42
264.61	0.04	2.59
499.82	0.04	2.50
837.21	0.00	0.49
264.71	0.00	1.45
500.00	0.00	1.53
837.21	0.00	1.94
264.71	0.00	1.60
500.00	0.00	1.60
837.21	0.00	2.44
264.71	0.00	0.90
497.55	0.49	1.59
837.21	0.00	1.41
264.71	0.00	1.55
500.00	0.00	3.01
836.91	0.04	2.47
264.71	0.00	1.64
449.49	10.10	4.05
837.21	0.00	1.54
264.71	0.00	1.12
449.49	10.10	6.65
836.91	0.04	4.20
264.61	0.04	3.62
499.82	0.04	3.06
837.21	0.00	0.98
264.71	0.00	0.96
500.00	0.00	0.98
837.21	0.00	0.48
237.96	10.10	4.88
499.82	0.04	3.36
752.63	10.10	3.67
264.71	0.00	1.57
492.80	1.44	2.30
837.21	0.00	2.88
238.77	9.80	2.64
500.00	0.00	1.43
837.21	0.00	1.82
264.53	0.06	2.16
500.00	0.00	2.03
837.21	0.00	2.84
264.71	0.00	1.48
500.00	0.00	1.01
837.21	0.00	0.96
238.05	10.07	2.89
500.00	0.00	2.37
836.91	0.04	2.96
263.41	0.49	3.12
499.82	0.04	3.25
837.21	0.00	1.44
264.53	0.06	3.47
500.00	0.00	1.41
837.19	0.00	1.43
264.71	0.00	2.03
499.68	0.06	2.17
836.91	0.04	3.41
264.71	0.00	1.40
500.00	0.00	0.96
837.21	0.00	0.45
264.60	0.04	2.42
500.00	0.00	1.09
754.91	9.83	4.42
238.69	9.83	6.28
500.00	0.00	2.39
836.91	0.04	2.92
264.61	0.04	2.82
499.68	0.06	2.07
836.91	0.04	2.03
264.71	0.00	2.47
500.00	0.00	1.44
837.21	0.00	0.92
264.71	0.00	0.96
499.82	0.04	2.93
837.21	0.00	0.96
264.71	0.00	0.95
499.82	0.04	2.55
836.91	0.04	1.98
238.77	9.80	1.81
450.83	9.83	3.96
837.21	0.00	0.53
264.71	0.00	1.06
500.00	0.00	2.04
837.21	0.00	2.42
264.61	0.04	3.64
500.00	0.00	1.50
836.91	0.04	2.47
264.71	0.00	1.40
500.00	0.00	0.90
837.21	0.00	0.47
237.90	10.13	3.52
500.00	0.00	1.38
836.91	0.04	1.53
264.61	0.04	3.86
450.83	9.83	3.84
836.91	0.04	4.55
238.77	9.80	3.29
497.34	0.53	2.35
836.66	0.07	3.00
253.50	4.23	1.34
451.01	9.80	3.06
754.69	9.86	3.49
264.71	0.00	0.94
449.49	10.10	4.33
837.21	0.00	1.42
264.71	0.00	0.96
499.82	0.04	1.54
837.21	0.00	0.96
264.71	0.00	1.64
499.68	0.06	2.15
837.21	0.00	1.52
238.68	9.83	4.65
499.82	0.04	2.54
837.21	0.00	0.97
264.71	0.00	1.43
500.00	0.00	1.35
837.21	0.00	1.85
264.71	0.00	1.58
499.82	0.04	2.11
837.21	0.00	2.41
264.71	0.00	0.93
500.00	0.00	1.38
837.21	0.00	0.48
264.71	0.00	1.50
499.82	0.04	3.31
837.21	0.00	0.49
263.41	0.49	2.06
499.82	0.04	2.40
837.21	0.00	0.97
264.61	0.04	3.55
499.68	0.06	2.05
837.21	0.00	1.43
264.61	0.04	2.04
499.82	0.04	3.35
837.21	0.00	0.48
237.90	10.13	3.29
451.01	9.80	2.32
825.74	1.37	2.22
264.53	0.06	2.86
500.00	0.00	0.90
837.21	0.00	0.47
264.71	0.00	2.39
500.00	0.00	0.93
837.21	0.00	0.92
264.71	0.00	1.06
450.85	9.83	5.41
837.21	0.00	1.01
264.71	0.00	1.35
500.00	0.00	0.93
837.21	0.00	0.47
264.71	0.00	3.40
499.86	0.03	1.02
836.91	0.04	2.40
264.71	0.00	1.13
497.54	0.49	2.30
836.91	0.04	4.32
264.71	0.00	1.81
500.00	0.00	2.31
837.21	0.00	0.95
264.61	0.04	4.27
499.82	0.04	4.17
837.21	0.00	2.47
264.53	0.06	2.22
500.00	0.00	0.94
754.91	9.83	5.31
264.61	0.04	3.46
499.82	0.04	4.25
752.63	10.10	4.66
264.61	0.04	4.34
500.00	0.00	0.45
837.21	0.00	1.42
264.71	0.00	1.09
500.00	0.00	0.90
752.90	10.07	3.72
238.69	9.83	4.77
500.00	0.00	1.91
752.63	10.10	4.49
264.53	0.06	3.43
500.00	0.00	1.88
837.21	0.00	0.47
264.71	0.00	1.47
500.00	0.00	1.92
836.91	0.04	2.81
264.61	0.04	2.97
500.00	0.00	1.49
837.21	0.00	1.49
264.71	0.00	1.55
450.85	9.83	4.21
825.74	1.37	2.35
264.53	0.06	2.57
499.82	0.04	1.98
837.21	0.00	0.95
238.77	9.80	3.29
499.82	0.04	2.87
754.91	9.83	5.57
264.61	0.04	2.17
499.82	0.04	4.95
755.18	9.80	2.25
264.71	0.00	0.49
500.00	0.00	2.95
837.21	0.00	2.39
264.71	0.00	2.18
450.72	9.86	4.82
754.91	9.83	4.64
264.71	0.00	2.15
499.68	0.06	2.56
837.21	0.00	2.89
264.71	0.00	1.60
500.00	0.00	1.06
836.91	0.04	1.53
238.69	9.83	4.88
499.82	0.04	2.51
837.21	0.00	0.47
264.71	0.00	0.97
449.49	10.10	2.79
837.21	0.00	1.82
264.61	0.04	2.67
500.00	0.00	1.99
836.67	0.06	2.03
264.61	0.04	2.38
500.00	0.00	2.47
837.21	0.00	0.99
260.89	1.44	2.17
500.00	0.00	1.45
837.21	0.00	0.50
264.71	0.00	1.82
499.82	0.04	2.79
837.21	0.00	0.46
264.71	0.00	1.13
499.82	0.04	4.76
836.91	0.04	3.64
237.96	10.10	4.18
500.00	0.00	1.01
836.67	0.06	3.41
264.71	0.00	2.33
492.80	1.44	1.70
837.21	0.00	1.45
264.71	0.00	1.98
499.09	0.18	1.55
836.91	0.04	1.88
264.61	0.04	2.29
500.00	0.00	2.43
752.63	10.10	3.92
264.71	0.00	1.60
500.00	0.00	1.95
836.91	0.04	1.98
264.71	0.00	3.35
500.00	0.00	0.90
837.17	0.00	1.45
264.61	0.04	2.25
499.82	0.04	3.65
836.91	0.04	3.04
264.53	0.06	2.73
500.00	0.00	1.92
836.91	0.04	2.94
264.71	0.00	1.97
449.65	10.07	2.15
837.21	0.00	1.41
238.69	9.83	3.55
499.82	0.04	2.53
752.90	10.07	1.73
264.61	0.04	2.69
500.00	0.00	2.32
836.67	0.06	2.47
264.71	0.00	0.95
500.00	0.00	0.96
837.21	0.00	1.82
264.53	0.06	2.44
499.82	0.04	2.34
836.91	0.04	4.00
263.41	0.49	3.46
500.00	0.00	1.43
837.21	0.00	0.45
264.61	0.04	3.70
499.82	0.04	2.72
836.91	0.04	2.11
264.71	0.00	1.69
500.00	0.00	1.54
752.63	10.10	4.96
264.61	0.04	2.67
499.82	0.04	3.93
837.21	0.00	1.01
264.71	0.00	0.97
500.00	0.00	2.35
836.91	0.04	3.31
264.71	0.00	0.92
499.68	0.06	1.97
837.21	0.00	0.93
264.71	0.00	1.80
500.00	0.00	0.45
837.21	0.00	0.45
264.71	0.00	1.99
449.65	10.07	2.83
825.74	1.37	3.14
264.71	0.00	0.97
500.00	0.00	1.02
836.91	0.04	2.85
234.79	11.30	4.78
449.65	10.07	3.14
836.91	0.04	2.70
264.71	0.00	1.53
499.82	0.04	1.93
837.21	0.00	2.32
261.08	1.37	4.00
493.15	1.37	2.50
836.91	0.04	2.12
237.96	10.10	4.50
497.52	0.50	2.28
837.21	0.00	2.01
264.71	0.00	2.02
500.00	0.00	3.11
837.21	0.00	2.52
237.90	10.13	4.37
500.00	0.00	0.96
837.21	0.00	1.91
264.71	0.00	0.96
499.82	0.04	2.36
837.21	0.00	0.45
264.61	0.04	3.03
499.82	0.04	2.93
837.21	0.00	0.47
264.71	0.00	1.54
500.00	0.00	1.85
836.91	0.04	3.33
264.71	0.00	1.45
499.68	0.06	2.02
752.90	10.07	2.69
264.60	0.04	3.64
499.82	0.04	2.59
752.90	10.07	1.76
264.61	0.04	3.05
449.65	10.07	1.15
837.21	0.00	1.42
264.71	0.00	0.45
500.00	0.00	0.45
837.21	0.00	0.45
260.89	1.44	2.83
500.00	0.00	2.98
837.21	0.00	1.57
263.88	0.31	1.10
500.00	0.00	1.85
752.90	10.07	2.16
264.71	0.00	2.38
500.00	0.00	0.96
837.21	0.00	0.46
264.71	0.00	0.99
500.00	0.00	0.45
825.15	1.44	3.47
238.05	10.07	2.21
499.82	0.04	2.94
837.21	0.00	1.85
264.71	0.00	2.04
499.82	0.04	4.97
825.15	1.44	2.28
264.53	0.06	2.59
499.82	0.04	3.98
837.21	0.00	1.00
238.77	9.80	2.43
499.82	0.04	3.09
836.91	0.04	2.10
264.61	0.04	2.63
499.68	0.06	3.09
837.21	0.00	1.91
264.61	0.04	4.15
500.00	0.00	1.03
833.10	0.49	3.05
264.71	0.00	3.12
500.00	0.00	1.80
837.21	0.00	3.73
264.70	0.00	0.97
500.00	0.00	1.41
752.90	10.07	2.15
264.71	0.00	1.05
499.82	0.04	2.43
837.21	0.00	1.90
264.71	0.00	1.41
499.82	0.04	3.09
755.18	9.80	2.74
264.61	0.04	3.54
499.82	0.04	2.71
752.90	10.07	3.41
235.33	11.10	4.06
500.00	0.00	3.28
837.21	0.00	0.98
264.71	0.00	2.20
500.00	0.00	2.76
752.63	10.10	5.60
264.71	0.00	2.76
499.82	0.04	4.78
825.74	1.37	3.35
264.61	0.04	4.04
499.82	0.04	2.50
837.21	0.00	1.91
264.71	0.00	1.40
500.00	0.00	2.27
836.91	0.04	1.43
264.61	0.04	2.86
499.82	0.04	3.69
825.74	1.37	2.84
264.61	0.04	4.23
500.00	0.00	1.43
837.21	0.00	0.96
264.71	0.00	1.92
500.00	0.00	0.99
836.91	0.04	3.29
264.61	0.04	3.57
499.82	0.04	4.09
837.21	0.00	1.99
264.71	0.00	2.05
500.00	0.00	2.49
837.21	0.00	1.51
264.71	0.00	2.36
499.82	0.04	3.52
837.21	0.00	1.97
264.53	0.06	2.17
500.00	0.00	1.90
836.91	0.04	2.91
238.77	9.80	3.36
500.00	0.00	0.97
836.91	0.04	2.92
264.71	0.00	0.96
499.82	0.04	2.16
836.91	0.04	2.51
264.71	0.00	1.04
449.49	10.10	4.39
837.21	0.00	1.44
264.71	0.00	1.95
499.82	0.04	2.89
837.21	0.00	0.90
264.71	0.00	1.85
499.86	0.03	0.97
837.21	0.00	0.92
264.71	0.00	3.12
500.00	0.00	2.60
837.21	0.00	2.03
264.71	0.00	1.48
500.00	0.00	0.45
833.10	0.49	2.48
264.71	0.00	2.62
499.82	0.04	3.20
836.91	0.04	3.00
261.07	1.37	3.47
500.00	0.00	1.56
836.91	0.04	2.53
264.61	0.04	3.63
451.01	9.80	2.70
837.21	0.00	1.92
264.71	0.00	2.49
499.82	0.04	3.56
752.60	10.11	3.98
264.71	0.00	2.92
500.00	0.00	0.45
837.21	0.00	1.90
263.41	0.49	2.32
499.82	0.04	4.30
837.21	0.00	1.90
264.71	0.00	0.95
499.82	0.04	3.87
837.21	0.00	0.98
264.61	0.04	4.37
500.00	0.00	1.96
837.21	0.00	0.93
264.71	0.00	2.46
499.68	0.06	2.19
836.91	0.04	2.55
264.61	0.04	4.79
500.00	0.00	1.99
837.21	0.00	1.47
264.71	0.00	0.90
500.00	0.00	1.90
837.21	0.00	0.96
264.71	0.00	1.48
500.00	0.00	2.61
836.67	0.06	3.00
264.61	0.04	4.37
499.82	0.04	2.97
837.21	0.00	0.95
264.71	0.00	2.35
449.36	10.13	3.79
837.21	0.00	0.95
264.71	0.00	0.96
500.00	0.00	2.26
837.20	0.00	0.49
264.53	0.06	1.60
500.00	0.00	1.06
836.91	0.04	2.50
264.71	0.00	0.90
500.00	0.00	1.51
837.21	0.00	2.79
264.71	0.00	1.38
500.00	0.00	1.91
837.21	0.00	2.30
264.71	0.00	1.00
499.82	0.04	4.30
833.10	0.49	2.08
264.71	0.00	2.61
500.00	0.00	2.11
837.21	0.00	1.54
238.69	9.83	4.08
450.85	9.83	4.44
837.21	0.00	1.82
264.61	0.04	2.56
500.00	0.00	2.33
837.19	0.00	1.42
238.68	9.83	6.07
443.49	11.30	3.41
836.91	0.04	3.66
264.61	0.04	3.52
450.85	9.83	4.25
836.91	0.04	3.66
264.70	0.00	0.93
500.00	0.00	1.38
837.21	0.00	0.93
264.71	0.00	0.49
499.82	0.04	1.92
837.21	0.00	1.37
264.71	0.00	2.06
499.82	0.04	4.16
836.91	0.04	3.47
264.71	0.00	1.01
500.00	0.00	1.50
837.21	0.00	0.99
264.71	0.00	3.75
499.68	0.06	1.44
837.21	0.00	0.95
264.61	0.04	3.53
500.00	0.00	1.12
837.21	0.00	2.41
264.71	0.00	1.36
499.82	0.04	1.45
837.21	0.00	0.46
264.71	0.00	1.40
500.00	0.00	1.35
837.21	0.00	1.81
264.61	0.04	4.79
499.68	0.06	2.62
836.91	0.04	2.56
264.61	0.04	5.16
499.82	0.04	3.30
836.91	0.04	2.61
264.71	0.00	1.83
449.65	10.07	2.66
837.21	0.00	1.81
264.69	0.00	1.03
500.00	0.00	1.05
837.21	0.00	2.37
264.71	0.00	0.91
450.72	9.86	4.18
836.91	0.04	3.55
264.71	0.00	1.35
500.00	0.00	0.97
837.21	0.00	1.38
238.69	9.83	4.09
499.82	0.04	2.06
837.21	0.00	1.02
264.71	0.00	2.03
500.00	0.00	1.94
837.21	0.00	0.48
264.71	0.00	1.60
499.82	0.04	2.54
837.21	0.00	2.81
264.71	0.00	1.97
500.00	0.00	0.94
836.91	0.04	4.67
264.71	0.00	2.59
500.00	0.00	3.44
837.21	0.00	1.04
264.71	0.00	2.08
500.00	0.00	1.57
836.91	0.04	4.80
264.71	0.00	0.97
499.82	0.04	4.59
752.63	10.10	3.46
264.71	0.00	1.51
500.00	0.00	1.47
754.91	9.83	4.29
237.96	10.10	4.27
449.49	10.10	4.52
836.91	0.04	3.24
264.61	0.04	3.23
500.00	0.00	2.56
837.21	0.00	1.48
264.71	0.00	3.51
449.65	10.07	2.65
837.21	0.00	2.82
264.61	0.04	2.34
500.00	0.00	1.89
837.21	0.00	1.41
264.71	0.00	1.42
450.85	9.83	4.22
754.91	9.83	3.55
264.61	0.04	2.73
500.00	0.00	1.57
825.15	1.44	3.17
264.71	0.00	1.46
500.00	0.00	0.92
837.21	0.00	2.28
264.71	0.00	0.93
499.82	0.04	2.44
837.21	0.00	1.43
264.71	0.00	1.38
499.91	0.02	1.03
836.91	0.04	3.31
264.71	0.00	0.93
500.00	0.00	0.90
754.91	9.83	3.24
264.61	0.04	3.34
500.00	0.00	2.41
837.21	0.00	0.97
264.53	0.06	2.09
499.82	0.04	3.80
837.21	0.00	0.97
264.71	0.00	2.00
500.00	0.00	1.37
837.21	0.00	1.41
264.71	0.00	0.45
500.00	0.00	0.45
755.18	9.80	2.14
264.71	0.00	1.02
449.49	10.10	4.96
837.21	0.00	1.01
264.52	0.07	3.56
499.82	0.04	4.26
836.91	0.04	4.06
264.71	0.00	1.43
492.80	1.44	1.74
837.21	0.00	1.47
264.71	0.00	1.41
500.00	0.00	0.96
836.91	0.04	1.92
264.17	0.20	0.57
450.85	9.83	2.72
837.21	0.00	0.45
264.71	0.00	1.80
500.00	0.00	0.47
837.21	0.00	0.93
264.61	0.04	2.66
499.82	0.04	2.58
837.21	0.00	2.40
264.61	0.04	4.82
499.82	0.04	3.50
837.21	0.00	1.91
238.05	10.07	3.27
499.99	0.00	0.96
837.21	0.00	2.71
264.71	0.00	0.92
499.82	0.04	3.29
837.21	0.00	1.83
264.71	0.00	0.49
493.15	1.37	2.15
833.10	0.49	3.39
264.71	0.00	1.06
500.00	0.00	1.51
836.91	0.04	4.25
264.71	0.00	1.95
499.68	0.06	3.51
836.91	0.04	2.07
264.71	0.00	1.87
449.36	10.13	3.78
837.21	0.00	0.48
264.71	0.00	1.02
451.01	9.80	2.26
836.91	0.04	4.30
264.71	0.00	1.35
500.00	0.00	0.45
837.21	0.00	1.35
264.71	0.00	1.48
500.00	0.00	1.00
837.21	0.00	0.97
264.53	0.06	3.58
450.85	9.83	5.51
837.21	0.00	1.00
238.05	10.07	3.72
499.98	0.00	1.07
752.63	10.10	4.48
264.71	0.00	1.37
499.82	0.04	2.83
837.21	0.00	0.48
264.71	0.00	2.14
500.00	0.00	1.95
837.21	0.00	2.85
261.07	1.37	3.37
499.68	0.06	2.60
837.21	0.00	1.48
264.71	0.00	3.13
499.68	0.06	2.60
837.21	0.00	2.92
264.71	0.00	0.97
500.00	0.00	0.96
836.91	0.04	1.94
264.61	0.04	3.21
499.82	0.04	3.10
837.21	0.00	1.49
264.71	0.00	1.35
499.82	0.04	3.63
836.91	0.04	3.01
264.71	0.00	2.03
499.82	0.04	3.81
837.21	0.00	1.00
264.71	0.00	1.45
499.82	0.04	4.41
837.21	0.00	2.36
264.61	0.04	4.08
499.82	0.04	2.52
837.21	0.00	0.96
264.71	0.00	1.55
500.00	0.00	1.46
833.10	0.49	1.12
238.05	10.07	1.68
500.00	0.00	0.90
837.21	0.00	0.94
264.71	0.00	2.23
500.00	0.00	2.12
837.21	0.00	2.45
264.71	0.00	1.08
500.00	0.00	3.91
836.91	0.04	4.35
238.68	9.83	5.98
450.85	9.83	5.16
837.21	0.00	1.48
264.53	0.06	1.92
500.00	0.00	0.46
837.21	0.00	0.47
264.61	0.04	1.00
500.00	0.00	0.92
837.21	0.00	0.91
73.57	72.21	24.00
500.00	0.00	2.82
837.21	0.00	0.98
264.71	0.00	1.52
499.82	0.04	2.72
836.91	0.04	3.02
264.70	0.00	2.01
500.00	0.00	3.33
754.91	9.83	3.82
261.08	1.37	2.97
499.82	0.04	3.59
836.67	0.06	1.66
264.61	0.04	2.45
499.80	0.04	2.04
837.21	0.00	0.48
261.08	1.37	2.43
449.36	10.13	4.09
836.66	0.07	3.00
264.61	0.04	1.95
500.00	0.00	2.07
837.21	0.00	2.42
235.33	11.10	3.45
500.00	0.00	1.06
833.10	0.49	2.56
264.61	0.04	2.83
499.82	0.04	3.19
836.91	0.04	3.05
264.71	0.00	0.50
450.85	9.83	3.58
836.91	0.04	3.51
264.71	0.00	2.56
500.00	0.00	1.83
837.21	0.00	2.37
264.61	0.04	3.53
493.15	1.37	1.21
837.21	0.00	1.38
264.71	0.00	2.50
500.00	0.00	1.10
752.63	10.10	5.90
264.71	0.00	1.45
499.82	0.04	3.68
837.21	0.00	0.95
238.69	9.83	5.32
499.82	0.04	3.07
833.10	0.49	3.05
35.24	86.69	117.57
449.36	10.13	9.41
837.21	0.00	1.35
264.71	0.00	0.90
499.82	0.04	4.15
836.91	0.04	3.52
264.71	0.00	0.90
500.00	0.00	1.01
837.21	0.00	2.31
261.08	1.37	2.42
499.68	0.06	3.00
836.91	0.04	1.09
264.61	0.04	2.65
500.00	0.00	1.47
837.21	0.00	1.49
264.53	0.06	3.54
499.67	0.07	2.93
837.21	0.00	0.96
264.71	0.00	2.12
499.68	0.06	2.74
836.91	0.04	3.05
261.08	1.37	2.69
450.85	9.83	5.74
836.91	0.04	3.18
264.71	0.00	2.94
499.82	0.04	3.49
836.91	0.04	2.46
264.61	0.04	2.78
500.00	0.00	0.95
837.21	0.00	0.94
264.53	0.06	4.23
499.68	0.06	2.62
837.21	0.00	2.45
264.71	0.00	2.87
499.98	0.00	1.63
836.91	0.04	2.94
238.77	9.80	2.26
499.82	0.04	2.93
833.10	0.49	3.42
237.90	10.13	3.35
500.00	0.00	0.46
837.21	0.00	1.37
264.61	0.04	3.13
499.82	0.04	3.15
837.21	0.00	2.89
264.71	0.00	1.36
499.68	0.06	3.32
837.21	0.00	1.83
264.53	0.06	2.33
499.68	0.06	3.24
836.91	0.04	2.13
264.71	0.00	1.62
499.82	0.04	4.49
836.91	0.04	2.56
264.71	0.00	0.45
500.00	0.00	0.47
837.21	0.00	1.37
237.96	10.10	4.34
500.00	0.00	1.46
837.21	0.00	1.39
264.71	0.00	2.57
499.68	0.06	1.70
836.91	0.04	3.48
238.05	10.07	2.72
500.00	0.00	1.04
825.15	1.44	2.14
264.71	0.00	1.00
500.00	0.00	1.01
837.21	0.00	0.96
264.61	0.04	3.98
500.00	0.00	1.42
836.67	0.06	1.51
264.61	0.04	1.49
449.65	10.07	3.72
837.21	0.00	0.45
264.71	0.00	1.70
500.00	0.00	3.98
837.21	0.00	2.97
264.71	0.00	1.01
499.82	0.04	2.93
837.21	0.00	0.99
238.62	9.86	4.78
499.82	0.04	2.65
836.91	0.04	1.61
264.71	0.00	0.95
500.00	0.00	0.93
837.21	0.00	0.45
264.71	0.00	0.50
500.00	0.00	1.52
837.21	0.00	1.46
264.71	0.00	1.35
499.82	0.04	1.61
836.91	0.04	3.81
264.71	0.00	2.00
492.80	1.44	3.33
836.67	0.06	2.05
260.89	1.44	2.24
500.00	0.00	1.51
837.21	0.00	0.98
264.61	0.04	2.03
499.82	0.04	2.95
837.21	0.00	0.49
263.41	0.49	3.15
499.82	0.04	2.91
837.21	0.00	1.48
264.70	0.00	1.00
493.15	1.37	3.62
837.21	0.00	1.01
264.71	0.00	2.42
499.82	0.04	3.10
825.74	1.37	2.28
264.71	0.00	2.26
499.82	0.04	2.49
825.15	1.44	0.74
264.53	0.06	2.21
450.85	9.83	3.99
837.21	0.00	1.52
264.71	0.00	0.99
499.82	0.04	3.74
837.21	0.00	0.49
264.71	0.00	2.56
500.00	0.00	2.08
836.67	0.06	2.54
264.71	0.00	2.09
450.85	9.83	5.52
837.21	0.00	1.01
234.79	11.30	3.79
500.00	0.00	1.40
836.91	0.04	2.49
264.71	0.00	2.65
493.15	1.37	3.35
833.10	0.49	3.11
264.71	0.00	1.38
493.15	1.37	1.64
837.21	0.00	0.45
264.71	0.00	1.37
499.82	0.04	2.70
744.31	11.10	4.17
264.61	0.04	3.68
500.00	0.00	1.84
837.21	0.00	0.90
238.68	9.83	5.83
500.00	0.00	2.99
836.91	0.04	3.43
237.96	10.10	4.60
500.00	0.00	0.98
825.15	1.44	1.72
264.71	0.00	0.90
500.00	0.00	1.42
752.63	10.10	2.25
264.71	0.00	1.41
499.82	0.04	5.12
836.91	0.04	4.89
237.96	10.10	5.41
500.00	0.00	1.01
836.91	0.04	2.55
264.53	0.06	2.25
500.00	0.00	1.07
836.91	0.04	2.50
237.96	10.10	4.31
500.00	0.00	1.87
837.21	0.00	0.49
237.96	10.10	5.37
499.82	0.04	3.60
836.91	0.04	2.08
264.71	0.00	1.42
499.68	0.06	2.94
837.21	0.00	0.94
264.71	0.00	1.57
499.82	0.04	2.19
825.74	1.37	2.74
264.71	0.00	1.62
450.85	9.83	5.25
836.91	0.04	2.66
264.61	0.04	2.65
499.82	0.04	4.42
837.21	0.00	1.04
264.71	0.00	1.80
500.00	0.00	1.80
837.21	0.00	0.90
264.53	0.06	3.37
500.00	0.00	1.02
837.21	0.00	1.86
264.61	0.04	2.93
492.80	1.44	1.98
752.63	10.10	6.09
264.71	0.00	1.42
500.00	0.00	0.90
836.91	0.04	2.81
264.61	0.04	2.64
500.00	0.00	1.46
836.91	0.04	1.53
264.71	0.00	1.50
500.00	0.00	1.83
836.91	0.04	1.90
264.61	0.04	3.93
500.00	0.00	0.91
825.74	1.37	1.19
264.61	0.04	5.14
499.68	0.06	2.56
833.10	0.49	2.58
264.53	0.06	3.58
500.00	0.00	1.13
754.91	9.83	2.36
264.71	0.00	2.00
500.00	0.00	0.49
825.15	1.44	3.02
264.71	0.00	0.96
500.00	0.00	1.53
836.91	0.04	2.42
264.71	0.00	2.44
500.00	0.00	1.44
836.91	0.04	3.32
75.76	71.38	21.09
499.99	0.00	1.55
837.21	0.00	1.01
264.71	0.00	1.44
500.00	0.00	1.80
836.91	0.04	1.45
264.53	0.06	2.23
500.00	0.00	3.30
752.63	10.10	2.84
264.71	0.00	0.48
500.00	0.00	1.56
836.91	0.04	3.37
264.71	0.00	0.90
499.82	0.04	1.43
837.21	0.00	1.35
261.08	1.37	3.16
500.00	0.00	2.34
837.21	0.00	0.90
264.71	0.00	3.44
449.49	10.10	5.42
837.21	0.00	0.97
260.89	1.44	2.26
499.82	0.04	2.50
837.21	0.00	0.49
264.71	0.00	1.54
499.82	0.04	2.91
837.21	0.00	1.45
264.71	0.00	2.30
481.03	3.79	2.61
837.21	0.00	2.50
264.61	0.04	4.16
500.00	0.00	2.53
754.91	9.83	5.49
264.71	0.00	1.53
450.85	9.83	4.44
837.21	0.00	1.02
264.53	0.06	1.65
500.00	0.00	1.56
836.91	0.04	3.45
264.71	0.00	1.39
500.00	0.00	0.94
837.20	0.00	1.00
264.53	0.06	3.45
500.00	0.00	2.05
837.21	0.00	1.99
264.71	0.00	1.35
500.00	0.00	1.43
837.17	0.00	0.99
264.61	0.04	3.68
499.80	0.04	2.67
752.90	10.07	1.77
264.71	0.00	0.95
500.00	0.00	0.49
837.21	0.00	1.36
264.71	0.00	2.48
451.01	9.80	2.14
837.21	0.00	1.90
264.71	0.00	1.10
500.00	0.00	3.51
837.21	0.00	2.51
264.71	0.00	1.35
451.01	9.80	3.02
755.18	9.80	2.34
264.71	0.00	2.47
499.82	0.04	1.48
837.21	0.00	1.89
264.71	0.00	1.44
492.80	1.44	3.07
837.21	0.00	0.49
264.71	0.00	1.80
500.00	0.00	1.47
837.21	0.00	2.32
237.90	10.13	5.39
500.00	0.00	2.57
837.21	0.00	1.96
264.61	0.04	4.54
500.00	0.00	1.51
752.63	10.10	5.58
264.71	0.00	1.85
499.68	0.06	2.83
837.21	0.00	1.39
264.71	0.00	0.97
500.00	0.00	1.90
836.91	0.04	1.50
264.71	0.00	0.53
492.80	1.44	2.91
836.67	0.06	3.03
264.71	0.00	1.45
499.82	0.04	3.87
837.21	0.00	0.98
264.71	0.00	1.95
499.82	0.04	2.86
837.21	0.00	0.94
264.71	0.00	1.04
500.00	0.00	1.50
837.21	0.00	1.89
264.71	0.00	1.53
499.82	0.04	3.54
836.91	0.04	3.47
264.61	0.04	2.11
450.85	9.83	3.90
837.21	0.00	1.38
264.61	0.04	3.73
499.68	0.06	3.17
836.91	0.04	3.46
264.71	0.00	1.55
500.00	0.00	2.04
837.21	0.00	1.50
254.66	3.79	1.43
499.68	0.06	2.04
837.21	0.00	1.43
264.61	0.04	3.04
499.82	0.04	2.53
837.21	0.00	1.86
264.71	0.00	1.37
499.82	0.04	1.54
825.15	1.44	1.66
238.62	9.86	5.71
500.00	0.00	1.64
836.91	0.04	3.04
264.71	0.00	1.52
499.82	0.04	2.62
836.67	0.06	1.59
264.71	0.00	2.65
500.00	0.00	1.08
833.10	0.49	2.11
264.61	0.04	3.39
451.01	9.80	2.17
837.21	0.00	0.47
264.71	0.00	1.40
500.00	0.00	1.49
833.10	0.49	1.15
260.89	1.44	2.04
499.82	0.04	3.27
836.91	0.04	4.95
237.90	10.13	5.75
500.00	0.00	3.02
836.91	0.04	3.49
264.71	0.00	2.55
499.82	0.04	3.48
837.21	0.00	1.05
264.53	0.06	2.09
500.00	0.00	1.47
836.91	0.04	1.53
264.61	0.04	2.54
450.85	9.83	4.84
752.63	10.10	4.21
264.71	0.00	1.62
500.00	0.00	1.07
837.21	0.00	1.47
264.61	0.04	3.15
499.82	0.04	3.05
837.21	0.00	1.45
264.71	0.00	1.01
499.82	0.04	1.95
837.21	0.00	1.87
264.61	0.04	4.19
493.15	1.37	2.81
837.21	0.00	2.41
264.71	0.00	0.93
450.85	9.83	5.30
837.21	0.00	1.85
264.61	0.04	3.02
451.01	9.80	3.25
744.31	11.10	3.85
264.61	0.04	3.94
493.15	1.37	2.62
754.91	9.83	5.61
264.71	0.00	0.95
500.00	0.00	1.87
836.91	0.04	2.84
264.53	0.06	2.92
499.68	0.06	2.33
754.91	9.83	4.06
264.71	0.00	2.78
500.00	0.00	0.48
837.21	0.00	0.47
264.61	0.04	2.73
499.82	0.04	3.44
837.17	0.00	1.56
264.61	0.04	2.28
499.82	0.04	4.06
836.67	0.06	3.03
238.69	9.83	6.07
500.00	0.00	1.37
837.21	0.00	2.82
264.61	0.04	3.56
499.82	0.04	3.91
837.21	0.00	0.47
264.71	0.00	0.57
450.85	9.83	5.08
836.91	0.04	3.50
264.61	0.04	2.76
499.82	0.04	4.59
837.21	0.00	2.55
264.53	0.06	2.09
443.47	11.31	4.15
837.21	0.00	0.90
264.71	0.00	2.28
499.82	0.04	1.62
752.90	10.07	3.28
264.61	0.04	3.42
500.00	0.00	1.05
837.21	0.00	1.45
264.71	0.00	0.50
499.82	0.04	3.29
754.91	9.83	4.50
264.71	0.00	1.93
500.00	0.00	0.99
837.21	0.00	0.96
264.71	0.00	1.42
500.00	0.00	1.80
837.21	0.00	0.93
264.71	0.00	2.46
500.00	0.00	1.51
837.21	0.00	0.97
264.61	0.04	1.43
500.00	0.00	0.46
837.21	0.00	0.47
264.53	0.06	2.15
500.00	0.00	1.81
754.91	9.83	2.78
264.61	0.04	3.47
499.82	0.04	2.79
744.31	11.10	3.77
264.53	0.06	3.07
449.36	10.13	5.09
836.91	0.04	4.24
264.71	0.00	0.90
500.00	0.00	0.90
837.21	0.00	0.90
264.71	0.00	0.96
499.82	0.04	2.41
837.21	0.00	1.37
264.71	0.00	1.45
500.00	0.00	0.96
836.97	0.03	0.97
264.53	0.06	3.34
500.00	0.00	0.94
742.59	11.30	3.58
264.71	0.00	3.44
500.00	0.00	1.53
825.15	1.44	3.14
264.61	0.04	4.36
499.82	0.04	1.76
836.91	0.04	2.65
264.71	0.00	1.05
493.15	1.37	2.26
837.21	0.00	2.36
264.61	0.04	2.78
497.54	0.49	3.21
837.21	0.00	2.47
264.71	0.00	2.52
500.00	0.00	2.33
837.21	0.00	1.47
264.61	0.04	3.28
500.00	0.00	0.93
837.21	0.00	1.37
264.71	0.00	1.93
500.00	0.00	1.36
837.21	0.00	1.38
264.71	0.00	1.58
451.01	9.80	1.24
752.63	10.10	5.48
264.71	0.00	1.96
500.00	0.00	1.50
837.21	0.00	0.98
31.69	88.03	129.13
500.00	0.00	3.26
825.15	1.44	5.50
264.71	0.00	2.80
451.01	9.80	2.31
836.67	0.06	2.03
264.71	0.00	1.80
500.00	0.00	0.90
837.21	0.00	1.35
264.61	0.04	3.37
500.00	0.00	1.52
837.21	0.00	1.94
264.71	0.00	1.57
499.68	0.06	1.72
825.15	1.44	2.23
264.71	0.00	0.97
500.00	0.00	3.25
836.67	0.06	1.98
264.53	0.06	3.09
499.82	0.04	2.91
754.91	9.83	5.63
264.53	0.06	2.49
499.82	0.04	4.26
754.91	9.83	4.59
264.71	0.00	1.06
499.82	0.04	3.88
837.21	0.00	1.90
264.61	0.04	1.89
500.00	0.00	0.47
837.21	0.00	0.92
264.71	0.00	2.26
500.00	0.00	0.94
755.18	9.80	2.66
264.53	0.06	3.71
500.00	0.00	0.92
836.91	0.04	4.30
264.71	0.00	0.94
500.00	0.00	0.94
834.58	0.31	0.61
260.89	1.44	2.26
499.82	0.04	2.05
837.21	0.00	0.49
264.53	0.06	2.10
499.82	0.04	2.49
837.21	0.00	0.99
264.71	0.00	1.80
500.00	0.00	1.80
755.18	9.80	2.14
264.71	0.00	0.90
500.00	0.00	0.97
836.91	0.04	1.48
264.61	0.04	3.10
500.00	0.00	2.00
837.21	0.00	0.96
264.61	0.04	3.51
499.82	0.04	3.44
837.21	0.00	1.01
264.71	0.00	1.45
500.00	0.00	1.03
836.67	0.06	1.98
264.70	0.00	1.94
500.00	0.00	2.62
836.67	0.06	3.48
264.71	0.00	1.46
499.82	0.04	4.82
835.50	0.20	1.56
264.69	0.00	2.03
499.82	0.04	2.88
837.21	0.00	0.91
264.71	0.00	1.04
500.00	0.00	2.55
754.91	9.83	5.93
264.71	0.00	1.00
499.82	0.04	2.59
836.91	0.04	2.03
264.53	0.06	3.08
500.00	0.00	1.41
825.12	1.44	2.22
264.71	0.00	1.54
499.99	0.00	1.38
837.21	0.00	2.76
264.71	0.00	1.81
499.99	0.00	0.93
837.21	0.00	1.36
264.71	0.00	1.47
500.00	0.00	0.45
836.91	0.04	2.37
264.71	0.00	1.36
500.00	0.00	0.45
837.21	0.00	0.46
264.71	0.00	2.11
497.52	0.50	2.23
836.67	0.06	3.42
264.70	0.00	0.97
500.00	0.00	0.96
752.90	10.07	2.65
264.71	0.00	0.92
499.82	0.04	1.94
837.21	0.00	0.48
264.71	0.00	1.46
500.00	0.00	1.93
836.91	0.04	2.39
264.61	0.04	3.53
499.82	0.04	1.99
837.21	0.00	0.94
260.88	1.44	3.49
500.00	0.00	1.54
752.42	10.13	4.42
264.61	0.04	3.16
499.82	0.04	3.58
837.21	0.00	1.53
264.61	0.04	4.58
499.82	0.04	3.09
837.21	0.00	1.01
260.89	1.44	2.16
498.98	0.20	0.57
836.67	0.06	1.02
264.61	0.04	3.28
499.82	0.04	2.25
836.91	0.04	2.53
264.71	0.00	2.03
500.00	0.00	1.48
837.21	0.00	1.42
264.71	0.00	2.32
500.00	0.00	1.35
755.18	9.80	2.64
264.61	0.04	3.00
449.65	10.07	2.73
837.21	0.00	1.80
264.53	0.06	1.49
500.00	0.00	1.50
837.21	0.00	1.42
254.66	3.79	0.89
499.82	0.04	4.53
836.91	0.04	2.10
264.53	0.06	2.40
499.82	0.04	4.69
836.67	0.06	3.11
264.71	0.00	3.01
500.00	0.00	3.24
755.18	9.80	2.14
264.71	0.00	2.51
500.00	0.00	1.49
837.21	0.00	1.92
264.61	0.04	1.08
497.55	0.49	1.99
836.91	0.04	1.48
264.71	0.00	0.45
451.01	9.80	1.66
837.21	0.00	0.90
237.90	10.13	5.51
499.82	0.04	2.38
836.67	0.06	2.68
264.61	0.04	4.70
500.00	0.00	1.52
836.91	0.04	2.56
264.71	0.00	1.98
499.98	0.00	1.03
837.21	0.00	0.96
264.71	0.00	3.06
500.00	0.00	1.09
837.21	0.00	2.42
264.61	0.04	2.51
499.82	0.04	2.54
837.21	0.00	1.46
264.60	0.04	3.25
499.65	0.07	2.54
837.21	0.00	2.89
264.61	0.04	2.55
500.00	0.00	0.93
836.67	0.06	1.50
264.71	0.00	1.57
500.00	0.00	2.04
836.91	0.04	2.98
238.69	9.83	4.58
497.54	0.49	2.11
836.91	0.04	1.99
264.61	0.04	3.56
450.85	9.83	4.92
837.21	0.00	1.91
264.71	0.00	1.47
500.00	0.00	2.05
837.21	0.00	1.97
264.53	0.07	2.90
500.00	0.00	0.98
837.21	0.00	0.95
264.53	0.06	3.57
499.68	0.06	1.99
837.21	0.00	1.42
264.61	0.04	2.53
500.00	0.00	2.42
837.21	0.00	1.00
264.61	0.04	3.53
499.82	0.04	1.56
837.21	0.00	0.97
264.71	0.00	1.51
500.00	0.00	0.97
836.91	0.04	2.39
264.53	0.06	2.46
499.82	0.04	2.42
837.21	0.00	1.35
264.70	0.00	1.38
500.00	0.00	3.01
833.10	0.49	2.62
264.71	0.00	0.90
499.82	0.04	3.27
837.21	0.00	0.47
264.71	0.00	0.47
500.00	0.00	1.85
837.21	0.00	0.48
264.71	0.00	1.51
500.00	0.00	2.33
837.20	0.00	0.96
264.61	0.04	2.33
499.82	0.04	3.73
836.67	0.06	2.16
264.61	0.04	3.17
497.54	0.49	3.52
837.21	0.00	1.50
264.53	0.06	1.69
500.00	0.00	1.00
836.91	0.04	3.39
264.53	0.06	0.99
500.00	0.00	0.90
837.21	0.00	0.46
