0.00	100.00	0.00
1736.06	21.19	58.87
2019.17	0.00	11.99
1835.61	0.00	101.58
183.27	90.02	94.68
183.56	0.00	49.28
0.00	100.00	0.00
204.55	0.00	44.21
2250.00	0.00	8.12
2045.45	9.09	49.67
2045.45	0.00	84.40
2250.00	0.00	4.06
3267.97	0.00	30.26
3594.77	0.00	29.69
3594.77	0.00	6.94
326.80	0.00	33.45
0.00	100.00	0.00
0.00	100.00	0.00
1123.60	0.00	12.19
2247.19	0.00	10.84
1123.60	0.00	12.19
2247.19	0.00	4.07
2247.19	0.00	4.06
2247.19	0.00	19.87
1486.37	0.00	6.26
1480.74	0.38	6.09
1479.66	0.45	9.16
2869.39	3.48	17.42
1486.37	0.00	14.84
2972.75	0.00	12.45
1990.23	0.00	110.34
1733.07	0.00	194.31
257.16	0.00	274.78
256.75	0.00	338.43
1988.51	0.00	128.44
2246.98	0.00	37.48
299.55	0.00	27.85
3295.06	0.00	7.30
2995.51	9.09	61.96
0.00	100.00	0.00
3281.40	0.41	6.01
298.20	0.45	33.43
1772.62	0.00	46.88
196.96	0.00	76.25
2163.50	0.14	14.56
2163.07	0.16	4.32
1772.62	0.00	42.03
196.96	0.00	66.23
0.00	100.00	0.00
0.00	100.00	0.00
3594.77	0.00	9.15
3267.97	0.00	2.94
3267.97	9.09	28.67
326.79	0.00	33.87
0.00	100.00	0.00
2848.02	0.00	11.40
2589.18	9.09	35.11
258.92	0.00	35.11
0.00	100.00	0.00
2844.10	0.14	10.03
2255.81	3.58	87.64
2747.76	0.00	34.78
1148.97	0.00	132.04
1591.69	0.16	107.85
407.51	0.00	101.66
406.86	0.00	101.69
1453.97	0.00	121.96
2198.54	0.00	34.26
2121.79	3.48	45.23
1091.03	36.73	159.09
199.20	0.00	266.83
743.93	0.00	156.28
0.00	100.00	0.00
0.00	100.00	0.00
3000.00	0.00	37.89
0.00	100.00	0.00
0.00	100.00	0.00
3000.00	0.00	33.38
2072.26	0.00	32.39
3539.66	0.00	36.61
1472.30	0.00	21.40
3542.16	0.00	20.57
752.35	0.00	79.14
2789.81	0.00	47.72
3601.87	0.00	11.96
1200.62	0.00	69.55
3573.28	0.00	24.73
1191.09	0.00	79.15
3582.81	0.00	27.82
1191.09	0.00	62.86
1504.85	0.68	21.58
0.00	100.00	0.00
0.00	100.00	0.00
137.74	0.00	59.85
1512.73	0.16	131.08
1515.15	0.00	65.66
0.00	100.00	0.00
0.00	100.00	0.00
2250.00	0.00	45.56
2250.00	0.00	7.67
0.00	100.00	0.00
2250.00	0.00	3.61
2945.65	7.30	192.12
290.20	0.00	310.60
1448.31	0.00	43.41
1791.35	43.80	264.05
289.30	0.16	245.26
1094.26	32.26	217.45
400.00	0.00	23.01
7964.60	0.00	3.06
0.00	100.00	0.00
7951.86	0.16	1.59
0.00	100.00	0.00
4000.00	9.09	23.05
0.00	100.00	0.00
0.00	100.00	0.00
2039.89	0.00	89.03
2243.88	0.00	50.66
0.00	100.00	0.00
0.00	100.00	0.00
2129.95	0.00	53.78
193.63	0.00	46.61
0.00	100.00	0.00
0.00	100.00	0.00
0.00	100.00	0.00
1936.32	0.00	51.75
0.00	100.00	0.00
2343.68	9.09	75.24
0.00	100.00	0.00
0.00	100.00	0.00
2578.12	0.00	10.80
2471.84	4.12	15.68
1854.42	0.00	77.44
957.92	5.42	124.05
1355.41	0.00	96.69
1867.59	0.00	20.22
1935.94	0.00	93.07
514.66	0.00	170.56
1181.76	0.00	70.77
641.36	0.14	110.25
1942.20	0.00	19.54
1287.60	0.16	62.83
755.30	0.00	41.32
1921.64	0.00	48.76
2563.63	0.00	43.18
446.31	0.00	105.82
3009.94	0.00	19.30
446.31	0.00	69.60
3013.51	0.00	10.20
2180.43	0.38	53.82
214.32	0.00	46.21
1046.17	11.25	54.76
0.00	100.00	0.00
2357.56	0.00	7.79
1136.56	51.79	59.57
2135.12	9.44	42.73
2097.90	0.00	9.55
2094.55	0.16	13.44
2097.90	0.00	7.74
2097.90	0.00	8.19
2097.90	0.00	4.32
2089.95	0.38	8.37
826.49	0.00	58.23
1462.25	0.00	46.34
791.11	0.45	44.77
2415.89	0.00	39.51
826.49	0.00	36.33
793.43	0.16	71.39
1035.73	0.00	139.80
1011.45	0.00	136.60
1035.73	0.00	116.56
1026.20	0.14	100.55
1018.12	0.14	108.86
1027.64	0.00	142.11
2824.66	0.14	39.25
0.00	100.00	0.00
3099.70	0.38	35.56
1555.75	0.00	8.98
3111.50	0.00	3.06
282.86	0.00	31.09
409.52	3.48	281.88
3198.31	0.00	92.20
2774.60	0.00	69.47
830.87	0.00	112.92
2856.68	0.00	123.46
408.79	3.48	232.05
0.00	100.00	0.00
3000.00	0.00	37.89
0.00	100.00	0.00
2629.59	3.58	36.49
0.00	100.00	0.00
3000.00	0.00	33.38
2445.75	0.00	36.66
2437.99	0.45	23.40
2449.05	0.00	29.22
1934.33	0.00	42.57
515.55	0.00	68.57
2445.75	0.00	21.85
2327.08	0.00	51.57
231.66	0.45	43.37
0.00	100.00	0.00
232.71	0.00	68.88
0.00	100.00	0.00
2019.37	27.69	85.67
3000.00	0.00	9.56
2989.83	0.00	18.22
2369.49	0.00	32.31
3010.17	0.00	9.81
2974.58	0.00	38.07
640.68	0.00	42.07
0.00	100.00	0.00
681.82	0.00	18.08
0.00	100.00	0.00
1363.64	0.00	143.10
1363.64	0.00	60.00
1291.75	5.27	7.20
2138.95	3.80	42.05
2249.45	0.00	26.48
216.29	0.00	116.39
250.90	0.00	85.10
249.95	0.38	155.57
1548.66	0.00	69.98
2267.00	0.00	47.81
226.70	0.00	37.73
2404.39	3.58	10.05
2490.20	0.14	3.78
2493.70	0.00	7.82
0.00	100.00	0.00
256.45	0.00	35.41
2820.91	0.00	3.33
1410.41	0.00	9.56
0.00	100.00	0.00
2560.36	9.24	38.96
2820.91	0.00	6.66
3027.60	0.00	18.28
2980.29	0.00	48.56
1478.32	0.00	86.16
3003.94	0.00	17.32
1501.97	0.00	73.26
2980.29	0.00	44.98
0.00	100.00	0.00
0.00	100.00	0.00
0.00	100.00	0.00
2535.21	0.00	43.03
2535.21	0.00	7.31
2304.74	0.00	75.92
561.09	0.23	152.65
557.92	0.00	188.46
1679.99	0.16	78.03
1691.61	0.00	24.63
1687.14	0.00	47.07
542.83	3.48	156.08
0.00	100.00	0.00
2107.36	4.76	41.37
2318.09	0.00	46.89
210.74	0.00	38.98
1159.01	0.00	50.89
1157.42	50.07	47.75
1790.18	0.00	45.11
1802.85	0.00	12.39
1809.19	0.00	12.74
1413.13	0.00	45.01
396.06	0.00	55.03
1790.18	0.00	31.04
2371.54	0.00	3.87
2367.75	0.16	15.98
2371.54	0.00	8.20
2371.54	0.00	3.87
2355.68	0.67	11.99
2371.47	0.00	9.71
2974.29	0.00	47.91
1276.63	0.00	64.44
1856.92	3.48	34.72
3095.18	0.00	45.00
3095.18	0.00	28.19
651.34	0.00	75.33
1535.11	0.26	73.92
586.92	0.00	101.77
962.55	0.00	88.74
1878.15	0.00	15.06
1278.18	0.00	80.72
328.68	0.00	80.24
0.00	100.00	0.00
2806.65	18.18	55.90
0.00	100.00	0.00
3430.35	0.00	6.16
311.85	0.00	26.49
3118.41	0.00	35.07
0.00	100.00	0.00
3266.79	0.00	7.46
1633.39	0.00	13.11
1633.39	0.00	11.30
3266.79	0.00	33.89
1633.39	0.00	5.42
4316.83	0.00	9.87
754.25	0.00	71.75
2068.48	0.00	67.05
2221.97	0.00	48.25
4290.45	0.00	9.46
4313.23	0.00	9.57
604.73	3.48	75.56
1979.78	0.00	57.37
2004.84	0.00	49.05
626.51	0.00	99.27
2029.91	0.00	30.34
751.82	0.00	77.06
880.35	0.00	104.95
873.37	0.00	90.13
1753.72	0.00	70.36
1746.73	0.00	54.82
872.14	0.14	111.66
1767.69	0.00	23.88
1346.94	0.00	89.60
394.55	0.00	131.38
341.44	3.48	122.13
340.14	0.00	102.63
1727.89	0.00	16.43
340.14	0.00	155.94
4500.00	0.00	14.79
3540.61	0.00	25.59
4500.00	0.00	6.39
951.78	0.00	32.93
4500.00	0.00	6.30
4492.39	0.00	12.04
357.14	0.00	145.96
1298.23	4.24	95.89
1307.10	3.58	81.67
1356.22	0.00	47.57
2410.05	0.00	94.93
1407.41	0.26	30.66
0.00	100.00	0.00
2148.18	0.23	52.92
0.00	100.00	0.00
1957.37	0.00	88.39
0.00	100.00	0.00
2153.05	0.00	12.70
1762.76	27.69	98.21
203.14	0.00	49.34
203.14	66.67	51.13
196.07	91.23	102.00
2031.37	0.00	49.40
2031.37	0.00	4.45
0.00	100.00	0.00
1693.32	0.00	20.77
1623.51	4.12	77.41
1693.32	0.00	5.25
1693.32	0.00	64.85
0.00	100.00	0.00
539.47	0.00	62.29
597.27	0.00	36.62
2890.02	0.00	9.45
1811.08	0.00	57.02
1868.88	0.00	51.19
479.84	0.38	89.76
2754.17	0.00	35.56
1382.62	0.00	53.55
2752.74	0.45	25.60
1382.62	0.00	20.46
1382.62	0.00	23.16
1382.62	0.00	47.52
0.00	100.00	0.00
0.00	100.00	0.00
0.00	100.00	0.00
2000.00	0.00	50.07
2000.00	0.00	95.18
2000.00	0.00	9.02
263.16	0.00	34.57
2894.74	0.00	11.22
2894.74	0.00	9.87
2627.89	0.14	73.97
0.00	100.00	0.00
263.16	0.00	31.31
0.00	100.00	0.00
2486.19	0.00	80.64
0.00	100.00	0.00
2486.19	0.00	8.34
2486.19	0.00	7.43
2482.70	0.14	16.35
0.00	100.00	0.00
2517.48	9.09	39.47
1384.57	0.00	12.67
251.75	0.00	35.19
0.00	100.00	0.00
2769.23	0.00	3.38
3834.89	0.00	2.57
2396.80	9.09	37.74
239.68	0.00	37.95
2396.80	0.00	10.89
0.00	100.00	0.00
0.00	100.00	0.00
676.14	3.48	152.56
1412.20	0.00	64.37
706.10	0.00	130.30
700.50	0.00	120.05
1412.20	0.00	51.89
676.14	3.48	117.81
1184.99	0.00	9.23
1777.49	0.00	7.31
1777.48	0.00	7.72
1136.14	4.12	12.49
3554.97	0.00	5.55
1183.09	0.16	7.43
2973.67	4.24	14.45
2070.16	0.00	10.61
1552.62	0.00	8.78
1552.62	0.00	5.68
15008.62	0.00	0.99
2070.16	0.00	5.92
2309.92	0.16	10.09
0.00	100.00	0.00
2313.62	0.00	9.23
2313.62	0.00	40.99
0.00	100.00	0.00
1156.81	0.00	7.02
9656.65	0.00	1.29
1931.27	0.00	5.14
3862.66	0.00	7.30
1928.62	0.14	8.42
1931.33	0.00	7.09
1931.33	0.00	4.66
2269.70	0.00	33.57
1258.98	0.00	71.05
443.30	0.00	122.87
2269.70	0.00	25.26
1826.40	0.00	67.57
461.03	0.00	90.70
0.00	100.00	0.00
0.00	100.00	0.00
0.00	100.00	0.00
2571.43	0.00	40.17
0.00	100.00	0.00
2571.43	0.00	4.06
1809.33	0.00	133.09
2485.32	0.00	48.05
673.43	0.38	74.61
368.97	0.00	129.78
2106.76	0.45	41.97
2485.32	0.00	30.87
2092.35	0.41	43.40
1046.31	0.00	96.43
2109.43	0.00	18.78
1063.09	0.00	33.10
1044.67	0.16	78.65
2084.32	0.00	57.95
512.31	0.00	136.59
931.06	0.00	34.70
1962.65	0.00	45.79
2909.09	0.00	13.26
2893.39	0.00	12.84
2399.56	0.14	59.32
0.00	100.00	0.00
1985.88	0.00	51.54
2181.40	0.14	50.31
2184.47	0.00	14.87
2184.47	0.00	8.44
198.59	0.00	41.79
2405.62	0.00	31.72
951.06	0.00	107.48
1044.30	0.00	83.22
466.21	0.00	132.19
2368.25	0.00	43.00
969.71	0.00	85.43
654.43	0.00	93.40
785.32	0.00	67.36
1915.39	3.72	29.54
2015.65	0.00	14.97
759.14	0.00	77.85
1177.98	0.00	63.61
1500.00	0.00	14.89
0.00	100.00	0.00
3000.00	0.00	34.96
3000.00	0.00	8.57
0.00	100.00	0.00
1447.85	3.48	25.12
18000.00	0.00	3.02
3176.47	0.00	8.35
2941.18	0.00	13.53
2941.18	0.00	13.98
2941.18	0.00	13.53
2941.18	0.00	17.59
1042.87	0.00	85.53
1041.41	0.14	52.41
1042.87	0.00	15.13
1042.87	0.00	56.40
1042.87	50.00	47.16
1042.87	66.67	50.88
1446.75	0.00	25.99
1385.18	0.00	33.80
772.50	3.48	45.15
2031.60	0.00	28.43
861.89	0.00	30.43
1385.18	0.00	41.69
0.00	100.00	0.00
3592.81	0.00	53.78
3592.81	0.00	2.71
0.00	100.00	0.00
0.00	100.00	0.00
2834.29	21.11	30.47
1891.90	0.14	12.88
1722.32	0.00	49.04
1894.56	0.00	4.74
166.24	3.48	54.92
1894.56	0.00	52.45
0.00	100.00	0.00
3000.00	0.00	3.19
272.73	0.00	39.86
3000.00	0.00	39.91
2727.27	9.09	40.70
0.00	100.00	0.00
0.00	100.00	0.00
0.00	100.00	0.00
2396.80	0.00	80.63
0.00	100.00	0.00
2396.80	0.00	51.72
2396.80	0.00	3.84
1198.40	0.00	7.23
0.00	100.00	0.00
2571.43	0.00	5.41
5142.86	0.00	4.06
3600.00	0.00	27.97
3600.00	0.00	2.71
2571.43	0.00	3.61
2537.81	0.00	9.60
2537.81	0.00	9.60
230.71	0.00	39.26
2537.81	0.00	43.93
0.00	100.00	0.00
0.00	100.00	0.00
550.45	0.00	177.59
280.41	0.14	147.75
1595.08	0.67	73.10
1600.18	0.38	44.44
1009.39	3.58	169.57
1324.23	0.16	105.30
1530.41	0.00	145.64
3283.45	0.38	138.21
1520.27	0.00	291.41
1775.68	45.11	469.25
3295.95	0.00	47.51
3295.95	0.00	47.51
1640.87	13.90	83.84
2714.61	0.00	23.30
1057.85	0.00	35.32
1656.76	0.00	90.50
751.20	0.00	106.13
259.32	0.00	90.40
1973.25	0.00	46.72
3241.27	0.00	34.93
753.66	3.58	80.28
781.66	0.00	71.40
1552.89	0.00	16.07
434.25	0.00	91.91
1154.51	3.48	294.71
1196.56	0.00	246.66
1204.29	0.00	228.50
1196.17	0.00	230.95
2400.46	0.00	74.40
2400.39	0.00	74.85
2057.71	0.00	40.01
2641.40	0.16	40.74
733.87	0.14	76.63
3964.92	0.00	8.63
734.90	0.00	59.51
2639.75	0.00	38.91
2365.31	0.00	3.88
0.00	100.00	0.00
1182.65	0.00	15.19
2361.99	0.14	85.20
2267.80	4.12	17.45
2365.31	0.00	8.05
1028.29	0.68	144.45
1033.68	0.00	130.92
1012.46	2.05	148.68
1068.41	0.00	131.43
2072.31	0.00	26.72
1036.98	0.00	134.22
2370.60	0.00	68.70
1659.42	0.00	16.09
0.00	100.00	0.00
1659.42	0.00	8.49
237.06	0.00	79.92
0.00	100.00	0.00
2684.08	9.09	66.92
0.00	100.00	0.00
268.42	0.00	30.70
2684.16	9.09	66.48
267.30	0.41	34.15
0.00	100.00	0.00
1553.17	0.00	99.56
1677.42	0.00	65.17
646.98	0.14	129.28
554.70	0.00	163.87
572.45	0.00	144.69
572.45	0.00	140.32
2246.45	0.14	37.89
2249.61	0.00	30.26
1467.00	0.00	92.58
390.99	0.00	184.50
392.87	0.00	81.26
1857.99	0.00	81.45
2234.26	0.00	29.10
511.23	0.00	105.53
492.29	0.00	89.51
1306.47	0.00	67.62
1795.89	0.16	55.31
821.53	3.58	77.69
0.00	100.00	0.00
0.00	100.00	0.00
0.00	100.00	0.00
1945.95	0.00	50.97
0.00	100.00	0.00
1766.21	0.16	150.01
2764.98	0.00	8.58
1334.42	3.48	45.37
1382.49	0.00	6.09
1380.28	0.16	9.94
1382.49	0.00	39.28
1380.55	0.14	13.67
1027.40	0.00	50.24
2054.79	0.00	8.58
2051.51	0.16	17.30
1027.40	0.00	67.52
2054.79	0.00	4.18
1027.40	0.00	12.53
1437.87	4.24	145.62
1501.59	0.00	65.37
1501.84	0.00	116.79
261.18	0.00	289.32
1763.02	0.00	45.10
1763.02	0.00	21.92
0.00	100.00	0.00
0.00	100.00	0.00
0.00	100.00	0.00
0.00	100.00	0.00
1800.00	0.00	9.47
1800.00	0.00	56.41
931.68	0.00	48.72
1677.02	0.00	26.82
931.68	0.00	48.27
968.94	0.00	22.99
3577.64	0.00	14.68
931.68	0.00	30.67
554.70	37.17	583.27
883.05	0.00	120.38
552.39	37.44	529.49
1062.84	30.27	325.48
2176.27	0.00	37.96
2225.22	0.16	111.15
1105.44	0.00	85.25
2102.64	5.27	23.09
2228.43	0.00	20.07
1103.67	0.16	77.54
1096.63	0.00	94.13
1096.67	0.00	70.26
3101.44	0.00	3.03
1938.40	0.00	11.95
1548.55	0.14	9.91
1858.49	4.12	17.46
1550.72	0.00	5.60
1938.40	0.00	9.33
2244.41	0.00	110.54
1496.27	0.00	265.87
2237.42	0.00	255.33
2244.41	0.00	82.66
2244.41	0.00	140.35
748.14	0.00	512.26
233.46	0.00	72.72
0.00	100.00	0.00
233.46	0.00	74.53
2101.17	18.18	41.05
2568.09	0.00	38.80
2334.63	0.00	47.38
2310.93	0.00	39.51
1109.64	3.58	86.35
1160.07	0.00	56.45
2301.72	0.00	44.06
2320.13	0.00	16.95
2310.93	0.00	17.01
2860.86	0.00	14.59
0.00	100.00	0.00
2860.86	0.00	14.60
2860.86	0.00	7.03
260.08	0.00	31.56
2336.96	0.16	64.53
0.00	100.00	0.00
1948.05	0.00	4.62
1945.32	0.14	48.84
1948.05	0.00	52.83
0.00	100.00	0.00
0.00	100.00	0.00
0.00	100.00	0.00
0.00	100.00	0.00
0.00	100.00	0.00
2734.49	0.14	73.33
912.78	0.00	18.69
0.00	100.00	0.00
1783.11	3.80	18.21
1853.59	0.00	61.37
0.00	100.00	0.00
1678.09	0.41	52.84
1685.08	0.00	5.27
0.00	100.00	0.00
2220.96	9.47	44.74
0.00	100.00	0.00
0.00	100.00	0.00
0.00	100.00	0.00
223.02	0.00	78.70
2453.23	0.00	7.52
2135.80	0.00	50.50
2061.54	3.48	46.10
1148.28	0.00	59.21
574.14	0.00	71.22
1582.09	0.16	48.55
583.33	0.00	35.00
18000.00	0.00	0.45
0.00	100.00	0.00
18000.00	0.00	0.45
0.00	100.00	0.00
0.00	100.00	0.00
0.00	100.00	0.00
3812.84	0.00	83.18
438.54	0.00	251.67
3812.72	0.00	95.81
3812.83	0.00	87.71
433.95	0.41	129.82
4248.61	0.00	13.31
450.28	0.00	115.31
2737.77	0.00	22.70
2265.98	13.28	48.19
1474.35	0.00	51.31
2671.17	0.00	9.98
2254.88	0.00	11.56
2593.65	0.00	36.10
921.04	0.00	91.38
921.04	0.00	79.98
1878.92	0.00	20.46
1665.24	0.00	69.13
2497.07	3.72	30.52
1241.38	0.00	12.97
2478.79	0.16	43.54
2482.76	0.00	8.68
0.00	100.00	0.00
2396.43	3.48	16.07
2482.76	0.00	7.39
1018.30	0.00	93.66
2044.68	0.00	53.89
1980.03	0.00	78.15
2020.44	0.00	21.32
975.09	3.48	104.80
2044.68	0.00	21.73
0.00	100.00	0.00
3578.53	0.00	6.81
3578.53	0.00	31.59
3140.09	12.25	36.03
0.00	100.00	0.00
324.09	0.38	25.66
735.60	3.48	302.69
913.50	0.00	222.31
761.86	0.00	262.70
880.25	0.45	109.53
882.34	0.16	263.95
786.48	0.00	113.47
0.00	100.00	0.00
0.00	100.00	0.00
0.00	100.00	0.00
2564.10	0.00	46.82
2564.10	0.00	8.82
1282.05	0.00	7.24
764.43	0.00	72.85
1371.58	0.00	55.89
761.99	0.00	86.61
2872.39	0.00	13.64
2872.39	0.00	13.76
2871.17	0.00	26.22
2675.57	1.90	3.77
0.00	100.00	0.00
2727.27	0.00	38.70
2479.34	8.95	107.33
0.00	100.00	0.00
9805.27	3.58	1.66
2178.33	0.16	19.09
1909.62	12.48	96.06
1983.47	9.09	86.95
198.35	0.00	84.69
0.00	100.00	0.00
0.00	100.00	0.00
1383.13	0.41	13.42
0.00	100.00	0.00
2083.33	0.00	6.97
1386.67	0.16	9.47
2080.41	0.14	7.81
2777.78	0.00	35.98
0.00	100.00	0.00
2524.54	0.00	12.87
2524.54	0.00	43.17
0.00	100.00	0.00
1260.50	0.14	13.90
2524.54	0.00	43.17
285.14	0.00	362.36
1951.70	0.00	150.34
1126.78	0.00	37.42
1961.20	0.00	127.09
2245.89	0.00	20.09
1119.11	0.00	36.64
2960.53	0.00	7.29
2960.53	0.00	7.75
2691.39	0.00	35.12
269.14	0.00	30.62
2960.44	0.00	13.37
0.00	100.00	0.00
848.36	0.67	91.07
840.62	0.00	115.89
1678.89	0.14	74.45
847.35	0.00	109.39
1708.15	0.00	24.58
805.01	4.24	93.31
1591.13	0.00	55.73
1578.50	0.00	62.02
1603.71	0.00	40.01
3194.89	0.00	14.17
3157.01	0.00	37.38
1576.29	0.14	33.07
0.00	100.00	0.00
2564.10	0.00	9.50
233.10	0.00	35.29
2331.00	9.09	76.01
0.00	100.00	0.00
2331.00	9.09	47.95
0.00	100.00	0.00
2337.66	0.00	36.27
233.77	0.00	40.60
0.00	100.00	0.00
0.00	100.00	0.00
2571.43	0.00	38.79
4996.21	0.00	2.08
435.48	4.12	23.53
454.20	0.00	21.03
454.20	0.00	21.94
4542.01	0.00	19.39
4087.81	18.18	22.54
483.35	0.00	317.43
478.75	0.16	315.81
1458.49	0.00	72.52
1451.90	0.45	73.95
957.68	0.14	230.16
973.39	0.41	224.59
0.00	100.00	0.00
2257.00	9.22	81.22
0.00	100.00	0.00
226.02	0.00	41.00
2486.19	0.00	14.91
2397.14	3.58	12.54
1805.48	12.25	109.16
1867.53	9.24	103.79
2057.57	0.00	15.37
185.78	0.68	48.53
0.00	100.00	0.00
187.05	0.00	48.39
2958.10	3.48	69.03
3063.02	0.00	15.58
1022.10	0.00	87.79
1023.70	0.00	50.25
4085.12	0.00	12.61
1022.07	0.00	66.28
2246.23	0.41	73.46
759.93	0.00	314.84
2174.65	3.58	138.36
764.85	0.00	262.76
2255.58	0.00	73.76
2158.31	0.00	30.04
380.85	0.38	169.23
2579.72	0.00	79.32
382.20	0.00	136.20
1510.36	0.00	60.02
2579.60	0.00	98.94
1510.33	0.00	41.78
1532.54	0.16	118.39
1561.22	0.00	96.33
780.61	0.00	141.96
2344.33	0.00	21.38
910.50	0.00	70.91
779.51	0.14	122.31
0.00	100.00	0.00
326.80	0.00	31.61
1797.33	0.00	5.00
3267.97	4.76	29.76
3589.73	0.14	27.74
3267.97	0.00	11.22
267.78	0.00	33.94
2677.77	0.00	69.78
2945.55	0.00	3.21
0.00	100.00	0.00
2945.55	0.00	37.19
0.00	100.00	0.00
299.70	0.00	28.33
1795.32	0.16	9.95
1798.20	0.00	30.52
1498.50	28.57	34.63
1735.68	3.48	67.60
0.00	100.00	0.00
1348.04	0.00	13.03
0.00	100.00	0.00
1348.00	0.00	16.64
245.10	0.00	37.21
2602.34	3.48	50.20
0.00	100.00	0.00
488.24	0.00	152.27
1923.34	0.14	84.86
961.10	0.00	149.79
480.55	0.00	199.32
958.49	0.67	75.92
1933.74	0.00	44.00
0.00	100.00	0.00
0.00	100.00	0.00
2000.00	0.00	54.13
0.00	100.00	0.00
0.00	100.00	0.00
0.00	100.00	0.00
1039.26	0.00	12.40
2078.52	0.00	8.49
2078.52	0.00	18.45
1968.95	5.27	5.04
1039.26	0.00	13.30
2075.61	0.14	16.27
294.12	0.00	35.30
0.00	100.00	0.00
0.00	100.00	0.00
2941.18	0.00	6.43
2647.06	10.00	71.86
2647.06	0.00	3.52
2337.66	9.09	47.82
0.00	100.00	0.00
0.00	100.00	0.00
2571.43	0.00	11.73
2571.43	0.00	75.33
2571.43	0.00	7.67
3000.00	0.00	10.83
3000.00	0.00	13.53
0.00	100.00	0.00
2727.27	9.09	36.99
3000.00	0.00	3.16
272.73	0.00	32.03
3494.80	0.00	46.50
928.11	0.00	92.94
873.89	3.58	100.92
873.89	3.58	113.68
2777.07	0.00	41.88
963.01	0.14	91.73
1477.61	0.00	8.69
2955.22	0.00	3.20
0.00	100.00	0.00
1477.61	0.00	40.80
1477.61	0.00	39.82
268.66	0.00	35.41
0.00	100.00	0.00
1307.19	0.00	6.66
0.00	100.00	0.00
0.00	100.00	0.00
2614.38	0.00	43.48
1307.19	0.00	15.48
1634.67	0.00	41.10
2360.67	0.14	42.21
653.87	0.00	43.56
653.87	0.00	42.79
628.72	0.00	32.20
653.87	0.00	31.83
0.00	100.00	0.00
0.00	100.00	0.00
3007.85	3.58	38.28
2831.45	9.24	33.85
3119.58	0.00	3.03
283.14	0.16	31.40
808.23	0.00	65.10
2327.71	0.00	21.07
2182.00	3.58	34.20
2360.04	0.00	28.16
808.23	0.00	63.40
808.23	0.00	46.81
1589.74	0.00	28.74
1487.18	0.00	41.22
1487.18	0.00	42.39
2564.10	0.00	29.77
1282.05	0.00	29.32
1282.05	0.00	38.79
0.00	100.00	0.00
1406.25	50.00	41.77
2556.82	4.76	37.53
0.00	100.00	0.00
1406.25	0.00	12.45
0.00	100.00	0.00
1094.89	0.00	44.21
1094.89	0.00	57.74
1138.69	0.00	46.85
1138.69	0.00	37.74
2233.58	0.00	12.83
2277.37	0.00	13.88
1141.41	0.00	16.59
2282.82	0.00	12.08
1141.41	0.00	15.68
1141.41	0.00	11.17
2201.06	3.58	12.52
1141.41	0.00	11.17
634.78	0.00	77.94
2927.87	0.00	28.57
1215.43	0.00	74.31
1215.43	0.00	68.83
2111.32	3.58	58.64
2839.30	0.00	11.84
1704.49	0.00	41.11
680.73	0.16	49.92
1180.07	0.00	37.33
681.82	0.00	33.37
2250.33	3.58	32.47
655.59	0.00	47.04
0.00	100.00	0.00
2192.34	0.16	51.81
2195.85	0.00	12.45
192.68	3.48	42.96
0.00	100.00	0.00
199.62	90.00	49.96
1889.39	3.58	130.55
2410.36	0.00	62.21
1077.80	0.00	106.24
225.58	0.00	158.51
225.94	0.00	141.57
1105.91	0.00	119.66
1716.23	0.00	73.71
364.23	0.00	91.21
1063.54	0.00	85.21
1005.26	0.00	82.47
2081.04	0.00	28.78
2081.04	0.00	14.07
1284.80	0.00	10.38
1284.80	0.00	13.99
1284.80	0.00	18.50
1284.80	0.00	15.79
2569.59	0.00	7.45
2569.59	0.00	3.61
3859.94	0.00	26.58
1963.83	0.00	15.49
3844.90	0.00	8.86
675.03	0.00	45.53
1876.76	0.00	15.24
3165.56	0.00	41.54
0.00	100.00	0.00
2337.66	9.09	42.40
0.00	100.00	0.00
233.77	0.00	35.19
2571.43	0.00	7.22
2571.43	0.00	3.61
0.00	100.00	0.00
3228.12	9.09	32.03
3550.93	0.00	6.86
3550.93	0.00	5.68
311.59	3.48	32.49
0.00	100.00	0.00
175.20	0.00	51.92
0.00	100.00	0.00
1927.19	0.00	21.52
1752.00	9.09	58.76
1919.21	0.41	16.92
1927.19	0.00	13.99
1175.01	3.48	212.32
1217.35	0.00	156.57
1217.30	0.00	311.37
1217.34	0.00	306.08
1217.34	0.00	263.26
1215.63	0.14	288.14
1067.51	0.00	71.38
2305.83	0.00	15.06
2263.13	0.00	15.77
2220.43	0.00	30.19
1152.92	0.00	39.78
1110.21	0.00	54.31
312.28	0.00	73.28
2810.55	0.00	78.08
0.00	100.00	0.00
0.00	100.00	0.00
3435.11	0.00	32.08
312.28	0.00	56.17
230.50	2.68	448.93
2181.81	0.00	61.50
2181.81	0.00	46.45
1976.74	0.00	199.29
198.46	0.00	267.92
1750.06	19.66	232.11
1662.40	0.00	39.97
1598.47	0.00	35.70
3260.87	0.00	22.59
1598.47	0.00	25.76
1662.40	0.00	19.58
3260.87	0.00	9.96
1914.55	0.00	256.85
1060.91	0.00	135.07
213.92	0.00	626.39
1841.75	3.80	222.52
2120.40	0.38	59.39
1060.94	0.00	54.93
1869.23	0.00	27.15
3669.23	0.00	9.36
1730.77	0.00	36.99
1800.00	0.00	16.92
3600.00	0.00	9.54
1730.77	0.00	26.16
970.52	0.00	209.13
1873.06	3.48	170.47
1940.91	0.00	35.22
970.48	0.00	182.06
970.42	0.00	186.24
970.39	0.00	224.25
2020.41	0.00	16.12
2020.41	0.00	8.98
1836.73	0.00	13.44
183.67	0.00	95.18
0.00	100.00	0.00
1836.73	9.09	51.83
2580.65	0.00	39.75
2580.65	9.09	41.77
0.00	100.00	0.00
2838.71	0.00	3.27
2834.17	0.16	8.06
258.06	0.00	66.76
2801.81	0.00	24.97
1187.37	0.00	42.85
1623.83	0.00	52.25
596.03	0.00	65.83
1149.82	0.00	78.62
2104.15	3.58	56.26
1479.39	0.00	42.94
751.72	0.00	55.94
2826.48	0.00	19.68
751.72	0.00	63.61
2826.48	0.00	24.16
2098.75	0.00	37.16
2904.71	0.00	27.69
620.02	0.00	43.96
2188.83	3.58	46.81
2294.55	0.00	38.03
610.25	0.00	64.96
2904.80	0.00	10.05
2727.27	9.09	42.13
272.73	0.00	41.95
2727.27	9.09	33.38
0.00	100.00	0.00
2727.27	0.00	3.43
0.00	100.00	0.00
3563.17	0.00	81.26
548.80	0.00	133.32
3808.36	3.48	113.01
457.89	0.41	118.38
459.79	0.00	101.80
4022.88	0.00	12.82
0.00	100.00	0.00
1997.78	0.00	37.93
1997.78	0.00	12.19
0.00	100.00	0.00
0.00	100.00	0.00
1997.78	0.00	63.23
0.00	100.00	0.00
0.00	100.00	0.00
4084.16	0.00	24.82
3341.48	0.00	28.45
370.69	0.16	20.85
371.29	0.00	20.36
580.28	0.16	88.75
581.21	0.00	62.48
1720.37	0.00	38.29
1790.12	0.00	15.20
581.21	0.00	83.34
1766.87	0.00	15.72
2960.44	0.00	14.16
2960.53	0.00	37.95
0.00	100.00	0.00
2960.53	0.00	3.19
2960.53	0.00	6.39
0.00	100.00	0.00
770.74	0.00	74.66
2916.94	0.00	39.99
768.29	0.00	111.10
2174.55	0.00	56.09
768.29	0.00	133.24
768.29	0.00	103.36
950.96	0.00	124.80
950.96	0.00	125.57
1819.89	4.24	87.86
1904.97	0.00	24.67
950.96	0.00	131.17
950.96	0.00	130.15
2571.43	0.00	48.94
1285.71	0.00	6.77
2571.43	0.00	3.61
0.00	100.00	0.00
0.00	100.00	0.00
1285.71	0.00	6.77
1384.00	3.58	18.07
260.98	0.00	31.56
0.00	100.00	0.00
2609.83	4.76	33.58
2870.81	0.00	34.84
1384.00	3.58	11.27
842.70	0.00	24.28
3356.82	0.41	7.26
1685.39	0.00	5.27
842.70	0.00	20.06
813.40	3.48	10.81
1626.79	3.48	29.41
2304.69	0.00	34.98
1816.41	0.00	55.66
2300.78	0.00	38.58
488.28	0.00	74.43
1835.94	0.00	13.56
2316.41	0.00	11.51
0.00	100.00	0.00
320.80	0.00	54.24
3207.98	9.09	84.20
0.00	100.00	0.00
320.80	0.00	26.21
0.00	100.00	0.00
0.00	100.00	0.00
2256.49	9.09	40.72
225.65	0.00	72.88
2482.14	0.00	43.88
2252.88	0.16	41.24
0.00	100.00	0.00
2760.55	0.16	3.51
2764.98	0.00	3.39
2764.98	0.00	6.32
2764.98	0.00	8.93
2764.98	0.00	3.39
2761.10	0.14	6.90
1690.24	0.00	63.50
1203.06	0.14	76.00
845.12	0.00	92.61
485.50	0.00	125.28
467.51	0.00	63.98
809.16	0.00	83.83
2322.58	0.00	11.84
1741.94	0.00	10.83
0.00	100.00	0.00
1741.94	0.00	31.43
2322.58	0.00	3.95
1741.94	25.00	31.28
394.83	83.84	392.67
3199.36	0.00	53.42
3198.91	0.00	16.17
2810.41	0.14	157.02
3088.57	3.48	48.75
365.71	0.00	156.05
3521.87	0.00	19.96
1856.82	3.48	50.21
1479.78	0.00	32.26
739.89	0.00	54.94
769.48	0.00	60.53
2841.17	0.00	27.33
2619.05	0.00	26.64
439.03	0.00	120.22
1135.43	0.00	74.09
2029.66	4.24	60.23
1453.35	0.00	67.28
681.26	0.00	87.98
975.27	0.41	26.35
0.00	100.00	0.00
0.00	100.00	0.00
0.00	100.00	0.00
979.33	0.00	8.74
1958.65	0.00	53.02
2776.30	0.00	35.88
1388.15	0.00	49.21
1604.15	0.38	67.61
4166.67	0.00	11.47
2533.45	0.38	40.10
4115.46	0.00	28.29
1867.22	0.00	36.07
1717.84	0.00	29.96
2912.86	0.00	10.80
932.30	0.14	55.23
1717.84	0.00	23.28
1120.33	0.00	22.83
1052.62	3.95	159.32
1095.87	0.00	136.13
2198.76	0.00	26.00
2195.25	0.00	49.41
1097.63	0.00	153.46
2193.50	0.00	70.75
2666.04	0.16	145.10
2652.28	0.00	133.00
667.60	0.00	241.83
1227.53	0.00	47.75
1259.47	4.12	81.06
3338.04	0.00	20.20
2103.49	0.68	36.01
1001.80	0.14	54.44
1136.97	0.00	33.04
601.92	0.00	55.64
1538.25	0.00	51.55
1092.38	0.00	54.13
0.00	100.00	0.00
1251.04	9.09	39.40
249.86	0.14	39.90
2498.57	0.14	10.62
2752.29	0.00	3.40
2741.86	0.38	40.01
1134.79	0.00	133.16
978.00	0.00	124.31
4662.80	0.00	28.84
1757.93	0.14	78.26
978.00	0.00	136.25
4532.61	0.00	12.72
740.98	0.00	179.97
1410.85	0.00	115.68
2142.10	0.45	44.00
2152.97	0.00	59.22
716.89	0.00	183.71
2151.83	0.00	44.11
697.04	0.00	107.29
1795.25	0.00	64.76
381.09	0.00	77.27
1111.00	0.00	105.38
1488.43	0.00	88.42
2179.97	0.14	39.83
2243.77	9.09	80.48
5484.76	9.09	17.10
224.38	0.00	43.96
2468.14	0.00	40.38
224.38	55.00	57.09
0.00	100.00	0.00
0.00	100.00	0.00
2250.00	0.00	49.31
2250.00	0.00	12.33
0.00	100.00	0.00
2250.00	0.00	4.06
2250.00	0.00	4.06
2236.40	0.00	85.23
389.58	0.00	96.05
2236.40	0.00	26.39
2239.02	0.00	64.42
389.45	0.00	100.14
2625.73	0.00	36.93
2720.27	0.14	104.46
1654.92	0.38	115.12
3075.64	0.00	15.36
351.52	0.00	141.37
1389.00	39.31	187.35
1037.88	68.68	180.73
3249.10	0.00	296.34
9226.60	0.00	132.48
3249.10	0.00	452.14
3249.10	0.00	498.64
9726.47	0.00	125.67
6265.46	3.58	374.26
0.00	100.00	0.00
0.00	100.00	0.00
1997.78	0.00	56.41
0.00	100.00	0.00
1997.78	0.00	4.52
1816.16	0.00	50.13
1634.88	0.00	39.25
0.00	100.00	0.00
1634.88	50.00	33.87
1634.83	0.00	8.13
1634.88	0.00	11.74
1634.88	0.00	8.58
2301.20	0.00	36.55
2531.32	0.00	44.13
2531.32	0.00	12.83
2527.27	0.16	12.85
230.12	0.00	39.35
0.00	100.00	0.00
202.25	0.00	44.21
2224.72	0.00	48.39
2022.47	0.00	86.75
0.00	100.00	0.00
0.00	100.00	0.00
0.00	100.00	0.00
1633.39	0.00	10.85
3266.79	0.00	7.68
1633.39	0.00	5.42
3266.79	0.00	2.94
3266.79	0.00	9.94
3149.79	3.58	3.41
2447.22	0.00	159.89
1321.80	3.58	136.92
2719.36	0.16	67.21
267.23	3.48	339.41
1080.72	0.38	63.36
1304.33	4.24	102.15
0.00	100.00	0.00
2166.06	0.00	92.47
2166.06	0.00	13.98
0.00	100.00	0.00
2166.06	0.00	4.20
2085.41	3.72	8.75
1282.03	4.17	616.44
2481.62	3.58	191.41
1706.22	33.47	685.30
2836.52	0.16	174.48
345.58	0.00	370.69
911.83	40.21	639.84
333.33	0.00	31.13
3535.34	3.58	34.92
3660.80	0.16	2.78
3666.67	0.00	2.67
0.00	100.00	0.00
3666.67	0.00	2.67
2067.06	0.00	59.42
0.00	100.00	0.00
0.00	100.00	0.00
2067.06	0.00	43.12
206.71	0.00	40.18
2273.77	0.00	48.23
421.67	0.00	148.92
2489.00	0.00	77.77
1527.82	3.48	47.26
1175.84	0.00	66.52
1663.69	0.00	105.56
421.14	0.00	110.25
773.72	0.00	102.52
3661.17	0.00	22.76
3288.11	0.00	40.84
2635.70	0.16	67.16
557.37	0.00	56.64
2517.05	0.00	12.92
0.00	100.00	0.00
2244.39	0.00	8.14
2040.35	0.00	99.03
204.04	0.00	40.25
0.00	100.00	0.00
2040.35	9.09	50.65
2183.88	0.00	26.06
2179.02	0.00	34.91
606.63	0.00	58.19
611.49	0.00	40.72
1577.24	0.00	35.57
1577.24	0.00	36.26
1765.66	3.58	77.37
3721.59	0.38	15.70
1872.57	0.14	69.46
3721.10	0.00	14.88
1795.86	3.48	67.41
1845.90	0.00	70.38
1047.18	3.48	248.36
1082.94	3.48	260.79
2955.14	0.00	79.81
935.27	0.00	229.16
2961.19	0.00	25.37
2961.19	0.00	25.37
2178.33	0.16	19.09
2181.82	0.00	14.89
1983.47	4.76	85.27
0.00	100.00	0.00
0.00	100.00	0.00
0.00	100.00	0.00
3011.82	0.00	32.51
636.04	0.00	64.40
2888.49	3.48	20.22
2368.96	0.41	38.59
2358.53	0.00	39.45
634.01	0.00	56.48
3982.30	0.00	7.44
3982.30	0.00	2.49
3982.30	0.00	2.50
1991.15	0.00	5.86
1991.15	0.00	7.23
3982.30	0.00	2.49
308.01	0.00	117.75
342.25	0.38	87.02
331.60	3.48	107.92
2191.61	0.00	52.07
1350.51	0.00	21.48
1622.98	22.60	53.46
0.00	100.00	0.00
2229.38	9.09	44.49
0.00	100.00	0.00
0.00	100.00	0.00
0.00	100.00	0.00
222.94	0.00	39.73
810.11	0.00	207.59
1621.51	0.00	110.96
810.11	0.00	159.08
1621.46	0.00	86.44
781.09	3.58	171.87
779.84	3.58	166.36
2650.85	0.00	14.24
679.84	0.00	47.99
664.03	0.00	89.66
1967.86	0.16	64.13
1291.17	0.00	76.21
656.26	0.38	103.11
2250.00	0.00	8.27
2250.00	0.00	4.06
6000.00	0.00	1.80
4500.00	0.00	2.26
6000.00	0.00	3.61
2250.00	0.00	6.92
2571.43	0.00	43.76
2256.38	12.25	120.17
0.00	100.00	0.00
2571.43	0.00	3.61
233.77	0.00	35.64
0.00	100.00	0.00
211.04	0.00	316.04
217.00	89.63	565.52
1876.86	9.97	358.74
2303.29	0.00	49.38
209.43	0.00	272.91
2303.29	0.00	77.48
274.81	89.47	37.67
3022.90	0.00	7.38
1511.45	0.00	14.76
274.81	0.00	34.51
2748.09	0.00	61.62
1511.45	0.00	5.82
2098.83	27.39	68.99
262.35	0.16	63.37
2627.74	0.00	65.17
0.00	100.00	0.00
262.77	0.00	31.35
262.35	0.16	67.55
2244.39	0.00	39.71
224.44	0.00	36.63
0.00	100.00	0.00
0.00	100.00	0.00
2244.39	0.00	8.14
2244.39	0.00	84.56
0.00	100.00	0.00
0.00	100.00	0.00
0.00	100.00	0.00
2241.59	0.00	8.14
2241.59	0.00	85.07
2241.59	0.00	4.08
2313.47	3.48	52.17
217.89	0.00	84.24
0.00	100.00	0.00
1961.02	10.00	117.01
435.78	80.00	55.56
217.89	0.00	37.72
2886.67	13.22	80.53
0.00	100.00	0.00
665.31	81.82	34.72
3659.21	0.00	2.67
332.66	0.00	51.43
332.66	0.00	24.41
3599.84	0.00	23.48
6055.75	0.00	14.80
5972.32	0.00	6.77
2973.13	0.00	44.22
626.91	0.00	51.86
3600.04	0.00	10.05
2319.59	0.00	10.21
2319.59	0.00	3.95
1157.94	0.16	9.71
2223.96	4.12	14.21
1159.79	0.00	6.87
2319.59	0.00	3.95
1582.33	0.00	33.06
1577.29	0.00	45.95
1520.01	3.48	55.48
1574.72	0.00	94.04
1582.31	0.16	83.29
1579.81	0.00	30.26
579.60	0.00	55.29
1366.21	0.00	40.60
1987.21	0.00	30.64
538.20	0.00	58.08
1345.51	0.00	46.87
1963.37	0.16	23.33
1857.64	0.00	73.36
1121.10	0.14	106.04
2245.99	0.00	29.21
1844.80	0.00	70.94
387.23	3.48	132.69
1120.88	0.16	101.46
1614.38	1.90	62.39
438.59	0.00	85.18
2073.64	0.00	25.84
2080.65	0.00	35.00
437.88	0.16	85.14
1586.64	3.58	59.24
360.51	83.86	488.02
1333.75	0.00	37.39
1588.37	0.00	241.74
1023.91	0.00	160.77
1333.70	0.00	72.36
333.83	0.16	206.97
3906.15	0.00	11.59
3914.49	0.00	12.17
3901.98	0.00	23.36
1303.44	0.00	62.70
2596.45	0.00	43.93
2387.90	0.00	24.13
3133.09	8.90	53.46
8997.96	0.00	2.70
323.87	0.00	31.09
3509.77	0.00	5.57
21.12	0.00	25.83
3513.29	0.00	2.76
0.00	100.00	0.00
1896.68	0.00	14.23
1896.73	0.00	21.86
1828.80	3.58	13.32
0.00	100.00	0.00
1893.70	0.16	52.92
3500.34	0.00	18.48
1215.40	0.00	46.00
3500.34	0.00	8.09
3500.34	0.00	8.09
1210.79	0.38	43.75
3500.34	0.00	17.12
0.00	100.00	0.00
0.00	100.00	0.00
0.00	100.00	0.00
1997.19	0.14	16.26
181.82	0.00	91.57
1818.18	0.00	102.49
2538.46	0.00	3.65
2538.46	0.00	10.99
2538.46	0.00	46.02
2307.69	0.00	78.72
230.77	0.00	39.70
0.00	100.00	0.00
1416.10	0.00	108.62
1416.10	0.00	84.70
1416.10	0.00	58.27
1405.04	0.00	94.38
1405.04	0.00	50.08
1334.83	3.48	104.02
0.00	100.00	0.00
1780.14	3.48	66.08
0.00	100.00	0.00
1844.26	0.00	59.90
1844.26	0.00	58.93
167.66	0.00	48.88
1924.23	11.11	63.80
1082.38	0.00	12.30
0.00	100.00	0.00
240.53	0.00	32.33
1075.02	0.68	16.14
0.00	100.00	0.00
984.38	0.14	22.03
0.00	100.00	0.00
1971.52	0.00	4.57
0.00	100.00	0.00
985.76	0.00	94.22
1971.52	0.00	18.28
0.00	100.00	0.00
2955.22	0.00	38.02
2686.57	0.00	62.84
2955.22	0.00	3.20
2955.22	0.00	3.20
0.00	100.00	0.00
1877.94	0.00	106.46
433.98	73.68	343.75
303.69	0.00	229.15
1975.62	3.58	120.34
667.16	0.00	215.37
1440.61	0.00	174.78
0.00	100.00	0.00
0.00	100.00	0.00
224.78	75.00	79.59
2378.51	3.80	9.77
2472.53	0.00	11.21
2472.45	0.00	11.24
1688.56	0.00	30.21
798.65	5.40	67.28
1688.56	0.00	16.01
844.28	0.00	10.07
1688.56	0.00	5.26
843.09	0.14	66.10
2462.56	0.67	13.16
234.65	0.00	74.29
8946.24	0.00	2.72
2225.45	8.67	45.29
2210.63	9.32	40.37
17.29	0.41	32.66
255.25	0.00	38.42
2548.89	0.14	69.51
2552.39	9.09	41.40
0.00	100.00	0.00
2707.15	3.58	9.00
2807.71	0.00	3.34
2764.98	0.00	8.81
1382.49	0.00	42.92
1382.49	0.00	37.95
0.00	100.00	0.00
2764.98	0.00	36.14
1382.49	0.00	9.49
1232.39	0.00	19.36
4181.34	0.00	5.90
4181.34	0.00	5.94
2860.92	0.00	17.84
4225.35	0.00	6.12
4076.34	0.41	15.50
1737.55	0.00	78.69
1738.71	0.00	131.04
839.08	3.48	239.07
1710.73	0.00	74.09
898.29	0.00	233.10
3448.39	0.00	19.89
704.69	0.00	314.13
1398.75	0.00	38.49
1374.57	33.33	343.56
1827.01	0.16	189.35
2254.56	0.00	25.38
235.70	0.14	290.92
0.00	100.00	0.00
1554.40	0.00	9.77
3108.81	0.00	3.06
3108.71	0.00	9.23
3108.81	0.00	3.06
3108.81	0.00	36.65
191.21	90.42	58.34
2196.27	0.00	18.49
1927.25	3.48	131.61
2196.34	0.00	49.55
0.00	100.00	0.00
0.00	100.00	0.00
0.00	100.00	0.00
1983.47	9.09	44.30
0.00	100.00	0.00
198.35	0.00	39.03
2181.82	0.00	86.49
0.00	100.00	0.00
2853.84	0.00	17.44
2579.65	3.58	27.00
1545.83	0.00	35.57
2908.63	0.16	22.84
1486.37	0.00	23.34
1486.37	0.00	19.17
2945.45	18.18	27.97
0.00	100.00	0.00
0.00	100.00	0.00
327.27	0.00	28.42
3600.00	0.00	2.71
0.00	100.00	0.00
9871.67	3.48	1.65
0.00	100.00	0.00
2307.99	8.57	88.45
230.43	0.16	71.33
0.00	100.00	0.00
2307.92	9.61	46.28
1737.87	0.16	18.69
158.24	0.00	98.45
0.00	100.00	0.00
0.00	100.00	0.00
1582.42	0.00	106.40
1740.66	0.00	5.12
0.00	100.00	0.00
1547.26	3.48	112.45
1763.29	0.00	72.70
1729.86	1.90	5.43
0.00	100.00	0.00
0.00	100.00	0.00
2005.30	0.00	49.46
1010.61	0.00	73.27
994.69	0.00	94.29
994.69	0.00	94.29
994.69	0.00	70.38
2005.30	0.00	20.59
0.00	100.00	0.00
810.81	50.00	59.18
1565.24	3.48	17.32
0.00	100.00	0.00
810.81	0.00	21.54
1614.90	0.41	62.30
2500.16	0.00	3.70
1248.32	0.14	18.56
227.29	0.00	40.69
0.00	100.00	0.00
2500.16	0.00	45.61
1250.08	0.00	13.94
2352.31	3.58	45.66
243.97	0.00	37.24
0.00	100.00	0.00
2683.65	0.00	11.69
2683.57	0.00	12.10
2439.69	9.09	37.19
2149.26	0.00	52.45
2138.32	0.00	32.88
455.97	0.00	106.17
1693.83	0.14	58.02
1696.21	0.00	68.19
2139.78	0.00	13.22
1744.78	0.16	183.39
1742.14	0.00	328.40
1744.78	0.16	54.97
562.27	3.48	761.66
1747.57	0.00	54.03
1121.67	3.72	323.76
1756.10	0.00	13.31
0.00	100.00	0.00
1756.10	0.00	58.22
1753.29	0.16	62.94
0.00	100.00	0.00
0.00	100.00	0.00
2958.22	0.16	36.79
296.30	0.00	34.06
2962.96	0.00	3.19
3259.26	0.00	5.88
0.00	100.00	0.00
2962.96	0.00	35.02
18106.72	0.00	3.35
2322.52	0.00	45.82
493.01	0.00	119.11
2318.81	0.16	45.33
1755.17	4.24	73.92
2322.68	0.00	14.16
0.00	100.00	0.00
1862.38	12.25	99.55
192.95	0.00	42.99
0.00	100.00	0.00
1929.47	0.00	45.91
186.24	3.48	93.34
0.00	100.00	0.00
2990.03	0.00	6.33
0.00	100.00	0.00
2990.03	0.00	70.61
0.00	100.00	0.00
0.00	100.00	0.00
1076.00	0.00	75.06
1076.00	0.00	53.35
2142.29	0.45	38.24
2143.34	0.00	28.58
2061.90	3.80	33.31
2152.01	0.00	34.62
3161.45	0.41	7.71
0.00	100.00	0.00
1587.30	0.00	32.95
3174.60	0.00	3.01
1587.30	0.00	34.46
1587.30	0.00	8.43
1662.68	0.00	55.37
1150.73	0.00	69.95
587.11	0.00	57.25
587.11	0.00	94.79
2236.81	0.16	37.38
1075.58	0.00	35.56
2511.90	0.00	36.78
1242.73	0.00	42.24
661.01	0.00	57.24
2564.78	0.00	10.52
661.03	0.00	50.36
661.03	0.00	70.77
518.68	0.00	115.86
2216.05	0.00	63.77
2717.50	0.00	35.65
1371.09	0.00	83.06
932.13	0.00	90.60
2713.15	0.16	14.68
3523.94	3.48	110.32
417.24	0.00	275.17
3233.65	0.00	156.70
4068.09	0.00	30.04
417.25	0.00	151.08
417.25	0.00	176.11
991.49	3.48	98.87
1029.65	4.12	125.37
367.90	0.00	117.06
2093.05	0.38	16.47
1735.46	0.00	66.28
2101.01	0.00	31.39
2663.73	0.00	41.00
2670.86	0.00	33.00
1182.30	0.00	85.15
890.29	0.00	77.55
1631.00	0.00	30.77
2660.00	0.14	26.90
0.00	100.00	0.00
0.00	100.00	0.00
2955.22	0.00	11.24
2951.08	0.14	7.35
2686.57	9.09	70.33
0.00	100.00	0.00
2517.82	5.27	34.45
2264.22	0.00	30.44
2657.82	0.00	28.72
2263.96	0.00	66.97
2263.96	0.00	73.69
393.73	0.00	164.99
1207.28	3.48	98.93
3373.78	0.00	11.30
3375.67	0.00	21.78
591.88	0.00	58.13
2681.32	0.16	55.98
2027.33	3.48	74.60
2407.95	0.00	10.67
575.30	3.48	69.27
1168.21	0.00	41.84
619.87	0.00	37.53
1645.03	0.00	39.61
596.03	0.00	61.02
2393.13	3.48	42.69
2727.27	0.00	18.20
247.93	0.00	40.20
0.00	100.00	0.00
2479.34	9.09	36.95
2722.91	0.16	11.93
0.00	100.00	0.00
2717.39	0.00	67.91
2885.20	3.48	42.09
0.00	100.00	0.00
2989.13	0.00	3.17
2989.13	0.00	3.17
1945.32	0.14	26.07
0.00	100.00	0.00
974.03	0.00	8.79
0.00	100.00	0.00
1948.05	0.00	52.85
0.00	100.00	0.00
2553.01	0.00	55.12
1573.47	0.00	19.34
3073.77	0.00	22.03
538.84	0.00	84.09
2534.94	0.00	48.70
1502.89	0.00	18.95
2263.30	0.00	51.33
2489.63	0.00	9.22
2489.63	0.00	3.71
2489.55	0.00	43.75
226.33	0.00	36.78
0.00	100.00	0.00
2036.20	0.00	15.95
0.00	100.00	0.00
0.00	100.00	0.00
0.00	100.00	0.00
0.00	100.00	0.00
1018.07	0.00	16.89
1728.23	13.22	99.32
0.00	100.00	0.00
199.16	90.91	48.30
0.00	100.00	0.00
192.23	3.48	102.33
2181.67	0.41	50.85
2987.55	0.00	41.24
2826.09	5.40	11.32
1493.78	0.00	13.94
1493.78	0.00	9.06
1493.78	0.00	5.89
0.00	100.00	0.00
1460.21	0.00	37.36
1587.19	0.00	40.40
2173.09	3.58	33.61
793.59	0.00	54.66
792.48	0.14	55.56
793.59	0.00	47.33
2464.03	5.27	4.21
0.00	100.00	0.00
0.00	100.00	0.00
236.47	0.00	34.79
2601.16	0.00	38.37
0.00	100.00	0.00
1191.69	0.00	289.76
1191.34	0.00	231.29
1191.68	0.00	303.60
1191.68	0.00	296.39
1199.01	0.00	119.62
1191.68	0.00	180.47
0.00	100.00	0.00
1669.76	0.00	68.03
834.88	0.00	64.00
0.00	100.00	0.00
0.00	100.00	0.00
834.88	0.00	68.54
2779.03	0.00	113.44
2521.97	0.00	67.92
2511.60	0.41	17.59
765.80	0.00	49.32
2850.16	0.00	29.10
423.86	0.00	149.17
3087.48	9.09	35.69
308.75	0.00	29.46
0.00	100.00	0.00
0.00	100.00	0.00
308.75	90.91	61.47
3075.78	0.38	56.80
2769.23	0.00	8.58
1384.62	0.00	8.73
2769.23	0.00	11.07
1384.62	0.00	8.89
2756.72	0.45	6.74
2769.23	0.00	3.24
309.40	4.12	472.23
1334.70	7.45	268.59
3049.15	10.73	270.11
1598.76	3.48	173.51
1763.04	43.08	341.54
1656.35	0.00	50.37
315.46	0.00	31.19
3470.03	0.00	6.88
3154.57	0.00	5.85
314.15	0.41	29.21
3470.03	0.00	5.58
2839.03	10.00	34.43
2014.34	0.00	8.96
183.12	89.47	56.53
0.00	100.00	0.00
182.87	0.14	54.23
1007.17	0.00	57.75
1007.17	0.00	57.80
1710.41	0.00	34.95
1703.57	0.00	71.70
848.42	0.00	90.83
1696.83	0.00	71.78
1690.05	0.00	62.56
861.99	0.00	37.99
1486.70	0.00	197.20
1127.46	0.00	203.53
371.85	0.00	401.37
1198.97	0.00	191.22
1053.21	0.00	46.98
1855.70	0.16	80.52
2132.18	0.68	64.34
2146.71	0.00	71.11
1073.39	0.00	158.60
537.12	0.00	167.65
537.12	0.00	156.14
2145.85	0.00	61.43
1366.31	0.00	56.05
1366.35	0.00	54.50
1272.12	0.00	38.18
1413.46	0.00	54.94
2638.47	0.00	13.64
1173.01	0.41	55.24
3131.25	4.76	29.16
3444.38	0.00	32.02
1719.77	0.14	10.91
313.13	0.00	29.21
0.00	100.00	0.00
1719.77	0.14	8.04
1371.94	3.58	179.68
2169.15	0.14	68.19
726.02	0.00	221.99
2148.92	0.00	72.08
2172.24	0.00	27.25
2148.90	0.00	51.43
2571.43	0.00	3.61
0.00	100.00	0.00
2571.43	0.00	40.15
2571.43	0.00	3.61
0.00	100.00	0.00
0.00	100.00	0.00
1855.16	0.00	47.00
623.33	0.00	119.72
618.39	0.00	129.73
1855.16	0.00	36.91
618.39	0.00	122.94
1850.21	0.00	52.14
1985.88	0.00	88.15
198.59	0.00	94.73
0.00	100.00	0.00
2184.47	0.00	4.17
2184.47	0.00	16.67
2181.40	0.14	17.71
2448.98	0.00	13.26
1995.41	0.41	77.06
222.63	0.00	33.61
2448.91	0.00	13.26
0.00	100.00	0.00
0.00	100.00	0.00
1168.46	21.51	707.83
2342.58	0.00	141.17
1064.74	9.78	295.38
1337.16	0.14	759.14
1132.96	0.00	504.92
1173.82	0.00	353.90
2000.57	0.00	11.95
273.30	0.00	134.85
1916.27	3.58	62.36
710.58	0.00	88.71
1018.87	0.00	77.25
1990.82	0.16	26.32
1065.23	0.00	112.01
1065.23	0.00	110.43
1085.72	0.00	69.32
512.13	0.00	132.52
530.41	0.41	111.81
2147.51	0.16	41.30
1458.67	0.00	8.88
0.00	100.00	0.00
2905.25	0.41	11.18
2917.34	0.00	34.30
0.00	100.00	0.00
1458.67	0.00	13.39
1536.62	0.00	55.69
1546.44	0.16	43.49
3110.12	0.00	13.29
1530.25	0.41	50.92
1536.62	0.00	20.43
3073.25	0.00	11.87
2914.14	0.00	28.65
509.49	0.00	83.95
2914.95	0.00	11.61
2915.76	0.00	32.79
2405.46	0.00	58.38
2913.33	0.00	22.06
2182.96	0.00	25.81
2181.56	0.00	53.79
17524.42	0.00	5.78
4365.22	0.00	14.26
2181.56	0.00	23.12
2178.07	0.16	61.01
273.87	91.23	50.36
1562.21	0.00	16.03
1562.25	0.00	13.51
0.00	100.00	0.00
2741.70	12.25	74.59
284.05	0.00	40.24
4351.72	0.23	38.70
4361.71	0.00	38.59
4361.71	0.00	31.85
1975.56	0.00	170.50
1975.56	0.00	156.41
398.33	0.00	149.17
2200.15	0.00	44.21
2187.00	0.00	63.04
2200.15	0.00	17.64
1060.67	3.58	108.81
528.80	3.48	149.13
547.85	0.00	160.86
2508.32	0.00	21.57
3177.21	0.00	6.83
696.76	0.00	37.03
1839.44	0.00	9.75
1811.57	0.00	14.07
2368.97	0.00	26.70
1753.29	0.16	7.91
1756.10	0.00	34.62
3192.90	4.76	55.96
0.00	100.00	0.00
319.29	0.00	25.88
1756.10	50.00	29.55
0.00	100.00	0.00
3539.44	18.18	24.42
3932.71	9.09	25.43
3932.71	0.00	4.90
393.27	0.00	23.36
379.60	51.74	49.32
358.40	0.00	174.15
1699.17	0.00	105.17
1310.53	3.48	120.12
702.02	0.00	119.81
1002.43	0.00	32.20
2056.46	0.16	49.52
1275.77	0.00	57.12
721.11	0.00	81.08
3522.34	0.00	22.02
693.35	0.00	76.24
1469.95	0.00	20.21
3411.40	0.00	17.70
1894.27	0.14	45.39
2626.53	0.00	31.54
2588.18	1.90	11.88
2638.20	0.00	11.19
747.10	0.00	37.32
2638.20	0.00	10.99
1286.35	0.00	103.23
1568.25	0.00	89.05
342.11	0.00	168.22
344.85	0.00	118.38
1634.38	0.14	88.79
342.11	0.00	171.38
0.00	100.00	0.00
1928.57	0.00	82.00
2357.14	0.00	13.78
0.00	100.00	0.00
0.00	100.00	0.00
2275.19	3.48	61.28
2163.71	0.23	11.03
2168.67	0.00	15.42
1084.34	0.00	11.67
0.00	100.00	0.00
2168.67	0.00	43.30
0.00	100.00	0.00
1024.82	0.00	104.88
3066.65	0.00	65.43
1024.56	0.00	192.38
2042.07	0.00	98.82
3066.69	0.00	23.30
1871.10	0.38	118.50
1288.23	0.00	93.81
1288.23	0.00	80.25
1277.43	0.68	73.09
2578.52	0.00	46.59
1290.25	0.00	118.93
1284.12	0.16	118.05
1099.40	0.00	42.83
2159.48	0.00	51.76
977.89	0.38	71.58
1099.40	0.00	31.19
2238.07	0.00	14.99
1915.98	0.41	40.80
1004.67	0.00	227.26
1004.67	0.00	260.62
1165.42	0.00	200.99
1840.56	0.00	79.19
1969.18	0.00	133.96
3005.76	0.00	24.08
1073.99	0.00	18.73
1073.99	0.00	17.83
2147.97	0.00	10.04
3221.96	0.00	2.97
1036.64	3.48	18.94
1073.99	0.00	5.76
2097.99	0.00	52.75
2451.47	3.58	35.35
2539.68	0.00	43.14
1298.04	0.16	76.81
1241.38	0.14	61.70
445.24	0.00	58.53
0.00	100.00	0.00
2571.43	0.00	7.67
2571.43	0.00	117.51
0.00	100.00	0.00
2571.43	0.00	3.61
0.00	100.00	0.00
1232.08	0.00	75.08
1155.56	0.16	77.56
1008.07	0.00	35.95
969.37	0.14	60.35
933.40	0.00	86.46
1120.08	0.00	47.70
1144.24	0.00	119.87
572.58	0.00	157.69
1137.16	0.14	119.43
2283.00	0.00	37.74
571.66	0.00	157.27
1090.51	4.24	135.34
3048.39	0.00	7.33
2612.90	10.00	34.61
290.32	0.00	32.25
290.32	90.48	34.06
3048.39	0.00	32.59
0.00	100.00	0.00
4435.18	0.00	16.53
4776.35	0.00	9.07
4435.18	0.00	8.03
4445.62	3.48	9.12
4264.59	0.00	13.55
4435.18	0.00	8.15
2544.74	0.00	46.13
2551.65	0.00	12.55
2545.53	0.00	38.28
970.78	0.00	76.68
539.32	0.00	80.95
1491.98	0.00	51.55
3504.14	3.48	3.14
330.03	0.00	26.45
3300.23	0.00	29.74
3630.36	0.00	27.95
0.00	100.00	0.00
3630.36	0.00	2.69
1800.00	0.00	9.02
3600.00	0.00	32.70
1800.00	0.00	7.67
1800.00	0.00	7.22
0.00	100.00	0.00
0.00	100.00	0.00
2933.23	0.00	56.77
9123.75	0.00	14.25
335.23	0.00	163.05
2828.18	3.58	43.07
2598.01	0.00	102.94
2933.23	0.00	16.97
0.00	100.00	0.00
2452.32	0.00	51.92
0.00	100.00	0.00
2225.81	0.16	42.76
2452.32	0.00	3.76
222.94	0.00	36.87
0.00	100.00	0.00
0.00	100.00	0.00
2571.43	0.00	15.34
0.00	100.00	0.00
2571.43	0.00	42.85
2337.66	0.00	36.99
272.73	0.00	30.22
2727.27	9.09	49.62
3000.00	0.00	3.17
3000.00	0.00	3.16
3000.00	0.00	6.32
0.00	100.00	0.00
586.96	0.00	101.16
1725.30	0.00	55.57
800.40	0.00	74.93
480.24	0.00	66.41
1405.14	0.00	59.39
1316.21	0.00	57.30
2049.25	0.00	88.92
2048.84	0.00	82.56
1273.66	0.00	68.47
1273.38	0.00	28.58
430.66	0.14	176.04
1220.62	4.12	75.34
0.00	100.00	0.00
3174.60	0.00	6.02
0.00	100.00	0.00
2380.95	0.00	3.86
3174.60	0.00	61.31
2380.95	0.00	9.33
2958.45	0.00	35.11
2975.19	0.23	15.79
1491.01	0.00	58.43
2970.28	0.00	15.79
2946.80	0.00	27.02
1467.53	0.00	70.01
2917.34	0.00	9.14
2763.55	5.27	3.85
2912.67	0.16	7.04
2917.34	0.00	6.47
2917.34	0.00	3.23
2917.34	0.00	3.23
0.00	100.00	0.00
0.00	100.00	0.00
0.00	100.00	0.00
0.00	100.00	0.00
0.00	100.00	0.00
2247.19	0.00	44.26
2356.36	0.00	128.20
2964.53	0.00	36.43
2660.47	0.00	128.16
610.04	0.00	113.38
304.06	0.00	200.13
598.28	0.00	82.27
1623.73	0.00	49.16
811.86	0.00	48.43
2302.46	0.14	36.37
811.86	0.00	64.54
844.34	0.00	48.63
2305.69	0.00	22.97
0.00	100.00	0.00
0.00	100.00	0.00
2358.88	0.38	46.24
0.00	100.00	0.00
0.00	100.00	0.00
2149.15	0.16	80.40
179.24	0.68	55.13
1985.16	0.00	9.08
0.00	100.00	0.00
0.00	100.00	0.00
1985.16	0.00	64.06
1985.16	0.00	4.54
3261.29	0.00	28.14
1084.21	0.00	74.27
2142.39	0.00	52.57
1257.68	0.00	79.19
1080.10	0.38	74.57
1084.21	0.00	79.98
251.36	0.00	36.14
0.00	100.00	0.00
2764.98	0.00	6.78
1382.49	0.00	18.07
2513.62	9.09	39.96
2764.98	0.00	6.78
794.85	0.00	104.11
2359.12	0.00	45.13
799.93	0.16	71.13
794.85	0.00	101.40
1555.41	0.16	64.82
794.85	0.00	68.31
2719.03	0.00	8.26
1359.52	0.00	21.56
2719.03	0.00	6.87
1359.48	0.00	11.46
2718.95	0.00	10.63
1359.52	0.00	19.23
3435.11	0.00	36.18
0.00	100.00	0.00
1717.56	0.00	5.18
3430.29	0.14	5.77
0.00	100.00	0.00
3435.11	0.00	2.81
2882.68	0.00	31.96
501.86	0.00	150.33
2877.91	0.16	35.54
2384.04	0.00	58.00
2364.76	0.00	66.75
2882.65	0.00	27.33
1395.05	0.00	95.19
705.93	0.00	106.19
2098.04	0.14	55.85
1215.44	3.58	82.50
2112.19	0.00	18.20
817.98	0.00	93.09
377.04	0.00	24.35
0.00	100.00	0.00
3764.39	0.16	27.34
4147.47	0.00	2.41
376.51	0.14	46.97
3770.42	0.00	47.70
2083.33	0.00	13.18
2074.70	0.41	8.43
2083.33	0.00	4.35
2083.33	0.00	9.89
2078.01	0.26	4.49
2083.33	0.00	13.63
0.00	100.00	0.00
0.00	100.00	0.00
1582.42	20.00	101.38
2175.82	0.00	27.48
0.00	100.00	0.00
0.00	100.00	0.00
1359.52	0.00	95.31
0.00	100.00	0.00
0.00	100.00	0.00
1359.52	0.00	49.57
2712.81	0.23	3.63
1357.61	0.14	56.18
2901.35	0.00	24.70
2860.74	0.00	49.30
731.14	0.00	78.32
725.34	0.00	79.84
2883.95	0.00	12.03
1444.87	0.00	65.90
3574.88	0.00	28.19
2367.15	0.00	46.03
1217.39	0.00	50.57
1207.73	0.00	38.79
1207.73	0.00	27.07
1217.39	0.00	38.04
508.43	0.14	103.55
2414.78	0.00	52.35
2414.78	0.00	53.26
2923.21	0.00	12.60
2923.14	0.00	12.10
2912.06	0.38	25.54
3839.67	3.58	26.37
2006.95	0.00	48.17
1975.35	0.00	48.94
1991.15	0.00	19.36
3950.70	0.00	29.47
1991.15	0.00	21.16
817.95	81.81	122.90
465.71	0.00	82.14
3033.01	10.98	89.57
5792.95	0.00	16.13
5791.08	0.00	7.28
389.72	0.14	98.90
616.60	0.00	138.51
2808.48	0.00	25.24
2116.05	3.48	59.08
2708.08	3.58	32.40
2808.67	0.00	13.22
2184.36	0.38	16.67
3434.79	0.00	22.38
2795.53	0.00	44.83
619.47	0.00	57.53
2915.27	0.00	42.96
3415.99	0.00	8.84
617.49	0.16	57.97
1247.01	0.00	39.64
1062.05	3.48	64.93
1247.01	0.00	21.73
2469.57	0.00	22.64
1247.01	0.00	46.39
635.73	0.00	53.47
2722.91	0.16	37.39
3000.00	0.00	3.16
3000.00	0.00	33.38
272.73	0.00	30.22
0.00	100.00	0.00
3000.00	0.00	10.26
316.71	0.00	121.57
2531.48	3.80	67.95
2376.86	0.00	77.50
569.59	0.14	76.95
2316.85	0.00	67.05
315.20	0.00	165.83
1756.10	0.00	16.58
0.00	100.00	0.00
0.00	100.00	0.00
1756.10	0.00	17.48
0.00	100.00	0.00
1753.29	0.16	57.07
2739.59	3.58	52.48
754.98	0.00	71.52
720.40	0.00	81.47
2134.80	0.16	52.36
2864.41	0.00	12.23
2155.51	0.00	45.22
635.97	0.00	65.36
626.34	0.00	69.40
3468.95	0.00	27.49
2259.57	0.00	64.98
602.23	0.00	91.12
2857.07	0.00	41.93
2563.65	0.16	9.50
0.00	100.00	0.00
0.00	100.00	0.00
2334.33	0.00	37.95
0.00	100.00	0.00
2567.76	0.00	46.08
1769.17	0.14	51.53
0.00	100.00	0.00
177.17	0.00	50.91
0.00	100.00	0.00
1948.82	0.00	9.24
0.00	100.00	0.00
0.00	100.00	0.00
0.00	100.00	0.00
2571.43	0.00	75.78
2479.33	3.58	12.63
0.00	100.00	0.00
0.00	100.00	0.00
1242.51	3.48	180.44
2480.29	0.00	102.97
1148.75	3.48	162.67
429.37	0.68	178.08
2911.77	0.00	15.94
431.34	0.00	154.74
2479.59	0.14	16.83
2257.34	4.76	112.90
0.00	100.00	0.00
225.73	90.48	114.00
2483.07	0.00	43.87
0.00	100.00	0.00
1333.03	0.00	16.38
1166.40	0.00	38.20
1161.98	0.38	41.95
2904.11	0.00	24.52
595.10	0.00	59.83
1642.49	0.00	19.66
0.00	100.00	0.00
0.00	100.00	0.00
2843.52	0.00	37.98
2843.60	0.00	8.48
2580.96	9.24	69.41
2843.60	0.00	7.46
1908.05	0.00	74.65
2239.59	0.00	45.21
1318.13	0.00	108.25
931.60	0.00	120.29
333.67	0.00	139.18
2228.94	0.45	41.56
391.30	0.00	25.71
0.00	100.00	0.00
3913.04	9.09	23.55
0.00	100.00	0.00
4304.35	0.00	23.58
391.30	0.00	23.46
2452.32	0.00	9.93
0.00	100.00	0.00
0.00	100.00	0.00
0.00	100.00	0.00
0.00	100.00	0.00
2442.15	0.41	48.51
2550.67	0.00	12.03
1299.40	0.00	22.36
1203.14	0.00	54.07
1201.22	0.16	39.62
1203.14	0.00	38.93
2454.41	0.00	27.17
0.00	100.00	0.00
0.00	100.00	0.00
2482.70	0.14	45.79
2486.19	0.00	48.50
226.02	0.00	36.38
2486.19	0.00	3.72
206.89	0.00	51.88
0.00	100.00	0.00
2275.86	0.00	8.08
206.90	0.00	40.15
2275.86	0.00	48.23
2068.97	9.09	48.27
0.00	100.00	0.00
3149.21	12.35	61.88
3592.81	0.00	6.70
0.00	100.00	0.00
0.00	100.00	0.00
3592.81	0.00	5.38
236.84	0.00	42.87
0.00	100.00	0.00
2605.26	0.00	38.76
2368.42	0.00	3.88
0.00	100.00	0.00
0.00	100.00	0.00
2391.28	0.00	51.69
2902.54	0.00	10.56
2897.90	0.16	11.03
506.43	0.16	67.69
1469.39	0.00	65.89
1404.98	0.00	57.20
1092.20	0.00	18.59
0.00	100.00	0.00
2184.47	0.00	14.87
2066.40	5.40	53.07
2184.47	0.00	4.17
2184.47	0.00	4.17
268.66	0.00	33.83
2686.57	0.00	35.68
2955.22	0.00	37.07
2955.22	0.00	6.40
0.00	100.00	0.00
2955.22	0.00	6.40
2563.28	0.00	65.99
2567.46	0.00	36.78
1284.76	0.00	73.07
1284.76	0.00	87.52
1282.71	0.00	95.79
1282.71	0.00	79.51
441.98	0.00	66.25
2620.32	0.00	22.83
2604.53	0.00	17.63
410.41	0.00	39.58
1783.71	0.00	64.06
2620.32	0.00	9.26
307.32	0.00	35.25
3380.57	0.00	7.07
0.00	100.00	0.00
306.89	0.14	30.33
3073.25	0.00	33.37
3061.60	9.44	30.00
0.00	100.00	0.00
1795.50	8.07	107.51
0.00	100.00	0.00
1021.66	0.14	21.09
0.00	100.00	0.00
2046.19	0.00	57.36
2474.01	0.00	66.10
2474.01	0.00	64.30
2994.81	0.00	23.72
2994.98	0.00	12.41
520.80	0.00	127.43
2994.98	0.00	12.49
460.31	0.00	74.64
2176.77	0.00	69.41
2636.35	0.00	23.87
2637.08	0.00	12.48
2179.70	0.00	50.14
458.85	0.00	90.67
2011.17	9.09	45.82
2208.75	0.16	50.32
2212.29	0.00	14.56
1810.06	10.00	49.82
201.12	0.00	49.62
0.00	100.00	0.00
2883.50	0.00	13.75
1584.07	0.00	40.72
1546.90	0.00	44.10
2858.75	0.00	21.88
1546.90	0.00	48.75
5729.88	0.00	8.06
275.87	90.94	37.13
0.00	100.00	0.00
276.92	0.00	32.93
2769.23	0.00	6.50
3046.15	0.00	6.23
2769.23	0.00	96.59
552.44	0.00	16.94
5436.49	9.02	18.91
2392.81	14.13	51.42
2395.57	14.22	35.30
5.53	0.00	37.86
301.93	0.00	27.30
1989.20	0.00	70.01
294.78	0.00	179.61
293.67	0.38	202.00
1694.13	0.00	23.04
1694.49	0.00	129.67
1694.57	0.00	117.24
0.00	100.00	0.00
1818.18	0.00	52.64
0.00	100.00	0.00
2000.00	0.00	112.00
0.00	100.00	0.00
2000.00	0.00	9.02
1956.19	0.00	21.17
1662.20	0.14	41.37
289.87	0.00	222.79
1954.34	0.00	20.73
1956.18	0.00	40.44
1664.53	0.00	136.34
1761.59	0.00	130.97
864.42	3.48	184.56
900.13	0.16	119.32
901.86	0.00	161.07
3231.16	0.00	18.82
1617.73	0.00	140.00
2571.43	0.00	12.63
0.00	100.00	0.00
2571.43	0.00	7.22
0.00	100.00	0.00
0.00	100.00	0.00
2337.66	0.00	108.13
2027.70	0.00	65.28
2381.18	0.00	34.79
1326.39	0.00	111.34
353.48	0.00	86.08
1041.80	0.00	120.79
2378.92	0.00	13.59
1997.34	0.00	39.92
998.67	0.00	73.53
1989.35	0.00	29.89
1997.34	0.00	33.61
998.67	0.00	77.14
1997.34	0.00	17.14
0.00	100.00	0.00
4500.00	0.00	2.26
4500.00	0.00	18.50
0.00	100.00	0.00
4147.47	0.00	26.80
4147.47	0.00	2.41
1276.75	0.00	98.00
842.65	0.00	51.45
455.25	0.16	156.69
1732.73	0.00	51.14
835.21	0.45	53.93
459.63	0.00	116.82
2311.25	0.00	113.62
0.00	100.00	0.00
2451.32	3.58	13.25
2542.37	0.00	3.64
0.00	100.00	0.00
0.00	100.00	0.00
1198.47	0.00	118.19
2398.85	0.00	50.71
1200.38	0.00	94.13
1198.47	0.00	79.39
1200.38	0.00	104.04
1198.47	0.00	87.51
5373.13	0.00	6.04
268.66	0.00	31.13
2686.57	0.00	64.24
0.00	100.00	0.00
2955.22	0.00	3.20
0.00	100.00	0.00
1343.06	0.00	126.04
1340.92	0.16	61.13
1311.59	0.00	120.12
2696.54	0.00	23.25
1343.06	0.00	41.76
1374.54	0.00	43.42
2677.69	5.26	39.12
2975.21	4.76	30.38
297.52	0.00	33.61
1636.36	0.00	10.87
297.51	0.00	36.35
297.52	86.67	32.70
0.00	100.00	0.00
1094.97	3.58	23.07
1094.97	3.58	61.17
0.00	100.00	0.00
2271.29	0.00	49.12
1135.65	0.00	50.93
2111.20	34.76	161.50
1149.61	31.73	334.10
1667.52	1.27	177.02
3600.21	0.00	18.95
327.35	0.00	247.20
327.35	0.00	177.28
2898.37	16.29	94.33
0.00	100.00	0.00
3299.77	0.16	58.60
0.00	100.00	0.00
312.63	0.68	32.45
157.38	66.67	54.75
201.12	0.00	98.79
0.00	100.00	0.00
2007.96	0.16	89.20
2212.29	0.00	46.81
1810.06	0.00	51.41
0.00	100.00	0.00
2171.02	0.00	56.29
2167.35	0.00	56.01
462.86	0.00	70.26
1708.16	0.00	64.27
922.04	0.00	57.51
459.18	0.00	65.86
1812.11	0.00	52.93
1812.11	0.00	60.92
1797.85	0.00	58.71
1783.58	0.00	54.66
1797.85	0.00	71.26
1797.85	0.00	39.91
2778.85	4.76	33.98
1522.57	0.38	11.93
3051.84	0.16	34.31
3056.73	0.00	6.46
0.00	100.00	0.00
277.88	0.00	33.76
840.03	0.00	123.22
3347.77	0.16	38.04
974.39	0.00	46.26
1511.57	0.00	57.14
2517.67	0.00	100.58
3353.41	0.00	15.93
3134.29	0.00	45.06
3300.34	0.00	38.16
864.87	0.00	71.39
885.63	0.00	43.91
870.39	0.16	97.74
863.49	0.16	95.70
3000.00	0.00	8.12
1500.00	0.00	12.18
3000.00	0.00	12.41
3000.00	0.00	6.32
3000.00	0.00	3.16
1500.00	0.00	9.47
1211.54	0.00	37.86
2899.04	0.00	25.58
1081.73	0.00	44.21
2379.81	0.00	38.75
1168.27	0.00	21.30
3980.77	0.00	23.05
18000.00	0.00	0.90
0.00	100.00	0.00
3046.15	0.00	3.12
3046.15	0.00	3.12
2769.23	9.09	36.00
276.92	0.00	29.77
3973.39	0.00	2.53
3607.21	0.14	27.10
0.00	100.00	0.00
1915.60	3.58	5.07
361.23	0.00	22.93
3835.35	3.48	32.47
1200.00	0.00	7.11
0.00	100.00	0.00
1157.02	3.58	13.46
2400.00	0.00	41.14
0.00	100.00	0.00
0.00	100.00	0.00
1110.67	0.00	72.36
1108.89	0.00	102.34
1108.89	0.00	72.75
1108.89	0.00	49.84
2115.32	4.24	64.37
1108.89	0.00	52.55
0.00	100.00	0.00
0.00	100.00	0.00
201.75	0.00	44.77
2219.23	0.00	59.44
201.75	0.00	40.71
0.00	100.00	0.00
2223.25	0.00	29.64
2242.09	0.00	18.87
2260.93	0.00	10.14
1605.81	4.24	43.92
2223.25	0.00	26.53
489.87	0.00	43.31
1167.26	0.41	124.38
1720.92	0.00	64.25
299.29	0.23	108.98
1362.69	4.12	107.00
539.27	0.00	152.41
1421.28	0.00	120.20
0.00	100.00	0.00
0.00	100.00	0.00
2544.99	0.00	42.83
0.00	100.00	0.00
2544.99	0.00	39.64
2313.55	0.00	74.77
482.69	0.00	348.15
1908.36	0.00	82.63
838.63	3.48	285.63
1892.91	0.00	92.20
962.26	0.00	267.70
837.72	3.58	260.91
2875.75	0.00	99.74
482.89	0.00	196.02
2394.21	0.00	299.22
2875.75	0.00	23.69
2875.75	0.00	23.65
262.63	0.00	284.64
1633.48	0.00	104.29
1016.59	0.00	110.92
1978.30	0.00	17.93
961.38	0.00	125.30
344.34	0.00	189.71
1633.64	0.00	76.02
876.04	0.00	133.61
1745.71	0.16	93.84
2112.37	0.00	83.75
1665.55	0.00	90.08
447.52	0.00	141.06
2556.76	0.00	14.65
1644.07	0.00	36.59
2417.75	0.00	25.49
2449.99	0.00	11.18
1869.73	0.00	34.90
805.92	0.00	57.91
1450.65	0.00	30.16
1634.07	0.14	25.70
1636.36	0.00	16.41
1636.36	0.00	10.94
818.18	0.00	14.44
3158.93	3.48	6.43
818.18	0.00	14.22
0.00	100.00	0.00
2452.32	0.00	9.93
2452.32	0.00	31.76
2220.14	0.41	78.44
222.94	0.00	36.87
0.00	100.00	0.00
2513.38	0.00	46.14
3038.49	0.16	17.92
2950.00	3.58	29.42
3059.58	0.00	29.17
533.40	0.00	49.74
3061.28	0.00	9.69
0.00	100.00	0.00
2571.09	0.00	10.77
2337.36	4.76	39.66
116.87	0.00	73.99
1285.55	0.00	45.86
1168.68	16.67	46.07
673.20	0.00	25.50
2855.47	0.41	21.40
2219.08	0.00	30.20
623.34	0.00	51.18
3440.82	0.00	24.03
3515.63	0.00	6.80
2270.95	4.12	44.23
2377.77	0.00	28.42
1312.83	0.00	64.65
752.81	0.00	83.24
382.52	0.00	118.77
688.54	0.00	92.40
354.61	0.00	228.26
3883.01	0.00	35.80
3528.40	0.00	139.23
1758.74	0.00	174.63
354.61	0.00	168.71
1758.74	0.00	161.44
3250.44	0.00	28.84
1274.17	0.00	43.76
2158.29	0.00	47.20
1083.48	0.00	63.33
1265.51	0.00	63.63
1976.71	0.41	46.56
1423.30	0.00	198.58
1426.51	0.00	36.93
1426.41	0.00	154.44
1908.41	0.00	27.69
465.18	3.48	362.88
1905.70	0.14	54.39
489.92	0.00	80.87
3795.95	0.00	11.83
3795.95	0.00	11.89
3187.56	3.58	75.34
3795.95	0.00	28.46
3795.95	0.00	11.83
3195.27	18.18	29.13
0.00	100.00	0.00
0.00	100.00	0.00
355.03	0.00	25.86
355.03	0.00	23.32
3739.86	4.24	33.06
2181.82	0.00	52.11
2181.82	0.00	48.38
0.00	100.00	0.00
0.00	100.00	0.00
2178.33	0.16	52.64
2181.82	0.00	14.89
0.00	100.00	0.00
2474.54	0.00	45.46
224.96	0.00	40.23
1237.27	45.00	80.31
1235.29	50.08	81.11
1237.23	0.00	51.09
1260.12	0.00	74.24
1206.65	3.48	77.75
1250.12	0.00	78.20
1250.12	0.00	55.12
2530.24	0.00	17.77
1267.21	0.23	30.69
643.01	0.00	42.43
617.29	0.16	39.73
2844.07	0.00	7.38
1604.95	0.16	28.97
2599.14	3.58	24.52
2225.79	0.00	8.52
201.09	0.00	47.19
0.00	100.00	0.00
2010.89	0.00	55.89
2212.04	0.00	49.59
192.80	4.12	89.62
2010.95	0.00	48.79
0.00	100.00	0.00
2278.46	0.14	79.96
0.00	100.00	0.00
0.00	100.00	0.00
0.00	100.00	0.00
2509.82	0.00	43.41
1125.00	0.00	14.89
2250.00	0.00	46.91
1125.00	0.00	64.96
1085.88	3.48	58.77
2250.00	0.00	4.06
0.00	100.00	0.00
579.73	0.00	147.60
1157.64	0.00	125.98
1153.01	0.00	125.98
578.82	0.00	145.89
2315.28	0.00	18.91
1153.01	0.00	108.95
1386.29	0.00	87.02
2772.59	0.00	18.65
1375.38	0.00	76.08
2761.67	0.00	35.21
1408.13	0.00	73.00
1315.59	3.58	99.10
