264.66	0.02	2.04
499.91	0.02	1.95
837.21	0.00	0.97
264.57	0.05	2.25
500.00	0.00	0.96
837.06	0.02	1.98
264.66	0.02	1.01
499.91	0.02	1.51
837.21	0.00	0.47
264.66	0.02	1.52
499.91	0.02	0.54
836.77	0.05	2.04
264.66	0.02	1.10
500.00	0.00	0.51
837.21	0.00	1.42
264.71	0.00	0.90
499.91	0.02	1.44
837.21	0.00	0.94
264.65	0.02	1.53
499.82	0.04	1.05
837.21	0.00	0.93
264.71	0.00	0.95
500.00	0.00	1.00
836.87	0.04	1.08
264.66	0.02	1.02
499.91	0.02	1.47
837.21	0.00	0.47
264.66	0.02	2.02
499.82	0.04	1.15
837.06	0.02	1.04
264.66	0.02	1.93
499.82	0.04	1.54
837.21	0.00	0.93
264.65	0.02	1.05
500.00	0.00	0.94
837.06	0.02	0.99
264.71	0.00	1.36
499.82	0.04	1.61
837.21	0.00	0.97
264.61	0.04	2.07
499.91	0.02	1.02
837.06	0.02	0.99
264.61	0.04	1.53
499.82	0.04	2.55
837.21	0.00	1.45
264.66	0.02	2.05
499.91	0.02	2.04
836.92	0.04	2.07
264.65	0.02	1.60
500.00	0.00	1.02
837.06	0.02	1.03
264.71	0.00	0.91
499.91	0.02	1.46
837.21	0.00	0.95
264.71	0.00	1.02
499.82	0.04	1.11
837.06	0.02	1.00
264.66	0.02	0.52
500.00	0.00	0.97
837.06	0.02	0.54
264.71	0.00	1.47
499.82	0.04	1.56
837.21	0.00	0.92
264.71	0.00	1.50
499.82	0.04	2.13
836.92	0.04	1.63
264.71	0.00	0.95
500.00	0.00	1.53
837.21	0.00	1.44
264.71	0.00	0.99
499.91	0.02	0.54
837.21	0.00	0.47
264.71	0.00	0.46
499.91	0.02	0.54
837.21	0.00	0.91
264.71	0.00	1.53
499.91	0.02	1.57
837.21	0.00	0.98
264.66	0.02	2.00
499.82	0.04	1.49
836.92	0.04	1.07
264.60	0.04	1.14
499.82	0.04	1.59
837.06	0.02	1.45
264.71	0.00	0.98
499.91	0.02	2.05
837.06	0.02	1.51
264.55	0.06	1.63
500.00	0.00	0.94
837.21	0.00	0.94
264.66	0.02	1.04
499.91	0.02	1.05
836.92	0.04	1.53
264.61	0.04	2.13
500.00	0.00	0.95
837.06	0.02	1.47
264.61	0.04	1.56
500.00	0.00	0.91
837.21	0.00	0.47
264.66	0.02	1.53
499.91	0.02	1.47
837.06	0.02	1.01
264.66	0.02	1.04
499.91	0.02	1.05
837.06	0.02	0.54
264.60	0.04	2.28
499.91	0.02	1.13
837.02	0.02	1.57
264.55	0.06	1.63
499.91	0.02	0.96
837.06	0.02	0.99
264.71	0.00	0.96
499.82	0.04	1.53
837.21	0.00	0.47
264.71	0.00	1.00
500.00	0.00	0.50
837.21	0.00	0.94
264.61	0.04	2.73
499.91	0.02	1.11
836.92	0.04	2.07
264.71	0.00	1.38
499.91	0.02	1.04
837.06	0.02	1.46
264.71	0.00	0.90
500.00	0.00	0.95
837.21	0.00	0.92
264.60	0.04	1.56
499.91	0.02	1.50
837.21	0.00	0.48
264.71	0.00	0.95
499.74	0.05	1.65
836.92	0.04	1.54
264.71	0.00	0.90
500.00	0.00	1.38
837.21	0.00	1.35
264.71	0.00	1.35
499.82	0.04	1.97
837.21	0.00	1.39
264.66	0.02	0.96
500.00	0.00	0.99
837.06	0.02	1.01
264.71	0.00	1.37
500.00	0.00	0.95
837.21	0.00	0.95
264.71	0.00	0.96
500.00	0.00	0.49
837.21	0.00	1.40
264.66	0.02	1.59
500.00	0.00	0.52
836.73	0.06	2.08
264.55	0.06	1.64
499.82	0.04	2.58
837.21	0.00	1.01
264.71	0.00	1.35
500.00	0.00	1.38
837.21	0.00	0.93
264.71	0.00	1.07
500.00	0.00	1.55
836.92	0.04	2.07
264.61	0.04	1.13
499.91	0.02	0.99
837.21	0.00	0.93
264.71	0.00	0.47
500.00	0.00	0.50
837.21	0.00	0.93
264.65	0.02	1.10
500.00	0.00	0.99
837.21	0.00	1.44
264.71	0.00	1.45
499.91	0.02	2.04
837.21	0.00	1.47
264.71	0.00	0.98
500.00	0.00	0.93
837.06	0.02	0.52
264.71	0.00	0.90
499.91	0.02	1.46
837.21	0.00	0.48
264.71	0.00	1.05
500.00	0.00	1.05
837.21	0.00	1.44
264.55	0.06	1.61
499.91	0.02	0.99
837.21	0.00	0.95
264.66	0.02	1.05
499.91	0.02	1.58
837.06	0.02	1.05
264.71	0.00	1.48
499.91	0.02	1.59
836.77	0.05	2.12
264.61	0.04	2.65
500.00	0.00	0.52
837.06	0.02	1.50
264.71	0.00	0.90
500.00	0.00	1.48
837.21	0.00	1.43
264.71	0.00	1.00
500.00	0.00	1.00
836.92	0.04	2.00
264.71	0.00	0.91
499.91	0.02	1.94
837.21	0.00	0.94
264.71	0.00	0.91
499.91	0.02	1.54
836.92	0.04	1.07
264.71	0.00	0.98
499.82	0.04	2.06
837.21	0.00	0.50
264.71	0.00	0.46
500.00	0.00	1.04
836.92	0.04	2.46
264.65	0.02	1.04
500.00	0.00	0.96
837.21	0.00	1.37
264.71	0.00	1.35
500.00	0.00	0.95
837.06	0.02	1.43
264.71	0.00	1.50
499.91	0.02	1.10
837.06	0.02	1.49
264.71	0.00	1.02
499.91	0.02	1.06
837.06	0.02	1.02
264.71	0.00	0.94
499.91	0.02	1.93
837.06	0.02	0.98
264.71	0.00	1.57
499.74	0.05	1.69
837.21	0.00	1.43
264.66	0.02	1.03
500.00	0.00	1.51
837.06	0.02	1.54
264.61	0.04	1.97
500.00	0.00	0.91
837.06	0.02	0.96
264.71	0.00	1.37
499.91	0.02	0.53
837.21	0.00	0.93
264.66	0.02	1.41
500.00	0.00	0.45
837.21	0.00	0.45
264.71	0.00	1.48
499.91	0.02	0.98
837.06	0.02	1.46
264.66	0.02	2.10
499.91	0.02	1.02
837.06	0.02	1.93
264.66	0.02	1.08
499.91	0.02	2.08
837.06	0.02	1.07
264.66	0.02	2.00
500.00	0.00	0.50
837.06	0.02	1.48
264.71	0.00	0.91
500.00	0.00	1.39
837.21	0.00	0.46
264.66	0.02	2.03
499.91	0.02	1.62
837.21	0.00	1.47
264.71	0.00	1.45
499.91	0.02	1.52
837.21	0.00	0.94
264.61	0.04	1.58
500.00	0.00	0.96
837.21	0.00	0.91
264.66	0.02	1.00
500.00	0.00	0.50
837.06	0.02	0.97
264.71	0.00	0.98
500.00	0.00	1.41
837.21	0.00	0.47
264.61	0.04	2.17
500.00	0.00	1.01
837.21	0.00	1.47
264.71	0.00	1.48
500.00	0.00	0.98
837.21	0.00	0.97
264.71	0.00	0.93
499.91	0.02	1.41
837.02	0.02	0.52
264.65	0.02	1.49
500.00	0.00	0.50
837.21	0.00	0.93
264.71	0.00	0.90
499.82	0.04	1.06
837.21	0.00	0.47
264.66	0.02	1.07
500.00	0.00	1.43
837.21	0.00	1.43
264.66	0.02	1.50
500.00	0.00	1.49
837.06	0.02	1.05
264.66	0.02	1.01
500.00	0.00	0.99
837.06	0.02	0.53
264.71	0.00	0.98
500.00	0.00	1.44
837.06	0.02	0.54
264.71	0.00	1.01
500.00	0.00	1.05
837.06	0.02	1.50
264.66	0.02	2.07
499.91	0.02	1.08
837.21	0.00	0.98
264.66	0.02	1.07
500.00	0.00	1.00
837.02	0.02	1.01
264.61	0.04	1.63
499.91	0.02	1.55
837.21	0.00	0.99
264.71	0.00	0.97
499.91	0.02	0.96
836.92	0.04	1.50
264.71	0.00	1.00
500.00	0.00	1.00
837.06	0.02	1.47
264.71	0.00	1.41
499.82	0.04	1.57
837.21	0.00	0.94
264.71	0.00	1.40
500.00	0.00	0.98
836.92	0.04	2.44
264.60	0.04	1.65
500.00	0.00	1.00
837.06	0.02	1.04
264.61	0.04	2.09
500.00	0.00	0.50
837.21	0.00	0.96
264.61	0.04	1.62
499.91	0.02	0.59
837.06	0.02	1.96
264.71	0.00	0.93
500.00	0.00	1.47
837.21	0.00	0.98
264.71	0.00	1.00
499.91	0.02	2.05
836.92	0.04	1.56
264.71	0.00	0.91
500.00	0.00	0.90
837.21	0.00	0.46
264.71	0.00	0.99
499.91	0.02	2.01
837.21	0.00	0.98
264.66	0.02	1.13
499.74	0.05	1.78
836.92	0.04	2.08
264.61	0.04	2.03
500.00	0.00	1.45
837.06	0.02	1.00
264.71	0.00	1.41
499.80	0.04	1.02
837.21	0.00	0.92
264.61	0.04	1.15
499.91	0.02	1.97
837.06	0.02	1.46
264.55	0.06	2.16
499.91	0.02	1.04
837.06	0.02	0.53
264.71	0.00	0.98
499.91	0.02	1.04
837.21	0.00	0.48
264.71	0.00	1.51
499.91	0.02	1.56
837.06	0.02	1.50
264.66	0.02	1.46
500.00	0.00	0.90
837.21	0.00	0.90
264.71	0.00	1.45
499.91	0.02	1.49
837.21	0.00	0.97
264.61	0.04	1.56
499.82	0.04	1.09
837.06	0.02	0.53
264.66	0.02	1.55
500.00	0.00	0.48
837.06	0.02	1.91
264.71	0.00	1.51
500.00	0.00	1.51
837.06	0.02	1.05
264.66	0.02	1.04
499.82	0.04	2.50
837.21	0.00	0.99
264.71	0.00	1.42
499.82	0.04	1.07
836.87	0.04	1.09
264.60	0.04	1.59
500.00	0.00	0.49
837.21	0.00	0.48
264.71	0.00	0.45
499.91	0.02	0.51
837.21	0.00	0.90
264.66	0.02	1.06
499.91	0.02	1.49
837.21	0.00	0.94
264.66	0.02	1.65
500.00	0.00	0.99
837.06	0.02	1.97
264.60	0.04	1.64
500.00	0.00	1.46
836.92	0.04	2.02
264.61	0.04	1.13
500.00	0.00	0.45
837.06	0.02	1.45
264.61	0.04	1.99
500.00	0.00	0.48
836.92	0.04	1.96
264.66	0.02	2.15
499.80	0.04	2.22
837.21	0.00	1.50
264.71	0.00	1.35
500.00	0.00	0.93
837.21	0.00	0.93
264.66	0.02	2.05
500.00	0.00	0.98
837.06	0.02	1.45
264.65	0.02	1.55
499.80	0.04	1.11
837.21	0.00	1.38
264.66	0.02	0.53
500.00	0.00	0.94
836.92	0.04	1.05
264.71	0.00	1.56
499.91	0.02	1.56
837.21	0.00	0.99
264.61	0.04	2.14
499.82	0.04	2.09
837.21	0.00	1.02
264.66	0.02	1.09
499.82	0.04	2.19
837.06	0.02	1.57
264.66	0.02	1.46
499.91	0.02	1.96
837.21	0.00	0.50
264.71	0.00	1.57
499.71	0.06	2.11
837.06	0.02	1.96
264.66	0.02	1.03
499.91	0.02	1.02
837.21	0.00	0.96
264.71	0.00	0.92
499.91	0.02	1.98
837.21	0.00	0.97
264.66	0.02	1.52
499.91	0.02	1.45
837.21	0.00	0.96
264.60	0.04	1.59
500.00	0.00	0.45
837.06	0.02	1.44
264.57	0.05	2.16
499.82	0.04	1.65
836.92	0.04	1.11
264.61	0.04	2.09
499.82	0.04	2.15
837.21	0.00	0.97
264.71	0.00	1.56
500.00	0.00	1.53
837.21	0.00	1.00
264.60	0.04	1.17
499.91	0.02	1.11
836.77	0.05	1.62
264.66	0.02	1.49
500.00	0.00	1.35
837.21	0.00	0.46
264.71	0.00	0.45
499.82	0.04	1.56
837.21	0.00	0.96
264.61	0.04	2.51
499.91	0.02	1.03
837.06	0.02	0.99
264.66	0.02	1.05
500.00	0.00	0.94
836.87	0.04	1.06
264.66	0.02	1.03
499.91	0.02	1.57
836.92	0.04	2.01
264.66	0.02	2.21
499.74	0.05	1.82
836.92	0.04	2.12
264.71	0.00	0.51
500.00	0.00	1.06
837.06	0.02	1.97
264.71	0.00	1.41
499.82	0.04	2.06
837.21	0.00	0.97
264.71	0.00	1.53
499.91	0.02	1.56
836.87	0.04	1.13
264.66	0.02	1.11
499.80	0.04	1.19
837.06	0.02	2.44
264.66	0.02	1.03
499.82	0.04	1.56
837.21	0.00	0.48
264.71	0.00	0.93
500.00	0.00	0.45
837.21	0.00	0.46
264.57	0.05	1.69
499.91	0.02	1.07
837.06	0.02	1.44
264.71	0.00	1.03
499.74	0.05	2.24
836.92	0.04	2.55
264.71	0.00	0.94
499.82	0.04	1.10
836.92	0.04	1.55
264.65	0.02	1.04
499.82	0.04	2.09
837.06	0.02	1.05
264.71	0.00	0.46
499.91	0.02	1.02
837.06	0.02	0.54
264.71	0.00	1.45
500.00	0.00	0.96
837.06	0.02	0.96
264.61	0.04	2.06
500.00	0.00	1.52
837.21	0.00	0.99
264.61	0.04	1.66
499.82	0.04	1.67
837.02	0.02	1.05
264.61	0.04	1.61
500.00	0.00	0.96
837.21	0.00	0.97
264.71	0.00	0.45
500.00	0.00	0.93
837.21	0.00	0.47
264.71	0.00	0.99
499.74	0.05	1.65
837.06	0.02	1.02
264.71	0.00	1.45
500.00	0.00	0.98
837.21	0.00	0.96
264.71	0.00	0.98
500.00	0.00	0.99
837.06	0.02	0.99
264.66	0.02	1.56
500.00	0.00	0.48
836.92	0.04	1.99
264.71	0.00	0.48
499.80	0.04	1.63
837.21	0.00	1.45
264.66	0.02	0.96
500.00	0.00	0.94
837.06	0.02	0.98
264.66	0.02	2.09
500.00	0.00	1.46
837.21	0.00	1.41
264.71	0.00	0.90
499.89	0.02	1.05
837.06	0.02	1.01
264.71	0.00	0.91
500.00	0.00	1.41
837.21	0.00	0.95
264.71	0.00	0.95
499.82	0.04	2.01
837.21	0.00	0.49
264.71	0.00	1.61
499.91	0.02	1.14
836.92	0.04	2.05
264.66	0.02	1.11
500.00	0.00	1.07
836.92	0.04	2.02
264.61	0.04	2.22
500.00	0.00	1.02
836.92	0.04	2.48
264.71	0.00	0.90
500.00	0.00	0.93
837.06	0.02	0.96
264.66	0.02	1.54
499.91	0.02	1.93
837.06	0.02	1.03
264.71	0.00	1.40
499.91	0.02	1.48
837.21	0.00	0.92
264.71	0.00	1.01
499.80	0.04	1.12
837.06	0.02	1.47
264.61	0.04	1.65
499.91	0.02	1.07
837.06	0.02	0.54
264.71	0.00	0.99
500.00	0.00	0.91
837.21	0.00	1.39
264.71	0.00	0.98
500.00	0.00	0.98
837.21	0.00	0.48
264.66	0.02	1.57
500.00	0.00	1.54
837.06	0.02	1.05
264.71	0.00	1.46
499.82	0.04	2.07
837.21	0.00	1.43
264.71	0.00	1.47
499.82	0.04	1.07
837.21	0.00	0.45
264.61	0.04	2.07
499.91	0.02	0.52
837.21	0.00	0.93
264.61	0.04	2.05
500.00	0.00	0.48
837.21	0.00	0.48
264.71	0.00	1.43
499.91	0.02	1.58
837.21	0.00	1.48
264.66	0.02	1.93
500.00	0.00	0.99
837.06	0.02	1.03
264.71	0.00	1.50
499.89	0.02	1.02
836.92	0.04	1.55
264.71	0.00	1.46
499.91	0.02	1.01
837.21	0.00	0.49
264.66	0.02	1.58
499.82	0.04	1.12
837.06	0.02	0.55
264.66	0.02	1.01
499.91	0.02	1.51
837.06	0.02	1.01
264.71	0.00	0.90
500.00	0.00	0.95
837.21	0.00	1.40
264.71	0.00	1.43
500.00	0.00	0.96
837.21	0.00	0.96
264.61	0.04	1.02
499.82	0.04	1.99
837.02	0.02	0.54
264.71	0.00	0.47
500.00	0.00	1.95
836.92	0.04	1.53
264.66	0.02	1.12
500.00	0.00	1.53
837.21	0.00	1.92
264.66	0.02	1.58
499.91	0.02	1.03
836.92	0.04	1.06
264.61	0.04	2.23
499.91	0.02	1.11
836.92	0.04	1.60
264.71	0.00	1.02
499.82	0.04	1.53
836.92	0.04	1.51
264.55	0.06	1.60
500.00	0.00	0.50
837.21	0.00	0.94
264.66	0.02	2.05
499.91	0.02	1.57
837.21	0.00	0.99
264.66	0.02	1.65
499.82	0.04	2.17
837.06	0.02	1.56
264.66	0.02	1.04
499.82	0.04	1.57
837.06	0.02	1.04
264.71	0.00	1.97
500.00	0.00	1.01
837.21	0.00	1.42
264.71	0.00	0.90
500.00	0.00	0.95
837.21	0.00	0.94
264.71	0.00	1.46
500.00	0.00	0.98
836.92	0.04	1.98
264.66	0.02	0.99
499.91	0.02	0.97
837.21	0.00	0.95
264.71	0.00	1.46
500.00	0.00	0.90
837.06	0.02	0.99
264.71	0.00	0.98
500.00	0.00	0.48
837.21	0.00	0.46
264.66	0.02	0.52
499.89	0.02	0.51
837.21	0.00	0.46
264.71	0.00	1.56
499.91	0.02	1.59
837.21	0.00	1.91
264.66	0.02	1.01
499.91	0.02	1.50
837.21	0.00	0.92
264.66	0.02	1.53
499.82	0.04	1.09
837.21	0.00	0.47
264.61	0.04	2.17
500.00	0.00	1.00
837.02	0.02	1.03
264.71	0.00	1.57
500.00	0.00	1.55
837.21	0.00	1.48
264.71	0.00	1.43
499.89	0.02	1.07
837.06	0.02	1.49
264.65	0.02	1.13
499.91	0.02	1.02
837.06	0.02	1.93
264.61	0.04	2.10
500.00	0.00	1.88
837.06	0.02	1.00
264.66	0.02	1.46
500.00	0.00	0.98
837.21	0.00	0.47
264.61	0.04	2.16
499.82	0.04	2.08
837.06	0.02	1.08
264.71	0.00	1.53
499.91	0.02	2.04
837.21	0.00	1.47
264.66	0.02	1.10
499.82	0.04	2.73
836.73	0.06	2.19
264.71	0.00	1.04
499.91	0.02	1.08
836.92	0.04	1.52
264.66	0.02	1.63
499.91	0.02	0.57
836.92	0.04	2.51
264.65	0.02	0.51
500.00	0.00	0.48
837.21	0.00	0.45
264.71	0.00	1.45
500.00	0.00	0.96
837.06	0.02	0.96
264.57	0.05	1.65
500.00	0.00	0.92
837.06	0.02	1.00
264.66	0.02	0.96
500.00	0.00	0.93
837.21	0.00	0.47
264.71	0.00	0.93
500.00	0.00	1.43
837.06	0.02	1.02
264.66	0.02	1.53
500.00	0.00	1.45
837.06	0.02	1.02
264.71	0.00	1.41
499.91	0.02	1.51
837.21	0.00	0.95
264.71	0.00	1.53
499.91	0.02	2.55
837.21	0.00	1.51
264.71	0.00	1.01
500.00	0.00	0.96
837.21	0.00	1.85
264.61	0.04	1.54
500.00	0.00	0.46
837.02	0.02	0.54
264.71	0.00	0.49
499.91	0.02	2.00
837.21	0.00	1.00
264.71	0.00	1.48
499.91	0.02	2.07
837.21	0.00	1.46
264.66	0.02	1.97
499.80	0.04	1.60
837.06	0.02	1.03
264.71	0.00	0.96
499.89	0.02	1.04
837.06	0.02	0.53
264.71	0.00	0.95
500.00	0.00	0.48
837.21	0.00	0.45
264.66	0.02	0.97
500.00	0.00	0.46
837.21	0.00	0.47
264.66	0.02	2.49
500.00	0.00	1.46
837.21	0.00	0.97
264.66	0.02	2.09
500.00	0.00	1.54
836.92	0.04	1.59
264.61	0.04	1.54
500.00	0.00	0.93
837.21	0.00	0.47
264.71	0.00	0.98
500.00	0.00	0.48
837.21	0.00	0.47
264.71	0.00	0.47
500.00	0.00	1.02
837.06	0.02	1.94
264.66	0.02	2.06
499.91	0.02	1.54
837.06	0.02	1.49
264.71	0.00	1.49
499.91	0.02	1.52
837.21	0.00	0.96
264.71	0.00	1.51
499.82	0.04	1.08
837.21	0.00	0.48
264.66	0.02	1.07
499.91	0.02	1.48
836.92	0.04	1.55
264.71	0.00	0.47
500.00	0.00	0.98
837.21	0.00	0.94
264.71	0.00	1.50
499.91	0.02	1.12
837.21	0.00	1.46
264.71	0.00	0.92
499.91	0.02	1.45
837.21	0.00	0.92
264.71	0.00	1.51
500.00	0.00	0.97
836.92	0.04	1.07
264.71	0.00	1.46
500.00	0.00	0.49
837.06	0.02	0.54
264.71	0.00	0.47
500.00	0.00	0.48
836.92	0.04	1.95
264.66	0.02	1.55
499.91	0.02	1.07
837.21	0.00	1.45
264.66	0.02	1.95
499.91	0.02	1.05
837.21	0.00	0.96
264.71	0.00	1.05
499.91	0.02	1.49
837.06	0.02	1.92
264.71	0.00	0.99
499.91	0.02	0.54
837.21	0.00	0.47
264.57	0.05	2.10
500.00	0.00	0.46
836.92	0.04	1.51
264.66	0.02	1.60
500.00	0.00	1.00
837.21	0.00	1.40
264.66	0.02	1.54
500.00	0.00	1.45
837.06	0.02	0.99
264.71	0.00	1.52
499.91	0.02	1.06
837.06	0.02	1.04
264.66	0.02	0.97
500.00	0.00	0.49
836.87	0.04	1.04
264.60	0.04	1.60
499.91	0.02	1.00
836.92	0.04	1.09
264.66	0.02	1.07
499.91	0.02	1.55
837.06	0.02	1.51
264.71	0.00	1.00
499.89	0.02	1.62
837.06	0.02	1.54
264.71	0.00	1.42
499.91	0.02	1.49
837.21	0.00	0.48
264.60	0.04	1.48
500.00	0.00	0.46
837.21	0.00	0.46
264.71	0.00	0.98
500.00	0.00	1.43
837.21	0.00	0.48
264.65	0.02	1.09
499.91	0.02	1.56
836.87	0.04	1.54
264.66	0.02	1.04
499.91	0.02	1.55
837.21	0.00	0.96
264.71	0.00	0.99
499.82	0.04	2.03
837.21	0.00	0.96
264.66	0.02	1.63
499.91	0.02	1.61
837.06	0.02	1.54
264.71	0.00	1.50
499.91	0.02	1.00
836.92	0.04	1.50
264.61	0.04	2.21
499.82	0.04	2.09
837.06	0.02	1.52
264.71	0.00	1.53
499.82	0.04	2.12
837.21	0.00	1.00
264.66	0.02	1.04
499.91	0.02	1.53
837.06	0.02	1.03
264.66	0.02	1.59
499.91	0.02	1.64
837.06	0.02	2.02
264.66	0.02	0.51
499.82	0.04	1.54
836.77	0.05	1.57
264.65	0.02	1.94
499.89	0.02	1.07
837.21	0.00	0.96
264.66	0.02	1.01
500.00	0.00	0.90
837.21	0.00	0.91
264.66	0.02	1.54
500.00	0.00	0.99
837.21	0.00	0.48
264.71	0.00	1.00
500.00	0.00	1.49
837.21	0.00	1.45
264.71	0.00	0.96
500.00	0.00	1.00
836.77	0.05	1.58
264.60	0.04	1.72
500.00	0.00	1.60
837.21	0.00	1.50
264.71	0.00	0.94
500.00	0.00	1.38
837.21	0.00	0.91
264.71	0.00	0.93
499.82	0.04	1.02
837.06	0.02	0.52
264.71	0.00	0.97
500.00	0.00	1.44
837.06	0.02	1.03
264.71	0.00	1.51
499.91	0.02	0.57
837.06	0.02	1.96
264.66	0.02	1.60
500.00	0.00	1.50
837.06	0.02	1.02
264.66	0.02	1.12
500.00	0.00	1.00
836.92	0.04	2.03
264.66	0.02	1.08
500.00	0.00	1.52
837.06	0.02	1.05
264.71	0.00	2.04
499.91	0.02	1.01
836.92	0.04	2.45
264.66	0.02	1.01
500.00	0.00	0.96
837.21	0.00	0.90
264.71	0.00	1.46
499.91	0.02	1.01
837.06	0.02	1.41
264.66	0.02	1.41
500.00	0.00	1.45
837.21	0.00	0.96
264.71	0.00	0.93
499.91	0.02	0.96
837.21	0.00	0.46
264.71	0.00	0.92
500.00	0.00	0.49
837.21	0.00	0.91
264.71	0.00	0.97
500.00	0.00	1.39
837.21	0.00	1.40
264.71	0.00	1.36
499.91	0.02	0.99
837.21	0.00	0.91
264.66	0.02	2.16
500.00	0.00	1.06
837.21	0.00	1.48
264.61	0.04	2.06
500.00	0.00	1.47
837.06	0.02	1.52
264.66	0.02	1.44
500.00	0.00	0.90
837.21	0.00	0.91
264.71	0.00	1.51
499.91	0.02	1.05
837.21	0.00	0.98
264.66	0.02	1.51
499.74	0.05	1.57
837.06	0.02	1.00
264.66	0.02	1.95
500.00	0.00	1.48
837.21	0.00	0.98
264.66	0.02	0.99
500.00	0.00	1.49
837.06	0.02	1.03
264.61	0.04	1.09
500.00	0.00	2.02
837.21	0.00	1.92
264.71	0.00	0.47
499.91	0.02	1.49
837.21	0.00	0.95
264.71	0.00	1.45
500.00	0.00	0.93
837.21	0.00	1.38
264.60	0.04	2.29
499.91	0.02	1.07
836.92	0.04	2.08
264.66	0.02	0.96
500.00	0.00	0.91
837.21	0.00	0.46
264.66	0.02	1.58
500.00	0.00	0.50
837.06	0.02	1.02
264.57	0.05	2.04
499.71	0.06	1.67
837.06	0.02	1.02
264.71	0.00	1.51
500.00	0.00	1.56
836.92	0.04	2.05
264.71	0.00	1.48
499.82	0.04	1.52
837.21	0.00	0.93
264.71	0.00	0.97
500.00	0.00	1.46
837.06	0.02	1.45
264.71	0.00	1.00
499.82	0.04	1.14
837.21	0.00	0.97
264.71	0.00	1.46
500.00	0.00	0.94
837.06	0.02	1.00
264.66	0.02	1.02
499.91	0.02	1.02
837.21	0.00	0.90
264.66	0.02	1.03
500.00	0.00	1.43
837.06	0.02	1.92
264.61	0.04	2.23
500.00	0.00	1.53
837.06	0.02	1.48
264.71	0.00	0.93
499.91	0.02	0.99
837.21	0.00	0.46
264.71	0.00	1.42
499.91	0.02	1.00
836.92	0.04	1.49
264.71	0.00	1.44
499.82	0.04	2.07
837.21	0.00	0.96
264.71	0.00	1.87
499.82	0.04	1.98
837.06	0.02	0.97
264.66	0.02	1.61
499.89	0.02	1.10
837.06	0.02	1.49
264.66	0.02	1.54
499.91	0.02	0.56
837.21	0.00	0.95
264.71	0.00	1.03
499.82	0.04	1.67
836.92	0.04	2.09
264.55	0.06	1.62
499.74	0.05	2.13
837.21	0.00	1.41
264.71	0.00	0.98
499.74	0.05	2.17
836.92	0.04	1.09
264.71	0.00	1.53
500.00	0.00	1.03
837.06	0.02	1.97
264.71	0.00	0.93
499.91	0.02	0.99
837.21	0.00	0.94
264.71	0.00	0.51
499.91	0.02	1.15
836.92	0.04	2.50
264.71	0.00	1.57
500.00	0.00	1.03
836.92	0.04	1.10
264.66	0.02	0.96
500.00	0.00	0.98
837.21	0.00	0.94
264.66	0.02	1.02
499.80	0.04	1.57
837.21	0.00	0.47
264.66	0.02	1.46
499.91	0.02	1.44
837.06	0.02	0.52
264.71	0.00	0.46
500.00	0.00	0.90
837.21	0.00	0.46
264.71	0.00	1.46
499.91	0.02	1.47
837.21	0.00	0.92
264.57	0.05	1.62
500.00	0.00	1.89
836.87	0.04	1.06
264.61	0.04	2.09
499.91	0.02	1.61
837.21	0.00	1.49
264.66	0.02	1.50
500.00	0.00	0.48
837.21	0.00	0.46
264.71	0.00	1.00
500.00	0.00	0.52
837.21	0.00	1.41
264.66	0.02	1.68
499.91	0.02	1.62
837.21	0.00	1.47
264.66	0.02	1.02
500.00	0.00	0.93
837.21	0.00	0.92
264.66	0.02	1.53
499.82	0.04	1.58
837.21	0.00	0.49
264.66	0.02	1.02
500.00	0.00	1.92
837.21	0.00	0.98
264.71	0.00	0.49
499.91	0.02	1.07
836.92	0.04	1.53
264.71	0.00	1.41
499.91	0.02	1.51
837.21	0.00	0.94
264.71	0.00	1.55
499.91	0.02	1.07
837.06	0.02	1.94
264.61	0.04	2.03
499.91	0.02	2.39
837.06	0.02	0.52
264.71	0.00	0.91
499.71	0.06	1.68
837.06	0.02	1.94
264.66	0.02	1.02
499.82	0.04	2.00
836.92	0.04	1.49
264.66	0.02	1.68
500.00	0.00	1.59
837.21	0.00	1.50
264.66	0.02	1.51
499.80	0.04	1.70
836.92	0.04	2.08
264.66	0.02	1.07
499.91	0.02	1.55
837.21	0.00	0.98
264.71	0.00	1.43
500.00	0.00	0.50
837.06	0.02	1.48
264.71	0.00	1.55
499.71	0.06	1.73
837.21	0.00	1.00
264.66	0.02	1.02
500.00	0.00	1.43
837.21	0.00	0.96
264.60	0.04	1.48
500.00	0.00	0.93
837.21	0.00	0.90
264.71	0.00	1.46
500.00	0.00	0.97
836.92	0.04	1.55
264.71	0.00	0.90
500.00	0.00	0.99
837.21	0.00	1.41
264.71	0.00	0.93
499.82	0.04	1.54
837.06	0.02	1.02
264.65	0.02	1.71
500.00	0.00	1.56
836.92	0.04	2.09
264.71	0.00	1.41
500.00	0.00	0.91
837.02	0.02	0.99
264.60	0.04	1.09
500.00	0.00	0.99
837.21	0.00	0.97
264.66	0.02	1.02
499.91	0.02	1.02
837.21	0.00	0.45
264.71	0.00	0.50
500.00	0.00	0.49
837.06	0.02	1.89
264.66	0.02	1.46
500.00	0.00	1.45
837.21	0.00	0.96
264.66	0.02	1.03
499.74	0.05	2.15
837.21	0.00	1.45
264.71	0.00	1.46
500.00	0.00	0.99
837.06	0.02	0.55
264.71	0.00	0.95
500.00	0.00	1.43
837.21	0.00	0.92
264.66	0.02	1.00
500.00	0.00	0.46
837.06	0.02	0.53
264.61	0.04	1.61
499.89	0.02	1.02
837.21	0.00	0.94
264.66	0.02	0.97
499.80	0.04	2.16
836.92	0.04	1.60
264.61	0.04	2.02
499.91	0.02	1.52
837.21	0.00	0.94
264.66	0.02	1.06
499.91	0.02	0.56
837.06	0.02	0.99
264.71	0.00	0.47
500.00	0.00	0.47
837.21	0.00	0.93
264.66	0.02	1.13
499.91	0.02	2.08
837.21	0.00	1.51
264.71	0.00	1.56
500.00	0.00	1.00
837.06	0.02	1.03
264.71	0.00	1.02
499.82	0.04	1.63
837.06	0.02	1.03
264.61	0.04	1.11
499.91	0.02	1.05
837.21	0.00	0.48
264.71	0.00	1.35
499.91	0.02	1.47
837.06	0.02	0.54
264.66	0.02	1.64
499.91	0.02	1.09
837.21	0.00	1.45
264.65	0.02	1.02
500.00	0.00	1.42
837.21	0.00	0.91
264.66	0.02	1.06
500.00	0.00	0.91
837.06	0.02	1.45
264.71	0.00	0.96
500.00	0.00	0.98
837.21	0.00	0.96
264.66	0.02	0.99
500.00	0.00	0.48
837.21	0.00	1.38
264.66	0.02	1.15
500.00	0.00	1.54
836.92	0.04	2.02
264.65	0.02	1.02
500.00	0.00	0.90
837.21	0.00	0.92
264.65	0.02	1.52
500.00	0.00	0.90
837.21	0.00	0.94
264.71	0.00	0.96
499.82	0.04	1.50
837.21	0.00	0.94
264.66	0.02	0.53
499.82	0.04	1.16
837.06	0.02	1.49
264.71	0.00	1.63
499.91	0.02	1.08
836.73	0.06	2.10
264.71	0.00	1.59
499.91	0.02	1.65
837.06	0.02	2.47
264.71	0.00	0.94
500.00	0.00	0.93
837.06	0.02	0.99
264.71	0.00	0.97
499.91	0.02	0.54
837.21	0.00	0.47
264.61	0.04	2.13
500.00	0.00	0.49
837.21	0.00	1.41
264.71	0.00	0.95
500.00	0.00	1.41
837.21	0.00	0.90
264.66	0.02	1.08
500.00	0.00	1.51
836.92	0.04	2.05
264.66	0.02	1.04
500.00	0.00	1.54
837.06	0.02	1.93
264.71	0.00	1.38
499.91	0.02	1.02
837.06	0.02	1.01
264.61	0.04	1.61
500.00	0.00	0.47
837.06	0.02	1.90
264.71	0.00	1.37
499.91	0.02	1.95
837.06	0.02	1.00
264.66	0.02	1.09
499.91	0.02	1.07
836.92	0.04	2.04
264.61	0.04	1.11
499.82	0.04	1.09
836.92	0.04	1.97
264.71	0.00	0.95
499.91	0.02	1.01
837.21	0.00	0.47
264.71	0.00	0.95
500.00	0.00	0.49
836.73	0.06	2.02
264.66	0.02	2.07
500.00	0.00	1.47
837.06	0.02	1.53
264.71	0.00	1.02
499.91	0.02	1.07
837.21	0.00	0.97
264.66	0.02	1.09
499.89	0.02	1.08
836.73	0.06	1.59
264.71	0.00	0.92
500.00	0.00	0.47
836.92	0.04	1.05
264.66	0.02	1.48
499.82	0.04	1.56
837.21	0.00	0.48
264.66	0.02	1.06
499.91	0.02	2.08
837.21	0.00	1.91
264.66	0.02	1.55
499.91	0.02	1.54
837.06	0.02	1.50
264.71	0.00	0.95
500.00	0.00	0.96
837.21	0.00	0.45
264.61	0.04	2.01
500.00	0.00	0.99
837.21	0.00	0.48
264.66	0.02	1.53
500.00	0.00	1.44
837.21	0.00	1.41
264.66	0.02	1.65
500.00	0.00	1.56
836.92	0.04	1.99
264.66	0.02	2.24
499.91	0.02	1.68
836.92	0.04	2.13
264.60	0.04	1.12
500.00	0.00	0.99
837.06	0.02	0.54
264.71	0.00	1.01
500.00	0.00	0.94
837.06	0.02	0.99
264.66	0.02	2.01
500.00	0.00	0.46
836.92	0.04	1.06
264.66	0.02	1.01
500.00	0.00	1.53
837.21	0.00	1.44
264.65	0.02	1.02
499.91	0.02	0.98
837.21	0.00	0.93
264.71	0.00	1.45
500.00	0.00	0.93
837.21	0.00	0.92
264.71	0.00	0.97
499.91	0.02	0.54
837.21	0.00	1.37
264.71	0.00	0.98
499.91	0.02	1.04
837.21	0.00	0.48
264.66	0.02	1.55
499.91	0.02	1.04
837.21	0.00	0.96
264.71	0.00	1.38
500.00	0.00	0.96
837.21	0.00	0.95
264.71	0.00	1.01
499.82	0.04	1.05
836.73	0.06	2.05
264.66	0.02	1.63
500.00	0.00	0.53
837.21	0.00	1.90
264.66	0.02	1.47
499.91	0.02	0.99
837.06	0.02	0.98
264.66	0.02	1.56
499.82	0.04	1.52
837.21	0.00	1.41
264.71	0.00	1.58
499.91	0.02	1.10
837.21	0.00	1.94
264.66	0.02	1.54
499.91	0.02	1.05
837.21	0.00	0.97
264.66	0.02	1.55
499.82	0.04	1.08
837.21	0.00	0.95
264.71	0.00	0.50
499.82	0.04	1.64
836.92	0.04	2.04
264.66	0.02	1.43
500.00	0.00	0.93
837.21	0.00	0.95
264.66	0.02	1.55
499.91	0.02	2.53
837.06	0.02	1.53
264.71	0.00	0.93
499.82	0.04	2.54
837.21	0.00	0.97
264.61	0.04	2.06
499.91	0.02	1.97
837.06	0.02	0.99
264.61	0.04	1.74
500.00	0.00	1.08
836.92	0.04	1.59
264.71	0.00	1.45
499.91	0.02	0.99
837.21	0.00	0.95
264.71	0.00	1.55
500.00	0.00	0.96
837.21	0.00	1.85
264.71	0.00	1.06
500.00	0.00	1.61
836.92	0.04	2.07
264.71	0.00	1.43
499.91	0.02	2.02
837.06	0.02	1.53
264.66	0.02	0.99
500.00	0.00	1.03
836.92	0.04	1.55
264.71	0.00	1.38
499.91	0.02	0.96
837.21	0.00	1.36
264.66	0.02	1.08
499.91	0.02	1.06
836.92	0.04	2.01
264.66	0.02	1.52
500.00	0.00	1.00
837.21	0.00	0.93
264.71	0.00	0.96
499.82	0.04	2.46
837.02	0.02	1.01
264.66	0.02	1.89
499.91	0.02	1.44
837.21	0.00	0.46
264.61	0.04	2.73
499.91	0.02	1.61
837.21	0.00	0.99
264.61	0.04	2.12
500.00	0.00	1.47
836.87	0.04	1.56
264.60	0.04	2.06
500.00	0.00	0.97
837.21	0.00	0.49
264.71	0.00	1.51
500.00	0.00	0.51
837.06	0.02	1.01
264.66	0.02	1.56
499.91	0.02	1.53
837.21	0.00	0.49
264.61	0.04	2.59
499.91	0.02	1.09
837.21	0.00	1.46
264.66	0.02	1.05
499.91	0.02	1.00
836.92	0.04	1.04
264.71	0.00	1.53
499.80	0.04	2.07
837.21	0.00	0.49
264.61	0.04	2.12
500.00	0.00	1.53
837.06	0.02	1.06
264.57	0.05	2.13
499.82	0.04	1.08
837.06	0.02	0.52
264.66	0.02	0.99
500.00	0.00	1.35
837.21	0.00	0.92
264.71	0.00	1.44
499.91	0.02	1.97
837.21	0.00	0.95
264.71	0.00	1.06
500.00	0.00	1.06
837.21	0.00	1.91
264.66	0.02	1.06
500.00	0.00	0.91
837.21	0.00	1.39
264.71	0.00	1.04
499.91	0.02	0.57
837.21	0.00	1.85
264.71	0.00	1.47
499.91	0.02	1.60
837.21	0.00	1.46
264.66	0.02	1.48
500.00	0.00	0.97
837.21	0.00	1.36
264.66	0.02	2.03
500.00	0.00	0.99
837.21	0.00	0.98
264.61	0.04	2.04
499.74	0.05	1.61
837.21	0.00	0.47
264.66	0.02	0.51
499.82	0.04	1.60
837.21	0.00	1.42
264.57	0.05	1.75
499.91	0.02	1.05
837.21	0.00	1.46
264.60	0.04	2.01
499.91	0.02	2.03
837.06	0.02	1.02
264.71	0.00	0.98
499.91	0.02	1.47
837.21	0.00	0.47
264.71	0.00	0.99
499.82	0.04	2.05
837.06	0.02	1.52
264.66	0.02	0.55
499.82	0.04	2.18
837.06	0.02	2.01
264.66	0.02	1.57
499.91	0.02	1.66
836.92	0.04	1.59
264.71	0.00	1.56
500.00	0.00	1.52
837.02	0.02	1.06
264.71	0.00	1.55
499.91	0.02	1.57
836.92	0.04	1.54
264.61	0.04	2.18
499.91	0.02	1.59
837.21	0.00	0.99
264.66	0.02	1.08
499.80	0.04	1.65
837.06	0.02	1.06
