0.00	100.00	0.00
3286.45	5.42	21.24
3474.90	0.00	7.45
3600.00	0.00	4.06
3600.00	0.00	3.61
3600.00	0.00	3.16
6000.00	0.00	4.06
6000.00	0.00	3.61
6000.00	0.00	3.61
4500.00	0.00	3.61
9000.00	0.00	3.16
4500.00	0.00	3.61
18000.00	0.00	0.45
0.00	100.00	0.00
0.00	100.00	0.00
4271.48	0.00	7.60
3417.18	0.00	14.48
854.30	0.00	12.68
857.14	0.00	12.18
9000.00	0.00	2.71
3428.57	11.11	19.17
0.00	100.00	0.00
3435.11	0.00	24.54
3430.29	0.14	8.56
2250.00	0.00	4.96
2250.00	0.00	4.51
4500.00	0.00	4.96
0.00	100.00	0.00
5389.06	0.00	6.03
5389.22	0.00	9.94
3464.14	3.58	10.42
3592.81	0.00	6.33
3592.81	0.00	8.59
4465.60	0.00	37.94
8945.48	0.00	15.31
4317.23	3.48	35.14
0.00	100.00	0.00
3600.00	0.00	17.17
3600.00	0.00	9.04
2941.18	0.00	7.34
4411.63	0.00	7.93
2941.18	0.00	3.21
18000.00	0.00	0.45
0.00	100.00	0.00
0.00	100.00	0.00
2013.25	0.68	15.56
2024.18	0.14	19.63
2027.03	0.00	10.37
0.00	100.00	0.00
0.00	100.00	0.00
3000.00	0.00	19.40
4800.00	0.00	9.47
1200.00	0.00	9.92
10800.00	0.00	1.20
1631.91	0.00	6.79
8159.56	0.00	2.90
6527.65	0.00	6.90
2562.64	0.00	16.29
0.00	100.00	0.00
2050.11	0.00	40.19
5625.00	0.00	5.68
1125.00	0.00	9.47
4500.00	0.00	10.49
0.00	100.00	0.00
2960.44	20.00	27.00
0.00	100.00	0.00
2593.66	0.00	11.69
2453.00	5.42	24.73
0.00	100.00	0.00
3435.11	0.00	7.43
3430.29	0.14	6.65
6870.23	0.00	1.63
3272.73	0.00	11.50
818.18	0.00	13.08
4090.91	0.00	4.87
2211.30	0.00	8.70
1962.53	11.25	11.27
2211.30	0.00	7.34
3428.57	0.00	7.56
3423.09	0.16	9.38
3428.57	0.00	5.64
2571.43	0.00	9.47
5142.86	0.00	6.77
2559.81	0.45	7.70
0.00	100.00	0.00
2990.03	0.00	24.91
2990.03	0.00	7.70
2482.70	0.14	18.28
0.00	100.00	0.00
2476.76	0.38	26.43
0.00	100.00	0.00
3428.57	0.00	15.31
4285.71	0.00	12.72
4500.00	0.00	10.83
4500.00	0.00	16.24
0.00	100.00	0.00
3364.49	0.00	8.75
3349.29	0.45	5.91
3364.49	0.00	4.98
2488.48	0.00	13.10
1651.49	0.45	15.36
829.49	0.00	16.87
18000.00	0.00	0.45
0.00	100.00	0.00
0.00	100.00	0.00
1769.15	3.58	17.42
1834.86	0.00	7.82
1769.15	3.58	14.36
2151.00	3.80	12.25
2236.02	0.00	10.44
2236.02	0.00	14.05
3600.00	0.00	15.79
900.00	0.00	9.92
4338.83	3.58	5.61
3543.31	0.00	4.58
3543.31	0.00	2.29
3543.20	0.00	4.13
3600.00	0.00	2.71
3600.00	0.00	8.57
3600.00	0.00	12.18
0.00	100.00	0.00
3000.00	0.00	25.71
0.00	100.00	0.00
0.00	100.00	0.00
3409.09	0.00	23.62
3403.64	0.16	9.54
0.00	100.00	0.00
3600.00	0.00	8.12
3600.00	0.00	15.34
3600.00	0.00	8.12
18000.00	0.00	0.90
3600.00	0.00	2.71
4500.00	0.00	2.26
4492.80	0.16	7.91
4500.00	0.00	4.62
2571.43	0.00	12.63
2571.43	0.00	15.34
2482.02	3.48	8.77
2456.09	0.26	12.77
2462.38	0.00	26.38
0.00	100.00	0.00
0.00	100.00	0.00
3428.57	0.00	22.78
0.00	100.00	0.00
3000.00	0.00	4.06
9000.00	0.00	2.71
3000.00	0.00	5.41
5988.02	0.00	1.81
1197.60	0.00	7.68
4790.42	0.00	12.65
1978.83	3.48	9.72
2050.11	0.00	10.74
2050.11	0.00	10.75
3600.00	0.00	18.04
0.00	100.00	0.00
3600.00	0.00	9.02
2054.79	0.00	20.88
0.00	100.00	0.00
1983.35	3.48	30.75
4500.00	0.00	4.06
4500.00	0.00	3.61
4500.00	0.00	2.26
4406.36	0.00	4.36
2109.83	4.24	11.21
2124.27	3.58	10.53
2834.65	0.00	27.58
707.04	75.06	18.19
0.00	100.00	0.00
0.00	100.00	0.00
531.76	0.00	19.23
2127.03	20.00	22.17
1158.84	3.58	49.83
2451.86	0.00	36.48
1152.34	4.12	57.03
6000.00	0.00	1.80
6000.00	0.00	1.35
6000.00	0.00	1.80
3364.49	0.00	6.79
3364.49	0.00	6.18
3349.29	0.45	5.01
2169.42	3.58	33.69
0.00	100.00	0.00
2250.00	0.00	10.83
9000.00	0.00	2.71
3000.00	0.00	6.77
3000.00	0.00	5.86
0.00	100.00	0.00
3000.00	0.00	34.73
0.00	100.00	0.00
0.00	100.00	0.00
4000.00	0.00	15.56
1999.94	0.00	9.06
18000.00	0.00	0.90
6545.45	0.00	5.98
1636.36	0.00	5.86
3474.83	3.48	7.83
3600.00	0.00	6.32
3600.00	0.00	6.77
8937.69	0.00	11.23
4486.65	0.00	14.38
4451.04	0.00	14.05
2892.55	3.58	26.20
3000.00	0.00	9.92
0.00	100.00	0.00
4459.99	0.16	18.36
3083.31	3.58	36.20
1279.14	0.00	46.72
18000.00	0.00	0.90
5999.82	0.00	1.73
6000.00	0.00	2.71
2560.46	0.00	9.51
2560.46	0.00	23.56
0.00	100.00	0.00
3600.00	0.00	18.50
0.00	100.00	0.00
0.00	100.00	0.00
3541.56	0.00	17.97
4426.96	0.00	6.86
882.04	0.38	10.26
3356.82	0.41	5.90
3370.69	0.00	7.23
3370.79	0.00	2.41
4800.00	0.00	11.16
9600.00	0.00	1.30
1200.00	0.00	8.57
0.00	100.00	0.00
3435.11	0.00	8.67
3430.29	0.14	16.57
4500.00	0.00	5.41
4500.00	0.00	7.22
4500.00	0.00	4.51
685.71	0.00	18.65
2742.86	0.00	16.51
3300.91	3.72	6.35
3600.00	0.00	8.12
0.00	100.00	0.00
3600.00	0.00	14.44
18000.00	0.00	0.45
18000.00	0.00	0.45
0.00	100.00	0.00
2184.47	0.00	9.59
2181.40	0.14	10.15
2184.47	0.00	11.05
2393.62	0.00	5.65
2393.62	0.00	6.66
4620.78	3.48	6.26
2160.86	0.00	27.98
2160.86	0.00	29.35
2420.17	0.00	12.09
4239.33	0.14	3.83
4245.28	0.00	3.27
4245.28	0.00	2.36
4500.00	0.00	2.26
4500.00	0.00	5.86
4500.00	0.00	6.77
0.00	100.00	0.00
2571.43	0.00	37.44
2571.43	0.00	21.65
6000.00	0.00	6.77
4500.00	0.00	5.41
4500.00	0.00	4.51
4477.61	0.00	4.98
4477.61	0.00	4.07
4477.61	0.00	4.08
2620.09	0.00	7.34
2616.41	0.14	5.73
2602.56	0.67	4.85
2160.86	0.00	9.17
4305.35	0.38	7.24
2160.86	0.00	7.37
4343.54	3.48	7.83
4500.00	0.00	5.41
4500.00	0.00	4.51
1806.31	0.00	52.61
8946.24	0.00	12.55
1714.19	3.58	61.50
2570.14	3.48	28.86
0.00	100.00	0.00
2662.72	0.00	6.66
4114.75	0.00	23.29
2062.27	0.16	36.00
2046.30	0.14	40.22
5142.86	0.00	2.18
3423.09	0.16	5.48
3428.57	0.00	6.20
1887.82	0.68	34.41
0.00	100.00	0.00
1861.72	2.05	19.67
2571.43	0.00	25.26
2571.43	0.00	16.24
0.00	100.00	0.00
3061.41	0.00	32.97
2400.67	0.00	42.02
655.67	0.00	39.57
2730.58	0.00	13.76
4915.05	0.00	4.21
2181.40	0.14	11.84
2880.57	0.14	7.55
2884.62	0.00	5.63
2884.62	0.00	7.89
3247.88	0.00	23.59
1623.94	0.00	50.78
1623.94	0.00	46.74
3364.49	88.89	34.26
0.00	100.00	0.00
0.00	100.00	0.00
4474.49	0.00	37.45
4298.28	3.48	45.24
17905.10	0.00	7.29
3122.55	0.00	26.87
1140.41	0.00	33.05
4201.92	0.16	22.66
2693.34	4.24	9.24
2812.50	0.00	10.55
2812.50	0.00	6.68
3000.00	0.00	18.96
0.00	100.00	0.00
0.00	100.00	0.00
0.00	100.00	0.00
3000.00	0.00	19.40
0.00	100.00	0.00
2158.27	0.00	10.68
2158.27	0.00	6.17
2149.33	0.41	8.46
3658.54	0.00	6.66
3465.67	5.27	3.26
3658.54	0.00	2.63
4245.28	0.00	1.46
4245.28	0.00	1.91
4239.33	0.14	3.38
3585.66	0.00	6.33
3585.66	0.00	6.33
3585.66	0.00	6.78
2874.25	0.00	17.85
2874.25	20.00	19.55
718.56	0.00	25.76
2310.93	0.00	39.51
1109.64	3.58	86.35
1160.07	0.00	56.45
2884.62	0.00	5.40
2880.57	0.14	5.75
2884.62	0.00	6.30
2050.57	0.16	42.47
4140.58	0.00	10.06
2050.97	0.14	29.51
0.00	100.00	0.00
3435.11	0.00	7.89
3430.29	0.14	20.42
2091.25	3.80	15.53
2173.91	0.00	34.07
0.00	100.00	0.00
0.00	100.00	0.00
591.62	75.00	37.94
2662.28	0.00	27.06
3125.00	0.00	7.56
3016.34	3.48	9.12
3125.00	0.00	5.76
18000.00	0.00	0.45
0.00	100.00	0.00
18000.00	0.00	0.45
3600.00	0.00	5.41
0.00	100.00	0.00
3600.00	0.00	15.34
579.52	50.00	17.62
4636.19	11.11	12.54
4636.19	11.11	11.19
3260.87	0.00	7.70
1630.43	0.00	9.07
1630.43	0.00	11.78
3428.57	0.00	6.54
3423.09	0.16	7.00
3428.57	0.00	4.17
3000.00	0.00	9.47
3000.00	0.00	6.77
3000.00	0.00	11.73
2250.00	0.00	40.72
4500.00	0.00	21.48
2232.14	0.00	43.31
0.00	100.00	0.00
3600.00	0.00	15.46
3600.00	0.00	21.22
0.00	100.00	0.00
0.00	100.00	0.00
3600.00	0.00	20.75
2113.09	0.00	31.03
3791.42	0.00	21.30
2106.35	0.00	32.93
3517.68	1.90	3.04
3460.98	3.48	22.88
0.00	100.00	0.00
2747.89	0.16	9.30
2649.81	3.72	11.54
2752.29	0.00	8.16
2822.36	0.41	43.20
2834.11	0.00	43.34
8515.93	0.00	15.61
3600.00	0.00	18.04
6000.00	0.00	5.41
0.00	100.00	0.00
0.00	100.00	0.00
3585.66	0.00	26.72
3585.66	0.00	2.72
4488.78	0.00	3.62
4488.78	0.00	3.62
4488.78	0.00	3.17
2015.74	0.67	15.20
2029.31	0.00	15.77
2026.46	0.14	15.44
0.00	100.00	0.00
4411.76	0.00	14.27
4411.63	0.00	5.52
4313.36	0.00	17.56
5972.35	0.00	10.42
1672.26	0.00	16.59
4800.00	0.00	3.95
4800.00	0.00	8.35
1200.00	0.00	9.02
3197.16	0.00	2.99
3065.35	4.12	7.70
3197.16	0.00	7.04
692.31	0.00	21.09
2764.80	0.16	20.42
3461.54	0.00	5.59
0.00	100.00	0.00
3430.29	0.14	29.43
0.00	100.00	0.00
2779.86	3.48	13.56
2875.39	0.16	12.76
2880.00	0.00	10.83
1755.51	3.48	45.51
1958.65	0.00	17.08
1748.80	0.00	39.26
2549.84	0.41	9.25
2560.46	0.00	13.57
2468.75	3.58	15.59
3359.78	0.38	26.77
2667.34	0.00	31.48
710.91	0.00	50.64
2475.37	0.16	16.85
2479.34	0.00	24.28
0.00	100.00	0.00
2960.53	0.00	6.39
5921.05	0.00	7.08
2960.44	0.00	3.23
3000.00	0.00	7.67
3000.00	0.00	11.28
3000.00	0.00	3.16
2875.40	0.00	6.56
2870.80	0.16	5.21
2875.40	0.00	5.65
2227.72	0.00	10.00
2227.72	0.00	14.09
2227.66	0.00	14.09
0.00	100.00	0.00
3430.29	0.14	12.29
3435.11	0.00	21.27
2571.43	0.00	29.32
0.00	100.00	0.00
2571.43	0.00	10.38
3000.00	0.00	7.67
3000.00	0.00	5.86
3000.00	0.00	9.02
2355.14	0.00	34.64
2102.80	0.00	38.34
4542.06	0.00	18.38
4800.00	0.00	11.62
1200.00	0.00	12.86
7800.00	0.00	3.09
3000.00	0.00	7.22
3000.00	0.00	5.86
3000.00	0.00	5.86
3773.47	0.00	7.84
754.72	0.00	15.06
2910.75	3.58	19.06
3600.00	0.00	4.96
3600.00	0.00	2.71
3600.00	0.00	8.12
1800.00	0.00	7.67
1800.00	0.00	4.96
3600.00	0.00	12.63
2099.12	0.00	23.16
2620.22	0.14	15.86
524.78	0.00	19.65
0.00	100.00	0.00
3114.59	0.16	9.52
3007.85	3.58	21.49
3000.00	0.00	10.27
3000.00	0.00	6.32
2892.55	3.58	7.02
3600.00	0.00	5.86
3600.00	0.00	5.86
3600.00	0.00	5.86
1486.59	0.16	61.97
4347.80	0.00	35.74
4395.45	0.00	27.46
0.00	100.00	0.00
3000.00	0.00	13.98
3000.00	0.00	17.14
2571.43	0.00	9.92
2571.43	0.00	8.12
2571.43	0.00	9.92
4500.00	0.00	5.41
4500.00	0.00	4.96
4500.00	0.00	6.32
2227.66	0.00	35.66
0.00	100.00	0.00
2227.72	0.00	12.40
2870.81	0.00	6.55
2866.22	0.16	8.04
2870.81	0.00	7.00
2169.42	3.58	8.68
2250.00	0.00	9.73
2250.00	0.00	9.73
2181.82	0.00	22.33
545.45	0.00	18.95
2727.27	0.00	10.29
1634.88	0.00	8.12
1634.88	0.00	9.93
3269.75	0.00	11.06
5843.98	0.00	2.81
5844.16	0.00	1.39
5844.16	0.00	1.88
0.00	100.00	0.00
4500.00	0.00	13.53
0.00	100.00	0.00
1984.79	0.00	36.17
1711.03	0.00	36.99
3490.49	0.00	21.01
2247.19	0.00	9.49
1123.60	0.00	6.78
3370.79	0.00	10.09
1143.16	3.48	66.56
3079.29	0.00	27.59
4216.51	0.00	29.38
4500.00	0.00	4.96
4500.00	0.00	1.80
4500.00	0.00	1.80
900.00	0.00	20.75
3600.00	0.00	23.46
0.00	100.00	0.00
4500.00	0.00	3.16
4500.00	0.00	3.61
4500.00	0.00	3.16
4668.79	0.00	22.21
1795.69	0.00	36.99
4999.20	0.00	13.93
0.00	100.00	0.00
3543.20	0.00	11.01
3543.31	0.00	20.17
3000.00	0.00	6.77
3000.00	0.00	2.71
3000.00	0.00	8.12
4390.11	0.00	8.25
4237.60	3.48	9.80
4390.24	0.00	2.31
3600.00	0.00	7.22
3600.00	0.00	5.86
3600.00	0.00	6.32
2571.43	0.00	12.63
2571.43	0.00	27.07
0.00	100.00	0.00
4500.00	0.00	4.96
9000.00	0.00	2.71
4500.00	0.00	5.41
3600.00	0.00	5.42
3600.00	0.00	5.42
3600.00	0.00	4.07
4774.39	0.00	6.49
954.91	0.00	8.95
3682.83	3.58	14.58
4500.00	0.00	12.52
1125.00	0.00	13.08
5625.00	0.00	3.79
4726.89	0.00	6.80
945.38	0.00	13.00
3650.03	3.48	17.86
0.00	100.00	0.00
3600.00	0.00	15.79
9000.00	0.00	2.71
0.00	100.00	0.00
0.00	100.00	0.00
4147.47	0.00	14.00
0.00	100.00	0.00
3428.57	0.00	18.95
3428.57	0.00	9.47
4492.80	0.16	9.72
4500.00	0.00	14.34
0.00	100.00	0.00
3600.00	0.00	6.32
3599.89	0.00	6.80
3600.00	0.00	6.77
0.00	100.00	0.00
2359.11	0.00	29.07
2259.15	4.24	17.50
4500.00	0.00	5.86
4500.00	0.00	2.26
4500.00	0.00	2.26
3471.06	3.58	6.33
3600.00	0.00	2.71
3600.00	0.00	6.56
4712.04	0.00	8.98
3769.63	0.00	11.91
942.41	0.00	9.97
4500.00	0.00	6.77
4500.00	0.00	7.22
4500.00	0.00	7.22
0.00	100.00	0.00
750.00	0.00	30.67
3000.00	0.00	27.86
3591.88	0.00	25.13
2840.80	0.00	29.73
757.14	0.00	47.90
14376.96	0.16	0.56
0.00	100.00	0.00
0.00	100.00	0.00
3505.86	0.00	75.46
1772.45	0.14	137.89
1719.91	0.00	133.63
4000.00	0.00	10.83
2000.00	0.00	7.22
2000.00	0.00	9.02
3600.00	0.00	5.41
3600.00	0.00	4.06
3600.00	0.00	2.71
9213.48	0.00	17.01
3965.94	22.17	91.39
1028.04	0.00	79.55
3600.00	0.00	5.86
3600.00	0.00	6.77
3600.00	0.00	12.18
2432.21	0.41	13.35
2442.33	0.00	30.37
0.00	100.00	0.00
5142.39	0.00	28.42
2571.19	0.00	35.64
5138.47	0.38	33.25
3000.00	0.00	7.67
3000.00	0.00	6.77
3000.00	0.00	3.16
4586.09	3.95	16.63
0.00	100.00	0.00
18000.00	0.00	0.90
3594.24	0.16	22.70
3600.00	0.00	18.04
0.00	100.00	0.00
2374.19	0.68	8.61
2387.08	0.14	8.11
2390.44	0.00	5.48
2719.03	20.00	10.79
2719.03	0.00	9.18
1357.61	0.14	8.35
0.00	100.00	0.00
6000.00	0.00	10.15
9000.00	0.00	2.71
3600.00	0.00	18.04
0.00	100.00	0.00
3583.74	0.45	5.60
3600.00	0.00	9.02
2880.00	0.00	14.89
720.00	0.00	11.73
4500.00	0.00	11.95
9000.00	0.00	2.71
1125.00	0.00	9.92
4500.00	0.00	5.41
4500.00	0.00	6.32
4500.00	0.00	5.86
3000.00	0.00	18.16
750.00	0.00	11.28
3000.00	0.00	5.75
3372.37	0.14	6.69
3364.31	0.38	6.25
3377.11	0.00	2.81
18000.00	0.00	0.45
18000.00	0.00	0.45
0.00	100.00	0.00
2564.10	0.00	23.99
0.00	100.00	0.00
0.00	100.00	0.00
4500.00	0.00	16.70
0.00	100.00	0.00
0.00	100.00	0.00
4500.00	0.00	4.06
4500.00	0.00	4.51
4500.00	0.00	5.41
763.10	0.00	64.92
3594.39	0.00	25.75
2836.90	0.00	41.11
2990.03	0.00	4.53
5980.07	0.00	4.53
2990.03	0.00	3.62
2880.00	0.00	9.36
2776.85	3.58	10.64
2875.39	0.16	8.47
0.00	100.00	0.00
3585.66	0.00	23.02
3585.66	0.00	9.04
2571.43	0.00	9.02
2479.33	3.58	10.40
2571.43	0.00	9.47
4804.94	0.00	49.30
4602.81	3.58	57.82
4768.28	0.16	22.29
4411.76	0.00	14.24
0.00	100.00	0.00
4411.63	0.00	17.92
845.94	0.00	66.40
3107.24	0.00	32.56
3806.72	3.48	24.18
3600.00	0.00	6.32
3600.00	0.00	4.06
3600.00	0.00	5.86
0.00	100.00	0.00
3461.54	0.00	5.59
2769.23	0.00	36.99
3000.00	0.00	6.32
3000.00	0.00	7.67
3000.00	0.00	6.77
4008.16	3.58	9.29
4141.29	0.38	2.56
4151.21	0.14	5.16
1628.26	3.48	42.53
1628.26	3.48	46.59
5600.54	0.00	21.47
2178.33	0.16	11.18
2181.82	0.00	11.62
2181.82	0.00	11.62
6000.24	0.00	44.21
6038.65	0.00	32.90
5791.61	3.48	32.59
5729.56	0.00	11.84
17876.24	0.00	3.33
6187.93	0.00	5.92
2204.72	0.00	38.69
1119.71	0.38	38.86
1043.17	46.38	40.39
0.00	100.00	0.00
3600.00	0.00	17.14
0.00	100.00	0.00
0.00	100.00	0.00
2571.43	0.00	12.63
2571.43	0.00	23.46
17940.67	0.00	4.33
17940.67	0.00	4.33
5932.76	0.00	17.19
4500.00	0.00	5.41
4500.00	0.00	2.26
18000.00	0.00	0.90
3600.00	0.00	17.14
2779.86	3.48	31.78
0.00	100.00	0.00
947.37	0.00	12.18
4736.84	0.00	13.98
0.00	100.00	0.00
3600.00	0.00	8.57
3600.00	0.00	6.77
3600.00	0.00	9.47
2442.01	21.45	65.37
827.24	0.16	100.26
2445.92	0.00	57.04
7087.21	0.00	10.91
1905.17	0.00	13.53
8992.38	0.00	7.07
4500.00	0.00	11.73
0.00	100.00	0.00
2250.00	0.00	9.02
1189.63	3.48	75.97
2378.98	0.00	53.22
1194.27	0.00	74.43
4317.24	3.58	29.25
0.00	100.00	0.00
0.00	100.00	0.00
9000.00	0.00	2.71
6000.00	0.00	3.61
6000.00	0.00	1.80
5538.46	0.00	3.38
5538.46	0.00	1.92
5529.60	0.16	3.39
3000.00	0.00	2.71
6000.00	0.00	3.38
2895.69	3.48	5.50
3585.66	0.00	676.20
3585.66	0.00	810.17
10637.45	0.00	231.13
3435.11	0.00	5.52
3430.29	0.14	5.53
3435.11	0.00	4.06
2679.63	1.90	10.74
2731.41	0.00	10.80
2731.41	0.00	7.30
0.00	100.00	0.00
3000.00	0.00	3.16
3000.00	0.00	29.77
18000.00	0.00	0.45
18000.00	0.00	0.45
0.00	100.00	0.00
3600.00	0.00	14.44
9000.00	0.00	2.71
900.00	0.00	12.18
2066.40	5.40	12.34
2184.40	0.00	9.80
2184.47	0.00	12.99
3600.00	0.00	5.41
3600.00	0.00	6.32
3600.00	0.00	2.71
0.00	100.00	0.00
3600.00	0.00	17.77
0.00	100.00	0.00
4500.00	0.00	2.26
4500.00	0.00	5.41
4500.00	0.00	5.86
3600.00	0.00	6.32
3600.00	0.00	5.41
3600.00	0.00	4.51
2571.43	0.00	12.63
2482.02	3.48	28.40
0.00	100.00	0.00
2571.43	0.00	28.89
2571.43	0.00	7.22
0.00	100.00	0.00
2880.57	0.14	6.09
2884.62	0.00	6.98
5769.23	0.00	1.63
0.00	100.00	0.00
3000.00	0.00	19.40
3000.00	0.00	8.57
1224.40	0.00	57.58
2186.44	0.00	39.56
2186.44	0.00	34.77
0.00	100.00	0.00
0.00	100.00	0.00
900.00	50.00	19.85
1965.07	0.00	12.32
1858.86	5.40	14.13
1965.07	0.00	11.49
2696.77	0.67	129.23
2714.93	0.00	117.50
8162.31	0.00	37.21
600.95	0.00	97.35
2248.00	0.14	56.69
2847.22	0.00	34.10
2995.01	0.00	8.13
2995.01	0.00	20.33
0.00	100.00	0.00
18000.00	0.00	0.45
0.00	100.00	0.00
0.00	100.00	0.00
3648.70	0.00	25.77
1964.68	0.00	35.64
1693.19	3.48	39.59
1633.39	0.00	20.79
1633.39	0.00	5.43
1633.39	0.00	25.30
3600.00	0.00	9.02
3600.00	0.00	4.51
7200.00	0.00	1.58
2313.74	4.24	29.90
2416.03	0.00	16.89
0.00	100.00	0.00
2619.27	0.14	30.19
3278.69	0.00	15.99
0.00	100.00	0.00
4500.00	0.00	4.96
4338.83	3.58	8.42
4500.00	0.00	5.41
3600.00	20.00	11.73
0.00	100.00	0.00
0.00	100.00	0.00
9871.67	3.48	1.65
0.00	100.00	0.00
4488.78	0.00	21.58
2309.07	0.16	54.53
1170.21	0.00	74.04
1151.78	0.00	86.05
0.00	100.00	0.00
2886.07	3.48	13.49
2990.03	0.00	25.79
4488.78	0.00	18.05
2330.71	0.00	24.71
2158.07	0.00	29.40
1159.65	0.00	64.45
1159.65	0.00	66.38
2229.70	3.48	39.57
17821.78	0.00	0.91
0.00	100.00	0.00
6000.00	0.00	9.07
2113.28	3.58	26.05
2191.78	0.00	9.59
547.95	0.00	21.83
2990.03	0.00	5.89
2990.03	0.00	6.34
2990.03	0.00	6.79
5134.63	0.16	6.21
5142.86	0.00	5.64
5134.63	0.16	2.15
3600.00	0.00	4.51
3600.00	0.00	6.32
3600.00	0.00	5.86
3633.17	0.16	11.88
3119.13	7.69	16.00
779.78	0.00	10.86
18000.00	0.00	0.90
3600.00	0.00	3.16
3600.00	0.00	4.06
0.00	100.00	0.00
2895.69	3.48	27.93
3000.00	0.00	6.77
4245.28	0.00	5.07
4245.28	0.00	4.17
4239.33	0.14	5.53
0.00	100.00	0.00
4500.00	0.00	11.73
4479.67	0.45	4.69
2823.80	0.41	33.28
1423.43	0.00	46.14
1412.13	0.00	60.51
3415.56	0.00	10.98
4269.45	0.00	9.51
853.89	0.00	12.22
4500.00	0.00	9.02
0.00	100.00	0.00
4499.86	0.00	11.31
1636.36	0.00	6.77
6545.45	0.00	6.88
8181.82	0.00	2.89
4562.54	3.48	7.10
945.38	0.00	13.44
3781.51	0.00	12.09
1631.37	3.48	46.53
1582.48	4.12	60.99
3301.06	0.00	31.88
4500.00	0.00	4.51
4500.00	0.00	3.16
4500.00	0.00	3.61
3000.00	0.00	21.20
0.00	100.00	0.00
3000.00	0.00	10.83
3465.67	5.27	4.69
3658.54	0.00	2.26
3658.54	0.00	3.57
4343.54	3.48	8.77
4500.00	0.00	2.26
4500.00	0.00	4.51
18000.00	0.00	0.45
0.00	100.00	0.00
0.00	100.00	0.00
2570.14	3.48	13.22
2662.72	0.00	10.27
2662.72	0.00	9.71
0.00	100.00	0.00
3557.31	0.00	23.75
4292.03	3.48	9.79
2482.70	0.14	9.14
2486.19	0.00	9.58
2486.19	0.00	3.72
3585.66	0.00	4.08
3585.66	0.00	2.26
3585.66	0.00	3.18
4500.00	0.00	6.77
4500.00	0.00	4.96
4500.00	0.00	2.26
3000.00	0.00	9.92
0.00	100.00	0.00
3000.00	0.00	35.64
1209.94	3.58	63.05
2559.96	0.00	33.38
1505.86	0.00	45.20
2197.80	0.00	9.19
2079.02	5.40	10.80
2197.80	0.00	11.08
4500.00	0.00	5.86
4500.00	0.00	5.41
4338.83	3.58	6.08
2464.03	5.27	4.21
2601.16	0.00	28.55
0.00	100.00	0.00
0.00	100.00	0.00
2834.56	0.00	27.50
3543.31	0.00	10.97
0.00	100.00	0.00
1984.56	0.00	19.99
1984.56	0.00	28.17
7603.51	0.00	706.19
4147.47	0.00	1017.67
4130.28	0.41	259.84
3991.13	0.00	12.88
997.78	0.00	10.85
4988.91	0.00	4.61
2250.00	0.00	9.47
2250.00	0.00	6.77
2250.00	0.00	11.28
859.03	4.12	15.89
3583.87	0.00	9.29
3578.14	0.16	15.96
4500.00	0.00	11.28
5625.00	0.00	3.79
1125.00	0.00	8.12
3669.23	0.00	17.45
1800.00	0.00	39.47
1730.77	0.00	37.44
2922.08	0.00	4.58
5843.98	0.00	5.71
2922.08	0.00	5.94
2250.00	0.00	34.73
0.00	100.00	0.00
0.00	100.00	0.00
2432.33	0.68	9.36
2448.91	0.00	7.37
2448.98	0.00	8.24
0.00	100.00	0.00
6000.00	0.00	10.38
6000.00	0.00	4.06
4245.28	0.00	5.74
4245.28	0.00	6.53
4239.33	0.14	5.64
1878.28	3.58	24.42
3890.64	0.14	5.42
1948.05	0.00	20.50
3625.69	0.00	12.88
1784.30	0.00	62.70
1798.57	0.00	48.33
3585.66	0.00	6.79
0.00	100.00	0.00
3585.66	0.00	17.21
3600.00	0.00	27.89
900.00	0.00	30.12
0.00	100.00	0.00
2521.32	0.00	34.37
1965.58	0.41	47.99
539.07	0.00	49.92
0.00	100.00	0.00
5504.59	0.00	4.30
5495.78	0.16	11.24
3000.00	0.00	3.16
3000.00	0.00	9.02
2892.55	3.58	12.42
1381.22	0.00	63.15
1381.22	0.00	61.35
2762.43	0.00	24.81
3370.79	0.00	5.58
3370.79	0.00	5.58
3356.82	0.41	6.05
5538.46	0.00	4.29
5529.60	0.16	2.94
5538.46	0.00	1.92
9000.00	0.00	2.71
6000.00	0.00	3.61
6000.00	0.00	1.80
18000.00	0.00	0.45
0.00	100.00	0.00
18000.00	0.00	0.45
1646.61	3.58	25.12
1707.73	0.00	13.50
1707.78	0.00	21.62
4489.70	0.23	4.07
4500.00	0.00	3.61
4500.00	0.00	3.16
3592.81	0.00	6.78
3592.81	0.00	9.04
3592.81	0.00	2.71
6545.45	0.00	6.20
18000.00	0.00	0.90
1636.36	0.00	6.32
845.70	0.16	12.43
3388.24	0.00	14.83
4235.29	0.00	7.22
0.00	100.00	0.00
9000.00	0.00	2.71
4500.00	0.00	13.98
548.78	0.00	26.54
2195.12	0.00	28.46
2648.50	3.48	16.06
3061.13	0.00	15.07
1836.73	0.00	14.30
4897.96	0.00	5.03
3083.15	0.14	7.90
3087.48	0.00	7.89
3028.94	1.90	3.41
0.00	100.00	0.00
0.00	100.00	0.00
3000.00	0.00	33.83
2250.00	0.00	12.18
2250.00	0.00	13.08
2250.00	0.00	10.83
3388.45	0.23	7.17
3396.23	0.00	8.44
9000.00	0.00	2.71
3600.00	0.00	6.32
3600.00	0.00	6.77
3600.00	0.00	7.22
2359.11	0.00	10.33
2359.11	0.00	9.75
2343.07	0.68	8.87
1173.23	0.00	41.61
4124.51	0.00	28.46
2967.61	0.38	37.38
4500.00	0.00	10.83
0.00	100.00	0.00
4500.00	0.00	18.04
3272.73	0.00	11.95
1636.36	0.00	10.38
1636.36	0.00	5.86
3000.00	0.00	7.67
2892.55	3.58	7.49
3000.00	0.00	8.57
1615.38	0.00	38.67
4442.31	0.00	14.94
1442.31	0.00	48.27
4235.29	0.00	5.19
4228.52	0.16	5.65
4235.29	0.00	2.37
3435.11	0.00	9.46
0.00	100.00	0.00
3430.29	0.14	19.84
5400.00	0.00	4.36
3600.00	0.00	4.74
1800.00	0.00	6.32
3600.00	0.00	4.06
3600.00	0.00	4.51
3600.00	0.00	2.26
5844.16	0.00	5.03
5844.16	0.00	1.84
5843.98	0.00	5.49
10116.00	3.48	6.70
1179.62	0.00	47.15
4649.31	0.00	32.82
3000.00	0.00	7.22
4500.00	0.00	8.57
3000.00	0.00	4.96
3585.66	0.00	897.21
7864.54	0.00	310.15
3585.66	0.00	540.86
0.00	100.00	0.00
2839.12	0.00	26.64
0.00	100.00	0.00
762.89	0.00	74.41
2837.06	0.00	42.68
3594.58	0.00	32.64
1277.21	0.00	30.86
4691.19	0.00	35.34
5966.38	0.00	7.22
720.00	0.00	20.75
2880.00	0.00	11.28
2880.00	20.00	19.17
2571.43	0.00	9.47
2571.43	0.00	7.67
2571.43	0.00	9.02
2158.27	0.00	6.02
4316.55	0.00	5.12
2149.33	0.41	5.59
7883.66	0.14	3.20
7876.66	0.23	1.61
7894.74	0.00	2.63
2917.34	0.00	9.14
2763.55	5.27	3.85
2912.67	0.16	7.04
0.00	100.00	0.00
3333.33	0.00	19.76
666.67	0.00	18.50
2960.44	0.00	6.01
2960.53	0.00	4.58
2960.53	0.00	6.91
4186.05	0.00	11.02
1046.51	0.00	10.57
5225.21	0.14	6.31
712.15	0.14	16.18
2852.61	0.00	20.97
3552.25	0.38	8.37
2343.07	0.68	6.15
2359.11	0.00	4.15
2359.11	0.00	5.05
6000.00	0.00	4.06
6000.00	0.00	5.19
9000.00	0.00	2.71
0.00	100.00	0.00
2880.00	0.00	35.52
3600.00	0.00	5.41
2179.18	0.00	11.62
2179.18	0.00	12.08
2175.69	0.16	12.21
4500.00	0.00	5.41
4500.00	0.00	6.32
4500.00	0.00	4.51
4147.47	0.00	20.78
0.00	100.00	0.00
4147.47	0.00	2.41
3428.57	0.00	5.53
3428.57	0.00	4.51
3423.09	0.16	5.53
2281.47	0.00	69.33
1966.78	0.00	53.95
4242.29	0.14	36.61
1125.00	0.00	9.59
5625.00	0.00	4.33
4492.80	0.16	11.21
2834.65	0.00	5.12
2822.90	0.41	3.78
2834.65	0.00	2.86
0.00	100.00	0.00
0.00	100.00	0.00
2880.00	0.00	28.87
1945.95	0.00	18.93
1945.95	0.00	21.18
1943.22	0.14	15.24
3000.00	0.00	5.86
3000.00	0.00	11.28
3000.00	0.00	9.47
2571.43	0.00	8.57
2571.43	0.00	9.92
2571.43	0.00	10.38
1357.61	0.14	7.45
4078.55	25.00	6.76
4078.55	0.00	7.85
6220.54	3.58	3.92
0.00	100.00	0.00
4500.00	0.00	13.96
853.08	66.67	13.15
853.08	0.00	12.23
3412.32	0.00	20.73
750.00	0.00	16.69
3750.00	0.00	5.23
2895.69	3.48	21.04
4500.00	0.00	5.41
3600.00	0.00	15.79
900.00	0.00	9.92
1437.70	0.00	8.91
2775.42	3.48	12.81
1437.70	0.00	6.10
3423.09	0.16	4.29
3428.57	0.00	1.92
3428.57	0.00	3.27
2549.57	0.00	7.28
2452.63	3.80	13.24
2549.57	0.00	15.69
2482.76	0.00	12.41
2478.79	0.16	25.75
0.00	100.00	0.00
4338.83	3.58	12.33
3599.89	0.00	10.41
899.97	0.00	14.78
3000.00	0.00	7.67
3000.00	0.00	7.67
3000.00	0.00	8.57
5042.42	0.16	4.70
1010.10	0.00	11.57
4025.09	0.38	12.29
2719.97	0.14	30.64
3450.14	0.00	21.91
732.20	0.00	40.10
3000.00	0.00	10.83
0.00	100.00	0.00
3000.00	0.00	23.46
3650.03	3.48	22.83
3781.51	0.00	8.59
0.00	100.00	0.00
3560.76	0.14	11.94
2852.61	0.00	16.54
713.15	0.00	14.66
18000.00	0.00	0.45
0.00	100.00	0.00
0.00	100.00	0.00
1062.69	0.00	43.63
982.40	0.16	57.72
1967.89	0.00	32.26
9000.00	0.00	2.71
3600.00	0.00	6.32
3600.00	0.00	7.89
1125.00	0.00	9.92
0.00	100.00	0.00
4500.00	20.00	9.59
8982.14	0.00	12.33
2267.86	0.00	36.85
2232.14	0.00	43.31
5980.07	0.00	2.26
5980.07	0.00	1.80
5980.07	0.00	6.32
1425.23	0.14	84.23
2877.30	0.00	45.02
1448.03	0.14	80.68
717.68	0.00	15.41
2870.81	0.00	19.57
3588.52	0.00	5.43
0.00	100.00	0.00
0.00	100.00	0.00
9000.00	0.00	2.71
1137.30	0.00	59.52
3114.03	0.00	32.69
4206.20	0.00	17.06
4235.29	0.00	7.08
18000.00	0.00	0.90
4228.52	0.16	2.49
2291.47	0.00	8.09
2288.25	0.14	10.26
5728.83	0.00	5.62
857.14	0.00	12.18
3428.57	0.00	13.19
4285.71	0.00	7.04
3543.20	0.00	6.87
3543.31	0.00	5.49
3543.31	0.00	5.07
4477.61	0.00	3.63
4477.61	0.00	3.63
4477.61	0.00	3.18
1500.00	0.00	9.92
6750.00	0.00	3.46
6000.00	11.11	7.44
748.13	0.00	22.39
2888.47	3.48	23.11
2992.52	20.00	16.93
3592.81	0.00	8.14
3592.81	0.00	7.23
3592.81	0.00	5.42
3000.00	0.00	6.32
3000.00	0.00	6.32
3000.00	0.00	4.51
2880.00	0.00	5.64
2875.39	0.16	5.65
2880.00	0.00	6.99
17571.81	0.00	3.35
1504.92	0.00	37.07
3900.20	0.00	23.75
2832.82	0.38	20.22
0.00	100.00	0.00
2843.60	0.00	6.01
1202.77	0.00	56.38
4798.24	19.39	44.43
4637.35	3.48	51.39
3000.00	0.00	7.22
3000.00	0.00	4.96
2988.63	0.38	6.94
1636.36	0.00	6.77
6545.45	11.11	6.88
9000.00	0.00	2.71
18000.00	0.00	0.45
0.00	100.00	0.00
0.00	100.00	0.00
2969.07	0.00	24.50
0.00	100.00	0.00
741.08	0.16	15.14
3000.00	0.00	9.92
3000.00	0.00	10.83
3000.00	0.00	5.86
3600.00	0.00	5.41
3600.00	0.00	7.22
3600.00	0.00	10.83
3000.00	0.00	7.22
3000.00	0.00	6.77
3000.00	0.00	5.86
4481.35	0.41	4.98
4500.00	0.00	2.26
4500.00	0.00	6.32
1574.38	0.00	57.39
3123.97	0.00	33.79
1547.11	0.16	74.77
0.00	100.00	0.00
4774.39	0.00	17.08
4603.53	3.58	7.20
1626.90	0.00	61.35
3266.81	0.00	28.53
1639.91	0.00	49.67
5625.00	0.00	5.77
1125.00	0.00	8.12
4500.00	0.00	10.15
0.00	100.00	0.00
2995.20	0.16	7.23
3000.00	0.00	30.22
2523.77	0.00	48.22
3410.39	0.00	23.59
920.26	0.00	63.65
2233.25	0.00	14.53
2153.27	3.58	9.41
2153.27	3.58	19.31
4500.00	0.00	14.44
0.00	100.00	0.00
2250.00	0.00	9.02
4064.48	51.79	23.85
0.00	100.00	0.00
4208.71	0.16	14.98
1058.82	0.00	19.51
4235.29	0.00	5.16
4228.52	20.13	14.60
4800.00	0.00	9.47
6000.00	0.00	5.41
1200.00	0.00	9.02
3592.81	0.00	7.68
3592.81	0.00	7.23
3592.81	0.00	7.23
2843.60	0.00	6.13
2832.82	0.38	6.15
2839.05	0.16	5.68
4000.00	0.00	8.23
7987.20	0.16	3.28
4000.00	0.00	2.48
5995.00	20.00	7.68
4496.25	0.00	7.22
1498.75	0.00	13.09
3600.00	0.00	5.41
3600.00	0.00	8.12
3600.00	0.00	8.57
692.31	0.00	14.89
2769.23	0.00	16.35
3461.54	0.00	16.78
18000.00	0.00	0.90
4500.00	0.00	5.86
4500.00	0.00	2.26
0.00	100.00	0.00
2880.57	0.14	19.06
2781.30	3.58	13.44
3600.00	0.00	2.26
3600.00	0.00	6.77
3471.06	3.58	4.79
6000.00	0.00	7.22
0.00	100.00	0.00
4500.00	0.00	12.18
0.00	100.00	0.00
2880.00	20.00	20.38
720.00	0.00	15.17
3000.00	0.00	4.96
3000.00	0.00	3.61
3000.00	0.00	2.71
4055.52	0.41	6.20
4072.28	0.00	5.23
4063.07	0.23	2.58
3600.00	0.00	8.12
0.00	100.00	0.00
3600.00	0.00	17.14
1156.24	0.00	49.21
3424.25	0.00	22.53
1073.11	3.48	52.67
3600.00	0.00	11.28
720.00	0.00	14.44
2880.00	0.00	19.06
3543.20	0.00	6.91
3543.31	0.00	5.49
3543.31	0.00	3.19
0.00	100.00	0.00
3423.09	0.16	19.20
3428.57	0.00	8.91
5990.42	0.00	22.55
5990.42	0.00	17.26
5990.42	0.00	8.64
826.80	0.14	15.80
3311.87	11.11	17.27
3725.85	0.00	7.44
0.00	100.00	0.00
3585.66	0.00	6.79
3585.66	0.00	17.21
3585.66	0.00	5.88
3579.92	0.16	4.64
3457.24	3.58	4.69
3016.34	3.48	7.37
3125.00	0.00	7.56
3125.00	0.00	7.11
1146.50	0.00	7.53
5708.72	0.41	4.27
4585.99	0.00	11.04
2423.60	4.12	33.48
8493.43	0.00	11.55
2527.81	0.00	24.67
3000.00	0.00	6.77
3000.00	0.00	4.51
3000.00	0.00	5.86
3000.00	0.00	6.32
3000.00	0.00	4.51
3000.00	0.00	6.32
2571.43	0.00	8.57
2571.43	0.00	3.61
2571.43	0.00	9.02
18000.00	0.00	0.45
0.00	100.00	0.00
0.00	100.00	0.00
4054.05	0.00	8.47
1943.46	4.12	12.19
2023.78	0.16	9.54
1387.16	0.00	71.16
2763.30	0.00	33.25
1376.15	0.00	67.67
1962.41	0.00	42.39
1691.73	0.00	40.60
1759.40	0.00	28.19
0.00	100.00	0.00
2895.69	3.48	13.45
3000.00	0.00	21.22
2880.00	0.00	6.99
2875.39	0.16	5.65
5760.00	0.00	1.86
2950.82	0.00	8.71
2950.82	0.00	7.76
2950.73	0.00	9.15
0.00	100.00	0.00
4117.92	0.14	17.36
2061.86	0.00	8.78
2250.00	0.00	10.38
2250.00	0.00	10.38
2250.00	0.00	14.44
2954.63	0.00	37.38
1483.24	0.00	57.55
1471.47	0.00	68.98
1991.15	0.00	34.28
3998.23	0.00	10.56
1991.15	0.00	39.70
