1277.46	0.00	227.89
1070.54	0.00	277.80
1277.47	0.00	193.12
1104.79	0.00	390.67
1070.30	0.00	443.41
1070.25	0.00	445.24
1104.56	0.00	472.06
1104.85	0.00	375.80
1070.25	0.00	452.45
0.00	100.00	0.00
2117.65	0.00	68.57
0.00	100.00	0.00
0.00	100.00	0.00
1985.29	11.76	135.78
0.00	100.00	0.00
132.35	0.00	69.92
2250.00	0.00	78.49
2250.00	0.00	69.92
1958.99	0.00	46.25
766.56	0.00	81.45
766.56	0.00	77.27
1305.99	0.00	56.88
1873.82	0.00	54.34
709.78	0.00	69.47
709.78	0.00	82.55
880.13	0.00	68.03
709.78	0.00	68.57
1447.55	0.00	74.41
1903.85	0.00	14.26
409.09	0.00	100.20
1856.64	0.00	45.21
1022.73	0.00	78.60
1148.60	0.00	54.22
802.45	0.00	73.41
1888.11	0.00	14.66
393.36	0.00	113.68
2117.65	5.88	146.61
0.00	100.00	0.00
2250.00	0.00	4.06
0.00	100.00	0.00
2250.00	0.00	66.76
0.00	100.00	0.00
2117.65	5.88	68.09
2250.00	0.00	116.83
0.00	100.00	0.00
0.00	100.00	0.00
0.00	100.00	0.00
1636.36	0.00	115.03
0.00	100.00	0.00
1443.85	11.76	180.89
1636.36	0.00	19.85
0.00	100.00	0.00
1636.36	0.00	17.59
1636.36	0.00	186.30
0.00	100.00	0.00
131.39	0.00	66.31
0.00	100.00	0.00
2233.58	0.00	8.20
0.00	100.00	0.00
2233.58	0.00	76.79
2233.58	0.00	4.09
0.00	100.00	0.00
0.00	100.00	0.00
118.42	0.00	77.14
0.00	100.00	0.00
0.00	100.00	0.00
2013.16	0.00	4.48
0.00	100.00	0.00
2013.16	0.00	20.17
0.00	100.00	0.00
2013.16	0.00	85.15
2013.16	0.00	157.27
2006.77	0.00	58.90
1990.52	0.00	63.98
2510.49	0.00	12.59
507.79	0.00	95.63
2490.18	0.00	43.42
1986.46	0.00	55.93
2514.56	0.00	12.57
515.91	0.00	47.95
2506.43	0.00	12.34
2970.87	0.00	3.18
2970.87	0.00	10.93
0.00	100.00	0.00
2970.87	0.00	7.75
174.76	0.00	50.07
0.00	100.00	0.00
2970.87	0.00	6.82
2621.36	11.76	114.49
2970.87	0.00	3.18
893.73	0.00	171.77
454.50	0.00	334.61
454.35	0.00	359.08
454.79	0.00	141.51
893.87	0.00	77.96
893.44	0.00	186.73
454.35	0.00	262.09
1347.50	0.00	169.44
908.56	0.00	88.20
2000.00	0.00	157.67
1647.06	0.00	12.92
117.65	0.00	73.98
352.94	81.25	78.04
2000.00	0.00	4.51
0.00	100.00	0.00
2000.00	0.00	16.24
1647.06	0.00	15.21
0.00	100.00	0.00
814.16	0.00	75.51
2053.10	0.00	36.46
1150.44	0.00	56.04
796.46	0.00	53.63
796.46	0.00	50.87
1221.24	0.00	58.19
460.18	0.00	70.27
2035.40	0.00	29.81
884.96	0.00	65.64
782.00	0.00	104.25
1562.27	0.00	43.59
1564.01	0.00	53.07
1564.01	0.00	30.32
1565.75	0.00	34.73
1565.75	0.00	15.83
1560.53	0.00	55.76
217.22	0.00	178.18
564.78	0.00	131.69
1064.35	0.00	19.37
1220.87	30.36	72.03
1001.74	5.88	77.80
1033.04	52.86	87.12
2128.70	0.00	4.27
125.22	0.00	68.79
1001.74	42.86	83.61
2128.70	0.00	82.74
0.00	100.00	0.00
0.00	100.00	0.00
0.00	100.00	0.00
1800.00	0.00	86.16
0.00	100.00	0.00
1800.00	0.00	5.41
0.00	100.00	0.00
1800.00	0.00	4.96
1800.00	0.00	28.87
1800.00	0.00	108.26
779.80	0.00	349.06
370.34	0.00	290.94
1314.63	0.00	264.66
582.90	0.00	276.07
238.66	0.00	379.14
979.16	0.00	266.62
370.31	0.00	268.40
1553.28	0.00	185.64
205.73	0.00	350.05
0.00	100.00	0.00
857.14	0.00	19.95
857.14	0.00	9.92
1613.45	5.88	113.16
100.84	0.00	99.24
100.84	0.00	96.54
0.00	100.00	0.00
1613.45	3.03	167.82
0.00	100.00	0.00
1877.01	0.00	174.18
1884.87	0.00	146.74
243.21	0.00	369.45
970.52	0.00	67.03
970.51	0.00	43.86
1884.87	0.00	131.78
251.05	0.00	406.85
1884.85	0.00	148.25
2134.32	0.00	42.72
176.47	0.00	49.62
3000.00	0.00	8.12
2823.53	5.88	56.81
3000.00	0.00	10.83
2823.53	5.88	100.57
176.47	0.00	49.17
3000.00	0.00	3.16
0.00	100.00	0.00
176.47	0.00	43.76
1052.42	0.00	66.50
2866.94	0.00	40.68
1633.06	0.00	55.89
1814.52	0.00	47.59
907.26	0.00	83.00
2903.23	0.00	32.00
943.55	0.00	63.76
3012.10	0.00	29.35
943.55	0.00	81.98
0.00	100.00	0.00
0.00	100.00	0.00
0.00	100.00	0.00
2102.19	5.88	69.81
0.00	100.00	0.00
0.00	100.00	0.00
2233.58	0.00	83.67
2233.58	0.00	134.64
2233.58	0.00	8.17
208.84	0.00	860.95
2007.20	0.00	156.47
2659.34	0.00	278.55
2033.68	0.00	167.48
208.58	0.00	319.38
208.58	0.00	407.79
2659.34	0.00	273.42
2450.77	0.00	230.39
834.23	0.00	189.14
1000.44	0.00	153.13
1989.70	0.00	116.17
1000.44	0.00	127.01
2000.89	0.00	83.09
1000.44	0.00	129.71
1996.09	0.00	95.94
1000.44	0.00	103.59
1997.69	0.00	26.39
1002.04	0.00	53.06
135.34	0.00	70.37
1218.05	0.00	11.18
135.34	0.00	80.75
2165.41	0.00	78.41
2165.41	0.00	8.18
2165.41	0.00	66.23
2436.09	0.00	12.08
1218.05	0.00	18.90
2165.41	0.00	12.21
236.24	0.00	163.04
2391.70	0.00	31.56
1194.02	0.00	95.05
780.14	0.00	114.50
598.84	0.00	111.05
1375.32	0.00	92.50
412.05	0.00	162.65
1194.02	0.00	105.86
1014.55	0.00	113.89
898.67	0.00	292.50
2260.30	0.00	64.45
882.19	0.00	213.23
453.64	0.00	357.21
447.90	0.00	323.44
1360.91	0.00	221.07
2273.92	0.00	24.52
910.14	0.00	287.93
1288.53	0.00	172.02
100.56	0.00	102.40
1608.94	5.88	191.00
0.00	100.00	0.00
854.75	0.00	185.32
1709.50	0.00	18.97
0.00	100.00	0.00
1608.94	5.88	182.71
0.00	100.00	0.00
0.00	100.00	0.00
1091.48	0.00	94.30
2382.39	0.00	95.55
2154.15	0.00	247.64
1036.89	59.71	380.04
1308.17	0.00	79.99
1282.56	0.00	305.62
1086.87	0.00	83.77
271.29	0.00	584.17
2382.39	0.00	54.50
2431.00	0.00	43.79
277.63	0.00	314.87
2486.59	0.00	92.52
1654.18	0.00	97.97
2244.51	0.00	162.71
2484.82	0.00	69.86
2522.12	0.00	60.63
1654.16	0.00	74.80
1654.17	0.00	74.20
1094.59	47.06	104.63
0.00	100.00	0.00
0.00	100.00	0.00
851.35	0.00	78.59
972.97	52.94	145.96
1033.78	0.00	15.26
2067.57	0.00	18.04
1155.41	38.71	147.13
60.81	0.00	143.45
0.00	100.00	0.00
1418.72	5.88	207.10
88.67	0.00	100.37
753.69	0.00	11.22
0.00	100.00	0.00
1507.39	0.00	17.50
753.69	0.00	22.40
1418.72	0.00	17.80
1507.39	0.00	17.50
1095.57	0.00	103.73
620.85	0.00	118.41
1095.57	0.00	30.73
1112.76	0.00	112.53
2195.91	0.00	17.54
1093.66	0.00	67.22
1594.16	0.00	85.81
2664.90	0.00	51.94
1074.56	0.00	70.67
2233.58	0.00	24.84
2233.58	0.00	4.09
2233.58	0.00	4.09
0.00	100.00	0.00
0.00	100.00	0.00
131.39	0.00	66.31
2102.19	5.88	68.09
2233.58	0.00	22.10
2233.58	0.00	131.80
0.00	100.00	0.00
1987.01	0.00	12.26
1987.01	0.00	156.21
116.88	0.00	75.78
1987.01	0.00	4.54
0.00	100.00	0.00
0.00	100.00	0.00
116.88	94.12	147.96
1987.01	0.00	9.10
0.00	100.00	0.00
0.00	100.00	0.00
0.00	100.00	0.00
1974.19	0.00	74.96
1974.19	0.00	88.65
0.00	100.00	0.00
987.10	0.00	21.02
987.10	0.00	16.00
1974.19	0.00	77.72
0.00	100.00	0.00
3558.14	0.00	6.85
3348.84	5.88	41.98
209.30	0.00	41.95
3558.14	0.00	2.73
3558.14	0.00	6.85
0.00	100.00	0.00
0.00	100.00	0.00
3558.14	0.00	54.64
3414.60	0.00	9.51
0.00	100.00	0.00
900.33	69.46	105.12
0.00	100.00	0.00
173.40	0.00	52.15
2881.07	5.88	55.94
3414.60	0.00	5.74
173.40	0.00	53.98
1874.03	35.25	62.34
2397.90	0.00	26.86
536.37	0.00	120.74
1198.95	0.00	79.68
1908.85	0.00	35.88
2366.35	0.00	39.10
773.01	0.00	99.20
773.01	0.00	109.32
457.49	0.00	103.05
394.39	0.00	127.66
0.00	100.00	0.00
1961.54	0.00	12.42
0.00	100.00	0.00
1961.54	0.00	94.33
0.00	100.00	0.00
0.00	100.00	0.00
1961.54	0.00	18.81
1846.15	5.88	152.42
115.38	0.00	144.35
1361.16	0.00	61.91
1383.75	0.00	134.88
2075.84	0.00	87.20
2075.62	0.00	75.78
691.87	0.00	207.96
691.87	0.00	124.50
1383.97	0.00	151.55
2075.40	0.00	99.70
2076.51	0.00	72.30
1307.69	48.48	68.78
2461.54	5.88	58.42
2461.54	5.88	167.06
0.00	100.00	0.00
2692.31	0.00	6.93
153.85	0.00	61.35
1307.69	48.48	66.90
153.85	0.00	59.77
0.00	100.00	0.00
1764.71	6.25	150.64
0.00	100.00	0.00
2000.00	0.00	4.51
0.00	100.00	0.00
117.65	0.00	73.98
117.65	0.00	83.00
0.00	100.00	0.00
117.65	93.33	77.59
1882.35	5.88	82.97
150.00	0.00	58.19
150.00	0.00	113.23
0.00	100.00	0.00
150.00	0.00	54.58
0.00	100.00	0.00
2400.00	0.00	115.74
2550.00	0.00	14.57
2550.00	0.00	20.01
0.00	100.00	0.00
1279.47	0.00	94.52
642.56	0.00	128.60
352.28	0.00	215.17
701.74	0.00	136.33
352.28	0.00	192.62
352.28	0.00	221.49
1634.57	0.00	20.71
930.01	0.00	121.49
1273.84	0.00	96.06
413.93	0.00	109.99
2356.37	0.00	40.61
1875.21	0.00	84.14
808.09	0.00	131.77
481.82	0.00	88.32
1532.46	0.00	92.77
1150.17	0.00	116.81
1150.83	0.00	109.80
2357.03	0.00	28.70
2086.96	5.88	136.82
0.00	100.00	0.00
130.43	0.00	134.43
0.00	100.00	0.00
0.00	100.00	0.00
2086.96	11.11	77.28
2217.39	0.00	66.74
0.00	100.00	0.00
2217.39	0.00	8.20
2842.03	0.00	45.14
2840.51	0.00	43.51
1105.06	0.00	123.81
949.36	0.00	172.39
944.82	0.00	184.50
946.33	0.00	155.38
2840.51	0.00	40.96
1730.91	0.00	91.11
1895.69	0.00	31.25
870.97	0.00	18.34
1161.29	0.00	32.59
870.97	0.00	9.92
1741.94	0.00	16.47
870.97	0.00	33.53
1741.94	0.00	5.11
870.97	0.00	34.43
1741.94	0.00	23.16
580.65	0.00	40.82
2103.09	0.00	89.25
1051.55	50.00	92.21
1051.55	0.00	16.40
123.71	0.00	68.12
1051.55	0.00	79.02
0.00	100.00	0.00
2103.09	0.00	11.58
2103.09	0.00	15.44
2103.09	0.00	79.22
508.47	0.00	119.99
996.61	0.00	79.86
1403.39	0.00	74.37
569.49	0.00	98.28
2094.92	0.00	14.34
528.81	0.00	98.90
508.47	0.00	100.14
1566.10	0.00	60.34
549.15	0.00	70.59
270.68	0.00	265.25
2909.77	0.00	52.58
323.01	0.00	217.74
270.68	0.00	236.38
2593.69	0.00	222.01
2909.72	0.00	20.81
2586.71	0.00	226.29
2909.77	0.00	20.77
323.07	0.00	210.14
1698.40	0.00	100.94
341.38	0.00	290.77
341.27	0.00	215.11
745.11	0.00	287.10
1971.23	0.00	87.52
1359.09	0.00	166.57
1971.77	0.00	22.24
1971.55	0.00	43.40
614.21	0.00	184.17
2102.19	5.88	137.81
131.39	0.00	66.76
131.39	0.00	78.49
2102.19	5.88	75.73
0.00	100.00	0.00
2233.58	0.00	10.91
0.00	100.00	0.00
2102.19	0.00	4.31
0.00	100.00	0.00
2123.73	0.00	173.63
134.91	0.00	282.84
156.49	0.00	307.60
1960.98	0.00	360.62
2120.72	5.94	283.95
2262.95	0.00	217.08
134.92	0.00	569.71
156.49	0.00	252.77
167.24	93.98	1122.64
361.45	0.00	162.77
566.27	0.00	116.37
1108.43	0.00	108.48
1915.66	0.00	75.75
1674.70	0.00	75.45
566.27	0.00	101.50
542.17	0.00	129.82
337.35	0.00	68.87
1361.45	0.00	88.32
1164.61	0.00	70.98
1986.68	0.00	60.18
907.71	0.00	72.77
479.54	0.00	54.78
770.69	0.00	77.94
1215.98	0.00	60.83
428.16	0.00	112.32
1198.86	0.00	64.12
839.20	0.00	85.62
1283.22	0.00	122.25
2562.34	0.00	63.71
1283.22	0.00	79.84
1285.27	0.00	37.83
2570.55	0.00	68.68
1287.33	0.00	117.36
1285.27	0.00	79.27
1285.27	0.00	107.19
2572.60	0.00	45.68
2283.19	0.00	64.68
360.92	83.77	461.46
2014.42	0.00	214.06
126.32	0.00	429.87
2030.74	0.00	197.08
1653.51	22.09	353.69
232.24	0.00	192.10
252.44	0.00	199.30
126.31	0.00	439.82
1411.76	5.88	113.23
1411.76	5.88	120.11
1500.00	0.00	5.86
0.00	100.00	0.00
88.24	0.00	109.62
1500.00	0.00	21.65
1411.76	0.00	211.71
1500.00	0.00	23.91
1411.76	5.88	111.93
0.00	100.00	0.00
0.00	100.00	0.00
0.00	100.00	0.00
2341.46	5.88	115.59
2341.46	5.88	64.79
146.34	0.00	113.23
2487.80	0.00	11.14
2487.80	0.00	71.35
0.00	100.00	0.00
0.00	100.00	0.00
176.47	0.00	51.43
2823.53	5.88	63.52
2823.53	5.88	49.62
0.00	100.00	0.00
2823.53	0.00	188.14
3000.00	0.00	3.16
2823.53	5.88	51.34
176.47	0.00	46.46
2189.21	0.00	34.75
1431.69	0.00	154.13
2567.27	0.00	32.45
382.06	0.00	270.31
1138.62	0.00	202.57
2191.75	0.00	116.78
2570.79	0.00	17.94
2572.76	0.00	45.90
2570.32	0.00	34.56
2290.09	0.00	98.98
1438.30	0.00	116.87
790.41	0.00	195.86
1500.24	0.00	78.33
2626.25	0.00	15.59
403.27	0.00	256.22
2626.25	0.00	15.45
2225.51	0.00	69.23
2626.20	0.00	50.01
329.99	0.00	211.68
657.35	0.00	124.23
652.12	0.00	187.28
654.74	0.00	168.71
976.87	0.00	161.60
1969.45	0.00	18.52
652.12	0.00	165.77
1293.76	0.00	127.50
327.37	0.00	224.65
1182.54	0.00	98.86
311.85	0.00	180.89
1798.75	0.00	58.81
1791.27	0.00	71.70
1796.26	0.00	47.30
1796.26	0.00	47.77
314.35	0.00	111.43
1801.25	0.00	17.42
1486.90	0.00	87.14
1276.97	0.00	189.15
1221.55	0.00	154.56
288.65	0.00	360.88
18000.00	0.00	4.67
1267.74	0.00	186.52
346.38	0.00	389.07
353.30	0.00	403.19
300.19	0.00	157.45
584.22	0.00	205.49
151.26	94.12	114.58
0.00	100.00	0.00
151.26	0.00	58.64
2268.91	11.76	117.29
0.00	100.00	0.00
8621.85	0.00	2.79
2571.43	0.00	18.04
2420.17	0.00	65.13
151.26	93.75	107.36
2526.32	3.03	68.93
0.00	100.00	0.00
2605.26	0.00	7.14
2605.26	0.00	61.27
2605.26	0.00	11.15
2605.26	0.00	9.35
0.00	100.00	0.00
157.89	0.00	51.88
2605.26	0.00	3.57
0.00	100.00	0.00
1636.36	0.00	17.59
0.00	100.00	0.00
1540.11	5.88	261.22
0.00	100.00	0.00
1636.36	0.00	107.36
1636.36	0.00	5.41
0.00	100.00	0.00
0.00	100.00	0.00
0.00	100.00	0.00
0.00	100.00	0.00
0.00	100.00	0.00
2000.00	0.00	78.94
2000.00	0.00	94.73
0.00	100.00	0.00
2000.00	0.00	87.51
0.00	100.00	0.00
2000.00	0.00	9.47
1589.09	0.00	65.90
1132.47	0.00	178.86
1587.28	0.00	125.36
568.05	0.00	204.15
2721.56	0.00	35.20
2720.66	0.00	77.92
566.24	0.00	240.89
1135.19	0.00	81.23
2718.84	0.00	39.18
1939.20	4.99	74.98
164.37	3.66	102.73
1885.10	7.17	94.14
1866.37	0.00	80.81
141.49	0.00	61.14
208.07	89.53	112.60
33.29	0.00	70.62
135.24	0.00	59.71
1868.45	5.07	179.14
2000.00	0.00	12.15
1882.35	5.88	73.95
117.65	0.00	148.86
2000.00	0.00	13.51
117.65	0.00	81.65
1882.35	0.00	72.20
1882.35	5.88	101.38
2000.00	0.00	78.49
0.00	100.00	0.00
955.40	0.00	252.27
1304.18	0.00	233.58
1078.58	0.00	291.71
194.50	0.00	627.48
1303.94	0.00	197.62
1498.44	0.00	82.74
412.34	0.00	490.46
1311.46	0.00	165.52
1498.45	0.00	28.63
1285.71	0.00	118.64
1285.71	0.00	17.59
0.00	100.00	0.00
0.00	100.00	0.00
0.00	100.00	0.00
1285.71	0.00	35.64
1285.71	0.00	133.53
0.00	100.00	0.00
1285.71	0.00	25.26
816.98	0.00	56.75
2556.37	0.00	24.42
1818.45	0.00	51.97
1291.36	0.00	51.32
2635.43	0.00	20.41
1818.45	0.00	39.39
1291.36	0.00	43.73
711.57	0.00	48.87
2477.31	0.00	33.23
298.22	0.00	237.86
279.52	0.00	256.22
152.27	0.00	178.52
841.72	0.00	255.74
152.02	0.00	240.95
1153.29	0.00	216.75
1995.98	0.00	121.33
1836.43	0.00	156.48
1998.17	0.00	15.52
559.14	0.00	150.08
1247.31	0.00	28.97
1075.27	0.00	97.89
645.16	0.00	122.92
537.63	0.00	133.07
580.65	0.00	124.47
559.14	0.00	104.97
1784.95	0.00	19.97
1139.78	0.00	119.37
1340.43	0.00	74.91
2585.11	0.00	41.35
2489.36	0.00	67.88
2345.74	0.00	29.69
2680.85	0.00	39.07
1484.04	0.00	28.38
1196.81	0.00	65.41
1340.43	0.00	61.62
1196.81	0.00	77.59
1870.13	5.88	144.38
116.88	0.00	149.31
0.00	100.00	0.00
116.88	94.12	150.22
1870.13	5.88	82.64
1870.13	0.00	85.15
116.88	0.00	91.12
1987.01	0.00	22.69
1987.01	0.00	4.54
1928.57	11.76	80.60
2057.14	0.00	132.34
128.57	0.00	72.18
128.57	0.00	131.72
2185.71	0.00	16.64
2185.71	0.00	14.83
0.00	100.00	0.00
128.57	0.00	76.69
2185.71	0.00	4.17
3378.89	0.00	40.16
3395.17	0.00	28.32
988.02	0.00	108.81
1488.15	0.00	47.50
1907.51	0.00	105.09
1487.99	0.00	56.21
1987.16	0.00	100.65
504.33	0.00	75.71
1406.73	0.00	117.46
410.73	0.00	180.89
2050.38	0.00	18.34
818.18	0.00	164.18
811.61	0.00	155.01
2050.38	0.00	18.16
2040.53	0.00	73.64
808.32	0.00	135.24
414.02	0.00	188.41
808.32	0.00	133.18
1101.11	0.00	207.52
2834.13	0.00	62.10
2892.14	0.00	17.05
2515.91	0.00	78.18
2518.41	0.00	40.42
373.48	0.00	235.62
2516.15	0.00	18.52
1474.95	0.00	30.92
1041.43	0.00	188.71
2072.21	0.00	177.82
729.98	0.00	732.14
1342.23	0.00	136.16
729.98	0.00	618.91
1318.68	0.00	185.29
753.53	0.00	296.29
2072.21	0.00	100.75
2072.21	0.00	51.49
2072.21	0.00	147.63
174.76	0.00	53.23
2970.87	0.00	8.20
0.00	100.00	0.00
174.76	0.00	52.78
2796.12	0.00	3.36
2796.12	0.00	106.29
2970.87	0.00	10.14
2970.87	0.00	7.27
2970.87	0.00	20.49
300.70	0.00	231.58
884.84	0.00	182.76
2203.24	0.00	15.10
1127.52	0.00	126.76
1127.52	0.00	121.12
1364.44	0.00	130.71
836.89	0.00	163.67
302.14	0.00	101.14
1963.92	0.00	78.97
224.97	0.00	244.48
2200.53	0.00	21.81
1975.56	0.00	185.02
224.96	0.00	226.00
2200.53	0.00	21.63
914.15	54.15	281.30
224.96	0.00	350.05
1250.62	0.00	280.51
1975.56	0.00	192.83
250.00	0.00	443.88
1937.51	0.00	181.20
2187.51	0.00	119.25
250.00	0.00	299.98
2187.50	0.00	60.01
1937.51	0.00	25.73
1937.52	0.00	147.79
1937.45	0.00	184.75
2187.45	0.00	22.84
1492.68	0.00	58.93
0.00	100.00	0.00
0.00	100.00	0.00
0.00	100.00	0.00
87.80	0.00	103.30
1404.88	0.00	187.09
1492.68	0.00	117.39
0.00	100.00	0.00
1492.68	0.00	104.71
0.00	100.00	0.00
656.53	53.85	117.47
0.00	100.00	0.00
1203.65	8.33	330.90
656.53	0.00	137.70
0.00	100.00	0.00
0.00	100.00	0.00
1313.07	0.00	23.34
54.71	91.67	133.07
2042.55	5.88	265.44
0.00	100.00	0.00
2170.21	0.00	14.97
127.66	0.00	72.63
2042.55	5.88	72.74
127.66	0.00	72.18
2170.21	0.00	72.28
0.00	100.00	0.00
0.00	100.00	0.00
1296.83	0.00	118.25
2308.36	0.00	34.85
922.60	0.00	122.51
1007.82	0.00	57.84
1000.41	0.00	72.47
1745.16	0.00	100.08
463.15	0.00	172.32
463.15	0.00	131.27
470.56	0.00	110.56
2999.51	0.00	54.41
3307.14	0.00	46.96
307.64	0.00	322.54
2987.68	0.00	32.61
2987.68	0.00	32.61
1535.25	0.00	37.15
2999.51	0.00	146.30
5975.35	0.00	11.33
1771.90	0.00	77.46
0.00	100.00	0.00
3272.73	5.88	46.63
3657.75	5.88	41.03
0.00	100.00	0.00
3272.73	5.88	45.73
0.00	100.00	0.00
204.55	0.00	88.42
3068.18	11.76	125.90
204.55	0.00	40.12
174.76	93.75	54.58
0.00	100.00	0.00
2796.12	5.88	100.23
2970.87	0.00	8.20
0.00	100.00	0.00
2970.87	0.00	3.18
2970.87	0.00	6.37
174.76	0.00	54.13
0.00	100.00	0.00
0.00	100.00	0.00
1768.79	0.00	10.08
1664.74	5.88	50.44
208.09	0.00	84.36
3537.57	0.00	45.45
1664.74	5.88	47.76
3329.48	5.88	49.58
0.00	100.00	0.00
208.09	0.00	39.47
2166.58	0.00	50.68
4186.90	0.00	37.37
1156.42	0.00	26.75
1586.08	0.00	37.21
1147.28	0.00	49.20
571.36	0.00	120.89
2724.23	0.00	43.80
2737.94	0.00	31.91
1147.28	0.00	39.99
150.00	0.00	66.76
2550.00	0.00	9.55
2400.00	5.88	112.80
0.00	100.00	0.00
150.00	0.00	64.96
0.00	100.00	0.00
150.00	0.00	58.19
2550.00	0.00	120.97
0.00	100.00	0.00
1636.36	0.00	19.85
1636.36	0.00	185.85
818.18	0.00	100.14
0.00	100.00	0.00
818.18	50.00	90.67
0.00	100.00	0.00
1636.36	0.00	5.41
818.18	0.00	16.24
0.00	100.00	0.00
1584.27	0.00	30.47
2224.72	0.00	33.49
3808.99	0.00	14.47
3202.25	0.00	19.71
3168.54	0.00	20.04
876.40	0.00	49.45
876.40	0.00	40.34
2191.01	0.00	36.09
3202.25	0.00	10.21
0.00	100.00	0.00
0.00	100.00	0.00
2550.00	0.00	3.64
2550.00	0.00	65.52
2400.00	0.00	19.09
2400.00	5.88	74.69
150.00	0.00	87.51
2550.00	0.00	9.55
150.00	0.00	63.15
1914.41	0.00	86.23
344.81	0.00	210.36
2247.80	0.00	17.01
2247.69	0.00	49.08
1913.55	0.00	119.15
1625.32	0.00	55.46
333.60	0.00	198.48
333.60	0.00	159.24
1582.62	0.00	92.52
593.97	0.00	54.18
2208.82	0.00	47.74
2682.13	0.00	33.07
584.69	0.00	100.69
580.05	0.00	108.26
1628.77	0.00	59.76
2626.45	0.00	29.69
589.33	0.00	121.65
1044.08	0.00	88.22
1678.61	0.00	60.53
692.31	0.00	175.50
244.68	0.00	139.00
248.47	0.00	120.09
1363.75	0.00	107.91
237.09	0.00	239.99
240.89	0.00	118.99
1134.25	0.00	128.14
1549.63	0.00	97.66
878.91	0.00	78.49
878.91	0.00	91.57
1054.69	0.00	73.68
2039.06	0.00	43.75
1160.16	0.00	63.22
2074.22	0.00	18.35
949.22	0.00	79.36
2074.22	0.00	17.39
1898.44	0.00	63.28
1252.20	0.00	40.23
1276.12	0.00	47.71
1080.02	11.72	137.23
2528.26	0.00	36.04
18000.00	0.00	2.67
896.19	0.00	128.92
9519.65	0.00	3.92
179.24	0.00	230.96
2528.38	0.00	10.71
562.75	0.00	308.11
738.70	0.00	260.50
188.51	0.00	338.78
188.63	0.00	262.37
1262.48	0.00	131.88
925.88	0.00	219.14
1047.92	0.00	83.74
707.28	0.00	238.90
737.44	0.00	267.52
1278.99	0.00	23.80
1340.58	0.00	44.35
2619.57	0.00	13.10
2090.58	0.00	57.17
1268.12	0.00	105.04
1264.49	0.00	67.70
1264.49	0.00	69.96
1275.36	0.00	81.70
456.52	0.00	102.48
346.61	0.00	193.40
1355.07	0.00	145.87
1034.07	0.00	169.85
1022.54	0.00	100.86
967.12	0.00	97.43
1300.09	0.00	125.24
1301.98	0.00	144.86
967.78	0.00	98.33
1033.62	0.00	158.13
0.00	100.00	0.00
3388.24	4.00	46.21
3600.00	0.00	6.77
3600.00	0.00	2.71
3388.24	5.88	41.50
6000.00	0.00	5.41
211.76	0.00	38.79
211.76	0.00	39.70
3600.00	0.00	9.02
646.45	0.00	113.78
373.50	0.00	169.16
2272.63	0.00	41.92
1278.53	0.00	80.97
1278.53	0.00	74.76
428.09	0.00	49.58
2278.37	0.00	34.70
1278.53	0.00	76.53
2284.12	0.00	12.27
2493.51	0.00	107.33
311.69	0.00	30.11
2337.66	11.76	92.36
155.84	88.24	61.12
155.84	0.00	56.39
1324.68	0.00	20.25
0.00	100.00	0.00
1324.68	0.00	13.90
155.84	0.00	112.78
0.00	100.00	0.00
257.14	94.12	34.73
4371.43	0.00	2.31
257.14	0.00	36.09
4371.43	0.00	6.98
3857.14	6.25	34.46
4114.29	5.88	37.05
4371.43	0.00	2.31
257.14	0.00	37.89
2433.10	0.00	307.62
153.20	0.00	938.39
158.51	0.00	904.38
152.42	0.00	403.28
1218.72	0.00	68.38
449.63	61.94	468.68
1987.38	22.75	506.83
2461.40	0.00	254.75
157.54	0.00	482.27
1125.00	0.00	15.79
1125.00	0.00	28.42
1125.00	0.00	11.73
1125.00	0.00	21.20
1125.00	0.00	7.67
1125.00	0.00	23.01
2250.00	0.00	4.06
1125.00	0.00	22.10
2250.00	0.00	8.12
0.00	100.00	0.00
176.47	0.00	51.88
176.47	0.00	44.21
2823.53	5.88	104.20
176.47	0.00	46.46
2823.53	5.88	99.69
0.00	100.00	0.00
2823.53	5.88	96.62
3000.00	0.00	6.32
1132.44	0.00	48.46
1370.00	0.00	132.14
1658.76	0.00	57.39
565.07	0.00	198.85
1850.19	0.00	70.22
1370.00	0.00	110.88
288.30	0.00	239.53
565.53	0.00	148.33
899.49	0.00	173.79
0.00	100.00	0.00
0.00	100.00	0.00
1241.38	0.00	27.74
1241.38	0.00	25.94
0.00	100.00	0.00
620.69	0.00	13.08
0.00	100.00	0.00
1241.38	0.00	27.74
1241.38	0.00	161.72
518.23	0.00	176.18
840.69	0.00	151.40
287.91	0.00	234.12
794.63	0.00	144.32
1418.81	0.00	76.62
1322.07	0.00	107.76
564.30	0.00	176.99
290.21	0.00	119.04
612.67	0.00	152.42
1203.08	0.00	80.68
1156.81	0.00	69.47
1564.01	0.00	96.43
2341.39	0.00	18.94
1156.81	0.00	77.14
2332.13	0.00	44.08
2332.13	0.00	35.80
2332.13	0.00	35.80
1156.81	0.00	72.18
509.47	0.00	365.48
234.13	0.00	418.62
507.60	0.00	320.85
462.64	0.00	312.76
279.08	0.00	207.76
972.11	0.00	192.85
500.10	0.00	319.95
938.40	0.00	181.09
1352.34	0.00	154.25
2327.03	0.00	48.74
2326.80	0.00	57.86
348.56	0.00	211.36
2326.92	0.00	36.99
2337.50	0.00	107.19
1309.88	0.00	71.23
972.35	0.00	170.11
1016.81	0.00	162.83
2337.95	0.00	37.36
1445.98	0.00	59.11
1246.54	0.00	55.03
1296.40	0.00	41.64
1246.54	0.00	49.62
1296.40	0.00	59.86
2243.77	0.00	33.08
1396.12	0.00	56.79
2642.66	0.00	13.62
1296.40	0.00	59.42
1645.16	0.00	109.46
1645.16	0.00	30.06
0.00	100.00	0.00
0.00	100.00	0.00
1645.16	0.00	10.77
0.00	100.00	0.00
1645.16	0.00	95.10
1645.16	0.00	11.20
96.77	0.00	84.36
0.00	100.00	0.00
1764.71	11.76	77.08
0.00	100.00	0.00
117.65	0.00	157.43
0.00	100.00	0.00
2000.00	0.00	9.02
1894.74	0.00	74.21
105.26	94.74	220.14
117.65	0.00	93.83
1227.80	0.00	54.05
1204.63	0.00	38.60
1691.12	0.00	41.25
648.65	0.00	77.73
1297.30	0.00	79.55
1204.63	0.00	101.50
579.15	0.00	121.80
1181.47	0.00	62.80
1181.47	0.00	38.26
2301.30	0.00	67.72
2302.58	0.00	43.81
1824.24	0.00	82.65
802.15	0.00	81.81
1903.75	0.00	68.28
2308.35	0.00	15.19
401.40	0.00	97.73
2301.30	0.00	51.93
401.40	0.00	82.87
1800.00	0.00	94.20
1800.00	0.00	98.23
0.00	100.00	0.00
0.00	100.00	0.00
0.00	100.00	0.00
1800.00	0.00	81.62
1694.12	5.88	81.62
0.00	100.00	0.00
0.00	100.00	0.00
371.84	0.00	243.28
371.46	0.00	215.57
1084.52	0.00	134.39
1024.96	0.00	99.54
2121.77	0.00	49.58
2109.91	0.00	94.48
1084.47	0.00	148.14
1750.43	0.00	103.07
1025.43	0.00	149.48
1475.41	6.25	97.17
98.36	0.00	88.42
0.00	100.00	0.00
1573.77	0.00	16.18
98.36	80.00	161.49
98.36	0.00	95.63
0.00	100.00	0.00
6000.00	0.00	25.26
0.00	100.00	0.00
3469.88	0.00	6.49
9000.00	0.00	2.71
216.87	0.00	45.49
3253.01	6.08	81.90
3469.88	0.00	19.54
0.00	100.00	0.00
204.11	0.00	40.25
3469.88	0.00	12.15
3265.77	5.88	44.47
2102.19	5.88	75.45
0.00	100.00	0.00
2102.19	11.11	72.71
2233.58	0.00	14.09
2102.19	0.00	143.82
2233.58	0.00	8.17
131.39	0.00	125.86
2233.58	0.00	4.09
131.39	0.00	128.56
0.00	100.00	0.00
0.00	100.00	0.00
2550.00	0.00	60.08
2400.00	0.00	16.13
150.00	0.00	71.72
2550.00	0.00	3.64
2550.00	0.00	61.91
2400.00	0.00	60.53
2550.00	0.00	22.24
0.00	100.00	0.00
0.00	100.00	0.00
3272.73	0.00	46.66
3477.27	0.00	8.36
3477.27	0.00	85.97
204.55	0.00	48.27
0.00	100.00	0.00
3477.27	0.00	49.33
0.00	100.00	0.00
2013.16	0.00	24.65
1894.74	5.88	78.00
0.00	100.00	0.00
3578.95	5.88	42.00
0.00	100.00	0.00
2013.16	0.00	70.84
223.68	0.00	44.84
118.42	0.00	69.07
0.00	100.00	0.00
0.00	100.00	0.00
0.00	100.00	0.00
0.00	100.00	0.00
0.00	100.00	0.00
1636.36	0.00	5.41
0.00	100.00	0.00
1636.36	0.00	102.61
1636.36	0.00	101.05
1636.36	0.00	101.05
2066.38	0.00	63.42
696.10	0.00	149.18
1342.87	0.00	91.83
2044.46	0.00	62.59
2060.90	0.00	63.14
2082.83	0.00	20.77
2066.38	0.00	38.44
2066.38	0.00	38.74
800.24	0.00	139.81
3571.43	0.00	10.53
1238.10	0.00	64.63
1190.48	0.00	52.78
1238.10	0.00	45.54
3476.19	0.00	10.35
1238.10	0.00	39.04
1238.10	0.00	42.51
2428.57	0.00	21.23
1190.48	0.00	47.82
415.94	0.00	95.28
2180.08	0.00	73.23
860.56	0.00	101.50
372.91	0.00	122.32
1807.17	0.00	63.64
1520.32	0.00	19.90
717.13	0.00	65.41
358.57	0.00	148.41
1491.63	0.00	79.16
301.99	0.00	228.92
726.45	0.00	227.17
977.90	0.00	204.40
1974.45	0.00	39.12
260.19	0.00	253.07
2014.91	0.00	18.82
1488.04	0.00	109.80
1754.22	0.00	129.40
1236.01	0.00	195.90
106.51	0.00	240.89
106.51	0.00	91.12
1810.65	0.00	9.87
1704.14	5.88	171.93
1704.14	5.88	85.20
106.51	94.12	183.60
0.00	100.00	0.00
106.51	94.12	164.65
1704.14	5.88	249.82
0.00	100.00	0.00
0.00	100.00	0.00
2000.00	0.00	149.29
117.65	0.00	73.98
2000.00	0.00	4.51
2000.00	0.00	9.02
0.00	100.00	0.00
1882.35	5.88	96.54
2000.00	0.00	16.24
1894.74	5.88	220.08
118.42	0.00	85.26
1894.74	5.88	159.55
118.42	0.00	142.10
0.00	100.00	0.00
2013.16	0.00	13.45
0.00	100.00	0.00
2013.16	0.00	8.97
118.42	0.00	71.50
0.00	100.00	0.00
1724.55	0.00	19.79
0.00	100.00	0.00
1832.34	0.00	96.11
1724.55	5.88	85.54
107.78	0.00	88.42
1832.34	0.00	4.88
107.78	0.00	158.79
1616.77	11.76	243.47
0.00	100.00	0.00
0.00	100.00	0.00
1204.72	0.00	14.38
1204.72	0.00	10.77
2409.45	0.00	70.64
1133.86	5.88	77.05
1204.72	0.00	11.30
2409.45	0.00	11.48
1133.86	0.00	73.47
1327.87	0.00	172.92
197.39	0.00	270.21
779.28	0.00	255.87
707.84	0.00	190.39
197.09	0.00	186.73
197.09	0.00	245.82
1321.54	0.00	181.28
1322.85	0.00	197.03
1518.65	0.00	25.23
2250.00	0.00	10.83
2250.00	0.00	68.57
0.00	100.00	0.00
2250.00	0.00	12.18
2117.65	0.00	128.34
0.00	100.00	0.00
2117.65	5.88	86.13
132.35	0.00	65.86
132.35	0.00	69.92
1029.59	0.00	36.94
887.57	0.00	63.61
887.57	0.00	79.39
1029.59	0.00	98.78
887.57	0.00	70.37
1810.65	0.00	50.20
1029.59	0.00	80.89
18000.00	0.00	3.94
887.57	0.00	64.96
0.00	100.00	0.00
746.34	0.00	28.55
87.80	87.50	117.29
1404.88	0.00	199.65
0.00	100.00	0.00
1492.68	0.00	17.67
1492.68	0.00	108.77
1492.68	0.00	98.82
87.80	0.00	110.52
0.00	100.00	0.00
1800.00	0.00	82.10
0.00	100.00	0.00
1800.00	0.00	97.89
1800.00	0.00	17.59
0.00	100.00	0.00
1800.00	0.00	105.11
0.00	100.00	0.00
0.00	100.00	0.00
1800.00	0.00	93.38
1800.00	0.00	11.28
9000.00	0.00	2.71
1800.00	0.00	104.66
1800.00	0.00	87.06
0.00	100.00	0.00
0.00	100.00	0.00
0.00	100.00	0.00
0.00	100.00	0.00
1465.02	0.00	119.82
138.86	0.00	156.05
1856.84	0.00	73.48
1356.30	0.00	98.77
2103.34	0.00	26.06
264.80	0.00	95.13
636.17	0.00	119.17
849.30	0.00	161.16
629.71	0.00	131.57
1754.68	0.00	5.07
1751.17	0.00	18.51
1575.53	0.00	138.17
175.64	0.00	49.45
1633.49	5.01	90.88
1586.07	7.86	93.66
119.44	0.00	75.27
144.03	0.00	132.49
21.08	0.00	60.11
1104.37	0.00	94.95
2215.09	0.00	46.85
1812.06	0.00	69.72
714.03	0.00	119.79
406.21	0.00	115.42
1824.75	0.00	61.88
1440.76	0.00	63.72
2218.27	0.00	14.28
2215.09	0.00	27.22
1800.00	0.00	48.80
0.00	100.00	0.00
1800.00	0.00	9.87
0.00	100.00	0.00
1694.12	5.88	131.07
1694.12	5.88	82.78
1800.00	0.00	9.87
105.88	0.00	76.69
105.88	0.00	134.43
1628.94	0.00	112.42
342.97	0.00	202.03
1626.86	0.00	39.45
1969.83	0.00	19.39
343.08	0.00	164.55
1628.83	0.00	120.50
1969.83	0.00	19.39
1615.67	0.00	62.61
1968.84	0.00	103.62
0.00	100.00	0.00
1090.91	50.00	69.47
545.45	0.00	20.75
2181.82	0.00	4.17
1090.91	0.00	87.51
2181.82	0.00	24.81
0.00	100.00	0.00
1636.36	0.00	9.17
1090.91	0.00	15.34
1200.00	0.00	87.83
669.23	0.00	45.50
576.92	0.00	85.26
2353.85	0.00	44.89
18000.00	0.00	3.37
692.31	0.00	67.29
576.92	0.00	108.72
1200.00	0.00	74.39
1130.77	0.00	77.56
1615.13	0.00	63.88
954.70	0.00	210.14
1614.98	0.00	74.24
715.55	0.00	233.31
1614.59	0.00	109.35
660.28	0.00	232.74
1614.44	0.00	121.19
239.46	0.00	237.50
1375.75	0.00	130.37
417.59	0.00	152.92
1854.12	0.00	35.97
751.67	0.00	111.52
1092.43	0.00	91.22
427.62	0.00	122.47
417.59	0.00	119.99
1426.50	0.00	86.89
1486.64	0.00	86.17
1489.98	0.00	78.64
1635.87	0.00	60.38
1635.76	0.00	79.33
1635.76	0.00	60.58
1635.99	0.00	20.38
956.68	0.00	204.86
1635.87	0.00	46.22
173.50	0.00	422.23
506.63	0.00	288.89
1635.76	0.00	76.08
2503.78	0.00	70.70
2508.67	0.00	45.52
2510.07	0.00	35.54
437.90	0.00	97.58
2071.47	0.00	64.16
1218.72	0.00	78.20
2506.58	0.00	63.39
2510.07	0.00	14.28
1289.26	0.00	40.32
1621.25	0.00	361.62
127.16	0.00	809.27
504.36	0.00	611.63
127.16	0.00	627.03
1951.86	0.00	91.57
1748.41	0.00	37.86
127.16	0.00	1058.73
1158.57	0.00	967.02
1494.09	0.00	171.96
0.00	100.00	0.00
176.47	0.00	49.62
0.00	100.00	0.00
0.00	100.00	0.00
3000.00	0.00	52.78
3000.00	0.00	56.39
3000.00	0.00	104.66
2823.53	0.00	48.66
3000.00	0.00	3.16
1041.74	0.00	258.56
1516.93	0.00	79.47
1517.03	0.00	74.21
1487.90	0.00	74.21
626.14	0.00	317.89
446.16	0.00	425.72
1516.93	0.00	92.76
1487.89	0.00	53.92
226.89	0.00	296.79
1500.00	0.00	110.52
1411.76	0.00	12.07
1500.00	0.00	114.13
88.24	0.00	101.05
0.00	100.00	0.00
1411.76	0.00	297.27
0.00	100.00	0.00
0.00	100.00	0.00
88.24	0.00	92.48
162.65	0.00	53.83
2765.06	0.00	8.01
2765.06	0.00	7.79
2060.24	0.00	15.59
2602.41	2.04	106.88
2060.24	0.00	4.39
0.00	100.00	0.00
2765.06	0.00	53.78
0.00	100.00	0.00
567.06	0.00	118.64
570.69	0.00	53.79
1492.51	0.00	39.93
2588.54	0.00	28.56
1475.28	0.00	30.86
1474.37	0.00	44.07
2605.78	0.00	12.27
1583.25	0.00	80.62
2036.90	0.00	60.03
1583.85	0.00	78.75
2577.10	0.00	64.19
332.77	0.00	225.54
652.18	0.00	172.38
1924.49	0.00	160.52
2568.25	0.00	19.29
652.70	0.00	147.41
2233.70	0.00	153.28
973.75	0.00	80.31
920.63	0.00	77.78
1428.57	0.00	48.62
920.63	0.00	77.00
3492.06	0.00	9.74
793.65	0.00	74.88
793.65	0.00	45.56
1746.03	0.00	16.81
1460.32	0.00	47.32
4000.00	0.00	23.00
2004.42	0.00	766.25
127.00	0.00	677.10
127.00	0.00	734.39
151.59	0.00	1031.04
151.59	0.00	701.85
274.33	0.00	607.52
127.00	0.00	995.58
2025.72	0.00	584.62
1897.90	0.00	909.02
823.17	0.00	186.90
413.57	0.00	111.24
413.57	0.00	122.50
1636.42	0.00	60.44
1637.75	0.00	25.48
1637.08	0.00	25.71
1635.10	0.00	67.89
809.29	0.00	165.94
1636.42	0.00	66.47
900.00	0.00	85.26
900.00	0.00	107.81
900.00	0.00	14.89
900.00	0.00	17.14
1800.00	0.00	32.93
1800.00	0.00	15.56
900.00	0.00	14.44
900.00	0.00	32.93
1800.00	0.00	14.89
1003.76	0.00	75.18
995.80	0.00	66.09
999.78	0.00	129.40
497.90	0.00	146.61
497.90	0.00	184.05
1003.76	0.00	119.26
1995.57	0.00	36.80
991.81	0.00	129.31
1999.56	0.00	42.57
1134.13	0.00	142.75
290.35	0.00	161.62
288.97	0.00	219.23
289.43	0.00	149.08
1317.22	0.00	152.40
1048.60	0.00	120.58
1329.24	0.00	25.30
1890.99	0.00	133.73
1139.68	0.00	164.93
0.00	100.00	0.00
120.40	0.00	83.45
1806.02	11.76	88.11
2046.82	0.00	9.66
2046.82	0.00	88.19
0.00	100.00	0.00
1023.41	0.00	21.68
1926.42	3.03	140.12
120.40	0.00	75.56
0.00	100.00	0.00
0.00	100.00	0.00
1942.45	11.76	75.09
2071.94	5.88	134.60
1942.45	11.76	134.13
129.50	0.00	134.43
2201.44	0.00	83.85
0.00	100.00	0.00
2071.94	5.88	147.93
967.74	11.76	140.14
129.03	0.00	76.24
0.00	100.00	0.00
0.00	100.00	0.00
967.74	6.25	169.94
2193.55	0.00	141.34
2193.55	0.00	11.13
129.03	0.00	162.17
2193.55	0.00	19.04
1944.49	11.40	199.74
156.32	0.00	441.62
2563.20	0.00	39.94
618.71	37.75	276.49
1635.34	0.00	255.39
517.68	32.57	296.13
818.59	31.43	356.28
2563.20	0.00	30.59
181.33	0.00	255.88
1555.32	0.00	146.37
272.08	0.00	225.41
1021.94	0.00	224.45
1827.23	0.00	22.15
534.77	0.00	290.84
1827.05	0.00	43.57
976.70	0.00	197.29
2009.77	0.00	20.32
1041.08	0.00	205.12
27.70	90.40	58.72
180.90	9.76	126.07
1629.70	0.00	5.43
9.78	0.00	100.67
29.33	86.47	184.75
1623.18	0.00	16.33
1559.62	0.00	93.79
1626.44	0.00	5.44
1621.55	0.00	21.77
443.39	0.00	426.51
1013.58	0.00	90.19
1791.08	0.00	188.59
204.70	0.00	258.48
1013.64	0.00	111.32
1964.28	0.00	24.21
982.14	0.00	112.07
1515.60	0.00	266.55
1964.28	0.00	85.27
666.67	0.00	133.81
810.81	0.00	122.80
1018.02	0.00	106.59
261.26	0.00	87.50
1738.74	0.00	30.15
234.23	0.00	132.29
1036.04	0.00	112.78
432.43	0.00	64.38
1720.72	0.00	26.69
173.08	0.00	56.39
0.00	100.00	0.00
173.08	0.00	93.83
173.08	0.00	57.29
173.08	0.00	51.88
0.00	100.00	0.00
2423.08	17.65	109.01
173.08	0.00	51.43
2596.15	0.00	96.05
1648.90	0.00	233.68
482.13	71.44	568.53
1837.33	0.00	68.86
1837.33	0.00	52.20
1837.28	0.00	68.72
1837.32	0.00	25.91
1349.11	0.00	353.10
188.47	0.00	482.68
370.86	0.00	218.25
2334.22	0.00	80.52
1998.02	0.00	137.41
2334.22	0.00	19.36
347.77	0.00	281.49
1988.67	0.00	121.17
1986.45	0.00	54.41
347.86	0.00	257.06
2334.22	0.00	19.15
1985.91	0.00	63.99
1114.65	0.00	108.37
1468.01	0.00	19.23
1163.70	0.00	104.04
2952.03	0.00	20.89
1475.52	0.00	19.51
913.44	0.00	128.84
1827.38	0.00	82.24
312.82	0.00	170.06
1166.20	0.00	99.83
2283.92	0.00	58.51
655.78	0.00	71.55
678.39	0.00	72.55
1108.04	0.00	55.01
565.33	0.00	98.79
610.55	0.00	43.02
2826.63	0.00	11.64
2080.40	0.00	52.22
1017.59	0.00	77.19
3911.38	0.00	31.08
1981.48	0.00	61.70
2081.55	0.00	148.20
1994.50	0.00	37.10
505.39	0.00	141.45
1089.98	0.00	102.34
2001.57	0.00	137.51
1900.02	0.00	138.15
504.75	0.00	113.21
654.55	68.42	146.08
0.00	100.00	0.00
2072.73	0.00	21.84
0.00	100.00	0.00
1950.80	5.88	82.01
1309.09	36.84	158.22
2072.73	0.00	4.37
0.00	100.00	0.00
1950.80	5.59	191.02
330.26	0.00	318.03
2889.69	0.00	79.65
330.26	0.00	241.79
2889.69	0.00	61.76
2559.43	0.00	136.62
2559.52	0.00	124.21
2559.03	0.00	133.67
2559.45	0.00	117.06
330.26	0.00	205.70
2000.62	0.00	38.72
1370.90	0.00	88.71
2008.98	0.00	15.80
1989.47	0.00	80.47
626.93	0.00	110.77
2000.62	0.00	30.24
961.30	0.00	112.94
353.87	0.00	82.58
353.87	0.00	144.74
0.00	100.00	0.00
0.00	100.00	0.00
1636.36	0.00	16.24
0.00	100.00	0.00
0.00	100.00	0.00
0.00	100.00	0.00
96.26	0.00	84.81
1636.36	0.00	5.41
1540.11	5.88	107.36
1555.18	0.00	78.34
2411.37	0.00	40.98
2401.34	0.00	60.16
424.75	0.00	96.35
421.40	0.00	115.91
2414.72	0.00	12.65
2418.06	0.00	13.02
1973.24	0.00	41.48
1973.24	0.00	70.25
0.00	100.00	0.00
132.35	0.00	78.94
132.35	0.00	131.27
0.00	100.00	0.00
2250.00	0.00	8.17
132.35	0.00	65.41
2250.00	0.00	135.78
0.00	100.00	0.00
1852.94	17.65	135.36
0.00	100.00	0.00
2550.00	0.00	9.55
0.00	100.00	0.00
150.00	0.00	109.17
2550.00	0.00	7.27
0.00	100.00	0.00
0.00	100.00	0.00
2550.00	0.00	58.24
2550.00	0.00	61.88
550.67	0.00	151.10
1501.43	0.00	113.74
554.97	0.00	166.54
1449.81	0.00	47.35
1071.22	0.00	111.42
537.76	0.00	117.74
967.97	0.00	101.00
546.37	0.00	100.34
537.76	0.00	129.01
0.00	100.00	0.00
2102.19	5.88	74.77
2233.58	0.00	74.78
131.39	66.67	139.84
0.00	100.00	0.00
0.00	100.00	0.00
0.00	100.00	0.00
0.00	100.00	0.00
2233.58	0.00	13.19
0.00	100.00	0.00
162.16	0.00	57.29
0.00	100.00	0.00
2756.76	0.00	64.03
0.00	100.00	0.00
2432.43	11.76	55.88
0.00	100.00	0.00
0.00	100.00	0.00
2594.59	0.00	54.89
0.00	100.00	0.00
0.00	100.00	0.00
151.26	93.94	118.19
0.00	100.00	0.00
2420.17	3.03	63.17
2420.17	5.88	119.99
151.26	0.00	57.74
9000.00	0.00	2.71
151.26	0.00	111.87
0.00	100.00	0.00
129.65	0.00	67.14
0.00	100.00	0.00
929.17	0.00	53.79
929.17	0.00	31.67
2074.43	5.88	143.67
2204.08	0.00	4.14
929.17	0.00	48.19
2204.08	0.00	8.27
1530.33	0.00	88.98
1451.46	0.00	105.74
2258.32	0.00	36.24
1853.60	0.00	77.00
405.37	0.00	74.64
404.73	0.00	139.17
1129.49	0.00	71.01
2242.81	0.00	68.43
727.99	0.00	99.40
1500.00	0.00	54.94
2142.86	0.00	38.79
621.43	0.00	37.33
1050.00	0.00	73.19
1114.29	0.00	22.12
2078.57	0.00	24.42
2078.57	0.00	38.95
535.71	0.00	83.90
2142.86	0.00	24.13
1979.51	0.00	24.60
1863.07	5.88	144.85
0.00	100.00	0.00
1979.51	0.00	15.95
514.29	0.00	16.24
0.00	100.00	0.00
514.29	0.00	23.12
7714.29	11.76	17.62
1979.51	0.00	4.55
345.09	0.00	313.76
1629.45	0.00	110.12
1618.59	0.00	39.95
1961.49	0.00	59.62
1961.81	0.00	20.34
1286.55	0.00	159.78
1961.71	0.00	20.50
1961.60	0.00	39.51
343.01	0.00	169.56
0.00	100.00	0.00
1096.77	33.33	119.79
96.77	0.00	84.36
1096.77	0.00	35.66
548.39	0.00	109.94
548.39	66.67	103.65
548.39	0.00	126.07
1548.39	2.04	93.48
548.39	0.00	109.94
0.00	100.00	0.00
1425.74	5.38	208.75
1514.85	0.00	110.80
89.11	0.00	188.76
1170.57	22.73	125.53
1514.85	0.00	5.81
1514.85	0.00	17.43
0.00	100.00	0.00
1514.85	0.00	35.34
0.00	100.00	0.00
3000.00	0.00	8.12
3000.00	0.00	6.77
3000.00	0.00	62.70
0.00	100.00	0.00
3000.00	0.00	13.08
3000.00	0.00	9.47
3000.00	0.00	3.16
0.00	100.00	0.00
2149.46	0.00	72.59
1345.16	0.00	94.40
296.08	0.00	124.32
296.08	0.00	130.98
1338.17	0.00	54.13
2678.67	0.00	38.87
1037.43	0.00	131.40
2678.67	0.00	22.77
1338.17	0.00	120.83
890.63	0.00	166.45
1406.84	0.00	127.36
1781.86	0.00	40.98
1593.30	0.00	68.69
890.33	0.00	183.97
187.66	0.00	195.46
1780.96	0.00	62.55
187.36	0.00	225.55
1781.26	0.00	85.26
1931.77	0.00	49.18
1430.98	20.15	236.25
1763.74	0.00	142.36
1418.07	0.00	281.63
1482.97	0.00	55.14
64.48	70.58	691.36
177.95	0.00	154.76
167.62	0.00	370.25
170.54	49.18	535.80
0.00	100.00	0.00
0.00	100.00	0.00
1907.28	0.00	81.17
0.00	100.00	0.00
0.00	100.00	0.00
1907.28	5.88	162.71
119.21	0.00	68.57
0.00	100.00	0.00
119.21	0.00	143.90
414.51	0.00	190.95
1780.53	0.00	76.58
1793.09	0.00	74.26
2135.38	0.00	14.76
1083.39	0.00	100.68
706.56	0.00	135.08
1023.73	0.00	99.11
2179.34	0.00	28.28
395.67	0.00	75.63
2552.05	0.00	36.99
2554.33	0.00	71.79
444.30	0.00	111.42
1770.09	0.00	54.69
2996.21	0.00	24.35
2998.63	0.00	25.93
2998.34	0.00	36.03
2996.21	0.00	40.20
1226.26	0.00	47.56
0.00	100.00	0.00
2095.89	0.00	15.50
1047.95	0.00	12.71
123.29	0.00	66.31
2095.89	0.00	18.55
1047.95	0.00	12.37
123.29	93.75	138.94
0.00	100.00	0.00
123.29	0.00	76.91
1049.31	0.00	169.79
388.41	0.00	241.56
1098.39	0.00	167.72
1972.89	0.00	55.11
1973.36	0.00	46.54
293.53	0.00	115.38
1154.48	0.00	157.06
1099.32	0.00	145.16
1109.14	0.00	158.73
1609.72	0.00	107.83
280.51	0.00	181.62
1611.42	0.00	109.91
1611.96	0.00	22.51
1609.99	0.00	54.96
1611.69	0.00	43.77
1329.48	0.00	130.08
1609.99	0.00	43.19
1610.08	0.00	21.83
1004.75	0.00	79.82
1003.60	0.00	141.13
1287.48	0.00	135.13
645.75	0.00	144.22
1290.92	0.00	40.83
645.75	0.00	152.99
358.43	0.00	219.23
2581.83	0.00	28.31
2305.99	0.00	17.11
2380.17	5.88	70.29
0.00	100.00	0.00
2528.93	0.00	12.63
2528.93	0.00	51.37
2528.93	0.00	7.32
148.76	94.12	62.70
148.76	0.00	70.37
148.76	0.00	55.03
2380.17	5.88	121.26
0.00	100.00	0.00
0.00	100.00	0.00
2250.00	0.00	82.13
132.35	0.00	130.37
132.35	0.00	65.86
0.00	100.00	0.00
2117.65	0.00	66.28
2250.00	0.00	73.98
2117.65	0.00	70.37
9000.00	0.00	17.14
0.00	100.00	0.00
0.00	100.00	0.00
1397.26	0.00	11.17
164.38	0.00	49.85
1397.26	0.00	14.75
0.00	100.00	0.00
2794.52	0.00	53.20
2630.14	5.88	57.23
600.51	0.00	181.79
600.51	0.00	222.39
698.52	0.00	87.26
1797.69	0.00	90.86
602.43	0.00	168.62
1796.73	0.00	118.35
1100.14	0.00	89.14
1101.10	0.00	59.04
697.56	0.00	109.51
3000.00	0.00	8.12
2823.53	5.88	56.25
176.47	0.00	46.46
1588.24	0.00	5.56
1588.24	0.00	14.44
176.47	0.00	46.46
3000.00	0.00	6.61
0.00	100.00	0.00
2823.53	0.00	57.04
2248.55	0.00	109.47
1106.22	0.00	223.47
294.33	0.00	299.96
2953.01	0.00	77.01
2248.63	0.00	39.74
1047.76	0.00	124.18
529.77	0.00	137.33
861.35	0.00	249.70
908.76	0.00	118.92
2508.20	0.00	16.64
2360.66	0.00	37.67
2508.20	0.00	66.71
147.54	0.00	55.49
2213.11	11.76	64.96
0.00	100.00	0.00
147.54	0.00	70.37
147.54	0.00	81.65
0.00	100.00	0.00
964.80	0.00	200.30
917.22	0.00	53.35
1824.93	0.00	27.40
910.56	38.54	179.89
908.66	0.00	26.04
1808.75	0.00	40.55
465.27	0.00	256.91
119.89	0.00	290.89
237.87	0.00	154.28
882.35	11.76	161.97
0.00	100.00	0.00
117.65	0.00	84.58
1882.35	0.00	4.76
882.35	6.25	159.30
117.65	0.00	159.01
0.00	100.00	0.00
1882.35	5.88	161.34
117.65	94.12	95.41
1275.00	0.00	6.82
1275.00	0.00	243.97
75.00	0.00	109.62
0.00	100.00	0.00
1200.00	0.00	228.93
0.00	100.00	0.00
0.00	100.00	0.00
0.00	100.00	0.00
1275.00	0.00	141.06
0.00	100.00	0.00
0.00	100.00	0.00
0.00	100.00	0.00
1133.33	50.00	201.77
2266.67	0.00	75.71
0.00	100.00	0.00
1133.33	0.00	76.63
2266.67	0.00	8.07
66.67	50.00	136.68
1627.66	0.00	104.73
1627.66	0.00	195.86
1627.66	0.00	90.67
1531.91	0.00	108.35
0.00	100.00	0.00
0.00	100.00	0.00
95.74	0.00	185.40
1627.66	0.00	18.12
1627.66	0.00	11.30
1266.19	0.00	112.28
702.82	0.00	102.03
708.40	0.00	141.63
719.55	0.00	113.21
2794.55	0.00	16.09
1411.22	0.00	58.39
1388.91	0.00	45.06
697.24	0.00	141.19
697.24	0.00	106.46
2258.89	0.00	51.95
2267.79	0.00	21.01
1147.23	0.00	78.24
1147.23	0.00	36.28
2232.21	0.00	72.34
1129.45	0.00	56.39
1111.66	0.00	106.46
1111.66	0.00	81.20
2241.11	0.00	61.31
1093.35	0.00	165.26
1093.35	0.00	169.65
1808.05	0.00	28.05
1798.58	0.00	52.38
610.57	0.00	200.20
709.97	0.00	195.10
700.50	0.00	203.45
601.10	0.00	199.80
591.64	0.00	221.04
2181.27	0.00	62.97
2558.44	0.00	35.56
2549.36	0.00	39.20
581.67	0.00	96.48
1054.28	0.00	30.38
568.04	0.00	138.94
1140.62	0.00	102.22
1045.19	0.00	68.16
2099.47	0.00	31.98
433.84	0.00	587.03
892.29	0.00	418.90
180.17	0.00	792.54
1356.99	0.00	129.23
335.24	0.00	516.42
706.99	0.00	331.59
155.32	0.00	341.47
898.30	0.00	421.33
1201.72	0.00	245.63
0.00	100.00	0.00
1684.21	5.88	169.09
0.00	100.00	0.00
1684.21	5.88	92.66
105.26	0.00	160.59
0.00	100.00	0.00
1789.47	0.00	248.48
894.74	0.00	9.55
0.00	100.00	0.00
1442.10	0.00	87.46
806.30	0.00	81.13
18000.00	0.00	4.36
2241.99	0.00	81.89
2248.40	0.00	65.42
806.30	0.00	137.16
1444.67	0.00	28.02
1577.98	0.00	72.37
1447.23	0.00	28.72
268.48	87.80	676.67
133.31	0.00	346.90
2141.89	0.00	256.82
2010.48	0.00	499.83
133.31	0.00	665.82
137.79	0.00	774.28
2013.02	5.03	347.74
133.31	0.00	327.05
2141.89	0.00	253.93
771.47	0.00	104.07
2019.32	0.00	67.93
1029.88	0.00	54.90
1758.82	0.00	113.21
729.20	0.00	167.65
260.83	0.00	118.98
260.66	0.00	196.62
1758.66	0.00	126.59
1282.87	0.00	194.43
699.84	0.00	83.90
1315.71	0.00	58.07
1847.59	0.00	46.82
727.84	0.00	86.32
699.84	0.00	48.27
2183.51	0.00	14.17
727.84	0.00	67.67
699.84	0.00	85.71
2155.52	0.00	27.39
2117.65	0.00	20.07
1058.82	0.00	24.81
2117.65	0.00	25.04
1058.82	0.00	28.87
2117.65	0.00	15.79
2117.65	0.00	8.80
1058.82	0.00	21.65
2117.65	0.00	4.29
1058.82	0.00	13.53
570.04	0.00	114.71
2582.22	0.00	32.84
2582.58	0.00	13.45
2585.48	0.00	36.75
4167.14	0.00	40.15
1925.21	0.00	24.81
2033.92	0.00	54.50
2582.22	0.00	13.16
2582.04	0.00	25.03
1157.22	0.00	89.67
1415.46	0.00	42.81
579.90	0.00	109.77
322.16	0.00	129.01
1405.15	0.00	30.10
2561.34	0.00	43.01
1146.91	0.00	48.91
2563.92	0.00	10.37
2572.68	0.00	34.06
1103.72	0.00	96.22
1967.74	0.00	68.15
1966.80	0.00	87.48
1675.51	0.00	81.77
293.64	0.00	158.08
1968.21	0.00	32.18
1675.51	0.00	69.85
293.17	0.00	172.77
856.05	0.00	159.74
857.14	0.00	39.70
0.00	100.00	0.00
1714.29	33.33	102.63
857.14	0.00	9.92
1714.29	0.00	91.35
0.00	100.00	0.00
0.00	100.00	0.00
1714.29	0.00	5.19
1714.29	0.00	5.19
348.19	0.00	165.40
1907.00	0.00	91.17
1574.87	0.00	102.47
1010.24	0.00	119.11
1299.20	0.00	88.05
2922.78	0.00	11.16
345.97	0.00	136.23
2184.89	0.00	67.00
2876.83	0.00	21.59
0.00	100.00	0.00
0.00	100.00	0.00
1666.35	5.88	90.93
4721.31	5.88	30.64
3540.98	0.00	44.83
2065.57	0.00	7.09
1475.41	16.67	91.39
295.08	0.00	70.27
3332.69	5.88	41.28
1374.55	0.00	115.64
750.90	0.00	255.82
2249.28	0.00	65.85
874.73	0.00	372.31
774.74	0.00	338.30
2238.44	0.00	109.53
1499.44	0.00	267.04
1499.44	0.00	73.75
749.70	0.00	288.70
733.81	0.00	173.47
690.65	0.00	183.96
1920.86	0.00	64.88
1402.88	0.00	84.15
1165.47	0.00	130.11
539.57	0.00	175.03
2007.19	0.00	22.19
1122.30	0.00	139.45
1942.45	0.00	45.24
1419.71	0.00	229.16
1743.72	0.00	46.34
109.22	0.00	396.42
214.44	0.00	172.87
277.23	0.00	527.44
199.31	0.00	358.20
1119.00	0.00	287.59
1161.61	0.00	250.15
195.66	0.00	360.88
1125.00	0.00	27.07
0.00	100.00	0.00
1125.00	0.00	42.40
0.00	100.00	0.00
1125.00	0.00	13.98
2250.00	0.00	89.54
1125.00	66.67	68.57
1125.00	0.00	80.75
1125.00	0.00	41.50
1922.03	0.00	77.26
2916.27	0.00	33.06
2914.65	0.00	25.55
2915.46	0.00	32.60
2405.78	0.00	83.95
993.43	0.00	98.43
1921.22	0.00	70.87
992.62	0.00	103.57
509.68	0.00	97.71
475.89	0.00	40.89
83.98	0.00	131.12
0.00	100.00	0.00
1343.70	2.04	212.31
1427.68	0.00	16.80
83.98	94.00	222.09
475.89	0.00	42.38
1427.68	0.00	44.03
475.89	0.00	17.51
0.00	100.00	0.00
0.00	100.00	0.00
2233.58	0.00	13.61
0.00	100.00	0.00
1970.80	11.76	193.16
0.00	100.00	0.00
2233.58	0.00	8.17
131.39	0.00	69.02
262.77	88.89	196.45
2925.35	0.00	35.83
3219.28	0.00	21.03
3513.22	0.00	15.73
1049.77	0.00	56.54
1889.58	0.00	44.78
965.79	0.00	60.96
1469.67	0.00	56.39
657.85	0.00	36.47
363.92	0.00	74.61
96.26	0.00	94.28
96.26	0.00	249.46
1540.11	5.88	118.22
96.26	0.00	99.24
0.00	100.00	0.00
1636.36	0.00	10.83
0.00	100.00	0.00
1540.11	0.00	254.36
1636.36	0.00	5.41
2000.00	0.00	66.44
2507.25	0.00	10.76
826.09	0.00	77.36
376.81	0.00	115.38
507.25	0.00	106.98
652.17	0.00	100.50
2086.96	0.00	48.87
1231.88	0.00	71.11
2492.75	0.00	20.92
117.95	0.00	1223.38
2123.17	0.00	41.10
121.76	0.00	704.01
1887.07	11.13	677.81
141.55	0.00	1069.79
2005.17	0.00	850.71
1906.08	0.00	704.19
2123.17	0.00	126.53
118.09	93.74	3470.72
1790.74	0.00	136.14
486.35	0.00	291.86
875.63	0.00	118.74
146.90	0.00	327.50
668.69	0.00	254.19
461.86	20.28	214.93
1122.04	34.37	192.53
1239.57	0.00	54.21
1186.73	9.01	198.01
0.00	100.00	0.00
1907.28	5.88	81.08
0.00	100.00	0.00
119.21	0.00	137.28
2026.49	0.00	66.33
2026.49	0.00	8.93
1907.28	2.04	89.11
2026.49	0.00	13.39
6000.00	0.00	25.26
0.00	100.00	0.00
0.00	100.00	0.00
1987.01	0.00	83.53
116.88	0.00	69.92
1987.01	0.00	79.00
1870.13	0.00	89.32
0.00	100.00	0.00
1987.01	0.00	9.08
1870.13	5.88	74.46
853.89	0.00	46.01
2595.83	0.00	25.37
888.05	0.00	63.76
990.51	0.00	49.39
8641.37	0.00	8.65
2561.67	0.00	32.63
1537.00	0.00	39.35
2561.67	0.00	20.00
2561.67	0.00	21.50
1001.58	0.00	104.10
1398.96	0.00	89.57
592.03	0.00	132.47
523.09	0.00	99.22
2850.64	0.00	24.62
506.87	0.00	119.09
2404.60	0.00	48.78
1398.96	0.00	98.72
506.87	0.00	98.79
0.00	100.00	0.00
2250.00	0.00	81.54
132.35	0.00	73.53
2250.00	0.00	10.83
0.00	100.00	0.00
2117.65	5.88	84.27
2250.00	0.00	69.97
2250.00	0.00	12.18
0.00	100.00	0.00
397.50	0.00	139.41
1909.23	0.00	64.15
2616.59	0.00	38.72
2309.86	0.00	13.07
1145.54	0.00	89.51
1158.06	0.00	94.64
766.82	0.00	110.24
1142.41	0.00	91.92
829.42	0.00	102.35
0.00	100.00	0.00
0.00	100.00	0.00
2796.12	5.88	50.57
2970.87	0.00	3.18
174.76	0.00	46.91
2796.12	3.03	52.02
2970.87	0.00	53.30
1485.44	0.00	5.92
1485.44	0.00	5.92
2571.43	0.00	7.22
151.26	0.00	54.13
2571.43	0.00	3.61
2571.43	0.00	12.63
2420.17	5.88	57.74
2571.43	0.00	7.67
0.00	100.00	0.00
0.00	100.00	0.00
151.26	0.00	54.13
1666.67	6.25	92.70
1777.78	3.03	76.90
55.56	87.50	102.85
0.00	100.00	0.00
111.11	0.00	87.06
944.44	0.00	23.09
1888.89	0.00	85.31
111.11	0.00	87.51
55.56	97.78	89.32
2688.78	0.00	60.31
1362.95	0.00	100.49
986.79	0.00	125.31
2042.73	0.00	79.67
1874.05	8.26	85.11
480.74	0.00	125.83
3102.05	0.00	33.30
418.33	0.00	74.12
212.54	0.00	105.61
2250.00	0.00	75.33
0.00	100.00	0.00
0.00	100.00	0.00
2250.00	0.00	4.06
2250.00	0.00	14.44
2250.00	0.00	105.11
0.00	100.00	0.00
2250.00	0.00	70.37
2250.00	0.00	8.57
0.00	100.00	0.00
2233.58	0.00	26.85
0.00	100.00	0.00
2233.58	0.00	8.60
131.39	0.00	73.98
131.39	0.00	62.25
131.39	0.00	62.25
2102.19	5.88	128.23
2102.19	5.88	134.15
171.65	94.12	1159.09
350.23	0.00	515.91
2303.63	6.93	561.32
171.61	0.00	608.08
2408.00	12.21	580.84
171.61	0.00	607.63
2917.41	0.00	95.00
171.61	0.00	416.37
315.82	0.00	396.86
2420.17	5.88	120.47
2571.43	0.00	10.85
151.26	0.00	54.13
0.00	100.00	0.00
2420.17	5.88	123.63
2571.43	0.00	3.61
0.00	100.00	0.00
2571.43	0.00	3.61
2571.43	0.00	15.79
0.00	100.00	0.00
0.00	100.00	0.00
127.66	0.00	80.30
2170.21	0.00	76.63
2042.55	5.88	206.72
2170.21	0.00	4.19
2170.21	0.00	11.22
0.00	100.00	0.00
1085.11	0.00	18.71
1903.11	0.00	60.98
566.69	0.00	107.92
1368.54	0.00	101.71
930.34	0.00	183.27
1903.11	0.00	36.07
574.62	0.00	106.04
684.07	0.00	175.86
929.94	0.00	175.17
247.85	0.00	279.23
0.00	100.00	0.00
0.00	100.00	0.00
92.07	0.00	91.57
1473.15	0.00	204.14
1565.22	0.00	114.58
1565.22	0.00	112.55
0.00	100.00	0.00
0.00	100.00	0.00
0.00	100.00	0.00
995.76	0.00	87.92
497.96	0.00	363.80
1990.57	0.00	61.35
1990.73	0.00	81.19
991.30	0.00	290.77
497.80	0.00	298.08
1990.25	0.00	120.46
1489.90	0.00	209.58
2067.64	0.00	103.36
2214.31	0.00	18.25
1929.62	0.00	120.41
2215.68	0.00	18.23
2214.04	0.00	35.10
1084.72	0.00	108.77
1415.10	0.00	158.45
2214.22	0.00	17.96
286.24	0.00	176.32
798.94	0.00	172.07
858.24	0.00	19.83
100.97	0.00	95.39
1326.36	22.73	118.33
100.97	0.00	86.10
1615.50	0.00	10.66
1615.50	5.88	260.72
390.11	0.00	107.71
0.00	100.00	0.00
0.00	100.00	0.00
145.16	0.00	64.06
0.00	100.00	0.00
0.00	100.00	0.00
1850.81	25.00	80.97
0.00	100.00	0.00
145.16	94.12	68.12
616.94	0.00	73.74
2322.58	5.88	128.97
2322.58	4.48	123.85
1020.19	0.00	209.75
1815.84	0.00	132.35
270.78	0.00	334.38
1816.11	0.00	120.43
1815.79	0.00	101.00
1816.10	0.00	144.89
1822.98	0.00	136.49
269.06	0.00	247.65
847.99	0.00	235.16
1285.71	0.00	66.97
1889.21	0.00	52.78
787.17	0.00	62.03
655.98	0.00	98.34
682.22	0.00	87.62
1994.17	0.00	16.32
682.22	0.00	78.51
1994.17	0.00	42.59
2020.41	0.00	30.17
5396.24	0.00	20.95
314.74	0.00	118.07
3599.50	0.00	9.89
314.24	0.00	183.91
2973.02	0.00	75.28
2107.48	0.00	97.62
313.74	0.00	99.08
2100.96	0.00	67.26
3599.00	0.00	19.47
2250.00	0.00	14.44
0.00	100.00	0.00
0.00	100.00	0.00
0.00	100.00	0.00
2250.00	0.00	10.83
2250.00	0.00	4.06
0.00	100.00	0.00
2250.00	0.00	65.86
2117.65	5.88	73.98
2400.00	5.88	120.08
2400.00	5.88	120.02
2550.00	0.00	58.22
0.00	100.00	0.00
0.00	100.00	0.00
0.00	100.00	0.00
150.00	0.00	54.58
2550.00	0.00	109.67
2550.00	0.00	3.64
522.16	0.00	155.63
1123.69	0.00	112.15
1106.99	0.00	114.90
543.05	0.00	71.57
1654.21	0.00	43.57
605.71	0.00	164.50
1654.21	0.00	45.42
939.89	0.00	115.78
1654.21	0.00	45.42
389.40	0.00	224.88
2070.81	0.00	24.29
212.40	0.00	415.45
2070.79	0.00	105.21
1653.08	0.00	272.52
1858.40	0.00	172.29
1858.39	0.00	224.47
1652.85	0.00	268.90
212.39	0.00	387.49
1187.66	0.00	136.50
416.45	0.00	148.70
694.09	0.00	126.56
1264.78	0.00	27.23
416.45	0.00	101.92
1203.08	0.00	93.26
1218.51	0.00	104.92
416.45	0.00	155.80
385.60	0.00	175.03
0.00	100.00	0.00
97.30	0.00	91.12
1654.05	0.00	25.42
1654.05	0.00	106.59
1654.05	0.00	14.73
1556.76	0.00	88.16
1654.05	0.00	16.93
1556.76	0.00	11.02
1654.05	0.00	16.08
1255.23	0.00	55.03
1255.23	0.00	34.73
1631.80	0.00	45.98
2460.25	0.00	24.40
1230.13	0.00	52.71
2384.94	0.00	31.58
2284.52	0.00	38.29
652.72	0.00	56.39
627.62	0.00	66.31
889.86	0.00	74.13
451.47	0.00	141.87
883.32	0.00	74.85
883.32	0.00	114.36
844.06	0.00	121.34
196.29	0.00	142.10
176.66	0.00	147.03
883.32	0.00	48.45
889.86	0.00	43.12
3308.11	0.00	7.36
194.59	0.00	87.74
0.00	100.00	0.00
3308.11	0.00	89.94
3113.51	5.88	46.49
0.00	100.00	0.00
3308.11	0.00	47.90
1556.76	5.88	54.19
1556.76	5.88	57.04
3258.93	0.00	61.24
910.76	0.00	203.89
904.74	0.00	264.34
1629.87	0.00	94.65
1055.87	0.00	283.72
905.96	0.00	218.04
1634.91	0.00	143.04
1628.77	0.00	66.40
904.80	0.00	295.90
205.91	0.00	216.20
1731.07	0.00	26.28
114.46	0.00	333.20
516.42	0.00	219.65
1731.25	0.00	13.41
1730.89	0.00	38.80
807.76	11.94	171.71
1617.16	0.00	80.80
808.49	36.08	176.46
887.40	0.00	220.06
919.05	0.00	216.96
887.40	0.00	192.60
882.53	0.00	191.72
1524.04	0.00	55.17
1499.70	0.00	36.62
760.80	0.00	220.14
2411.44	0.00	44.97
882.53	0.00	145.44
116.88	0.00	74.43
1870.13	5.88	157.43
1987.01	0.00	9.08
1870.13	5.88	151.57
1987.01	0.00	13.67
116.88	0.00	146.16
0.00	100.00	0.00
116.88	0.00	75.33
1870.13	5.88	89.40
0.00	100.00	0.00
0.00	100.00	0.00
2217.39	0.00	66.84
0.00	100.00	0.00
0.00	100.00	0.00
2217.39	0.00	10.99
130.43	0.00	74.88
2217.39	0.00	75.94
2217.39	0.00	75.04
2102.19	0.00	8.40
2233.58	0.00	8.17
2102.19	5.88	78.15
131.39	0.00	62.25
2233.58	0.00	10.91
2233.58	0.00	12.26
2102.19	0.00	133.55
131.39	0.00	75.78
0.00	100.00	0.00
566.69	0.00	438.10
403.59	0.00	184.00
793.41	0.00	239.73
1209.68	0.00	307.40
2117.41	0.00	30.43
1711.73	0.00	205.75
1225.72	0.00	288.67
403.49	0.00	304.49
1631.14	0.00	263.45
661.76	0.00	95.63
2117.65	0.00	44.97
688.24	0.00	85.88
714.71	0.00	39.68
794.12	0.00	80.07
1191.18	0.00	50.87
688.24	0.00	64.63
1958.82	0.00	15.24
1191.18	0.00	61.65
2528.93	0.00	115.59
0.00	100.00	0.00
148.76	0.00	64.15
446.28	11.76	191.51
148.76	0.00	64.06
2023.14	20.00	82.33
2528.93	0.00	62.36
1785.12	11.76	126.62
0.00	100.00	0.00
0.00	100.00	0.00
1548.39	5.88	113.51
0.00	100.00	0.00
1645.16	0.00	98.71
96.77	0.00	89.77
1645.16	0.00	23.32
0.00	100.00	0.00
96.77	0.00	98.79
1645.16	0.00	180.36
2176.43	0.00	94.67
322.51	0.00	211.45
2180.03	0.00	59.38
2178.49	0.00	34.03
1857.52	0.00	19.80
331.24	0.00	225.11
2177.97	0.00	49.53
1856.49	0.00	88.36
1216.60	0.00	162.21
777.78	0.00	295.79
666.67	0.00	558.01
688.01	0.00	771.93
666.67	0.00	760.55
1311.99	0.00	446.29
1755.56	0.00	330.44
1333.33	0.00	329.08
777.78	0.00	291.15
2000.00	0.00	174.27
0.00	100.00	0.00
3428.57	5.88	120.87
0.00	100.00	0.00
3642.86	0.00	43.70
3642.86	0.00	2.68
3428.57	5.88	82.04
214.29	0.00	47.82
214.29	0.00	41.05
0.00	100.00	0.00
2030.08	6.25	135.27
2165.41	5.88	76.35
0.00	100.00	0.00
2300.75	0.00	132.84
135.34	0.00	68.57
2165.41	0.00	20.50
0.00	100.00	0.00
135.34	0.00	68.12
0.00	100.00	0.00
0.00	100.00	0.00
1204.72	22.73	124.55
1559.06	0.00	16.98
1192.22	0.69	107.29
1559.06	0.00	12.92
354.33	0.00	125.76
345.99	77.81	190.45
20.84	83.87	194.06
1559.06	0.00	123.64
2233.58	0.00	4.09
131.39	0.00	137.59
1970.80	11.76	199.42
131.39	0.00	66.31
2102.19	5.88	88.56
131.39	0.00	132.62
0.00	100.00	0.00
2233.58	0.00	22.74
2233.58	0.00	4.09
1843.37	0.00	22.48
0.00	100.00	0.00
1734.94	5.88	172.26
108.43	0.00	156.08
1843.37	0.00	4.86
1518.07	17.65	166.62
108.43	0.00	80.30
1843.37	0.00	12.37
108.43	0.00	156.08
1800.24	0.00	42.95
1799.02	0.00	79.88
899.21	0.00	44.18
715.58	0.00	184.35
1799.33	0.00	60.70
899.51	0.00	161.09
710.40	0.00	173.11
190.94	0.00	269.78
709.18	0.00	187.72
1835.19	0.00	152.79
407.84	0.00	265.59
1339.28	0.00	87.44
138.20	0.00	236.75
166.01	0.00	248.53
1720.02	6.04	166.68
2266.16	0.00	14.33
1339.10	0.00	74.42
2377.44	0.00	102.32
2194.56	0.00	47.04
1276.50	0.00	121.15
1883.81	0.00	63.57
2201.00	0.00	21.54
2304.15	0.00	20.60
317.19	0.00	90.31
477.08	0.00	65.07
163.75	0.00	205.57
883.24	0.00	119.44
160.00	93.75	209.54
160.00	0.00	63.38
160.00	93.94	111.65
1360.00	0.00	12.84
0.00	100.00	0.00
160.00	0.00	66.09
2400.00	6.25	54.88
5840.00	0.00	3.87
0.00	100.00	0.00
691.90	0.00	201.63
1195.11	0.00	101.40
1200.35	0.00	99.48
1284.22	0.00	120.14
660.45	0.00	128.89
1997.09	0.00	23.68
655.21	0.00	181.79
655.21	0.00	149.31
1310.43	0.00	129.24
2395.99	0.00	13.39
1220.83	46.13	186.26
149.00	0.00	58.17
2403.20	0.00	3.83
1129.51	7.11	85.11
1167.96	50.20	82.67
1163.15	0.00	31.23
1223.23	0.00	21.63
31.24	0.00	41.78
2245.30	0.00	50.43
1154.53	0.00	44.79
1852.58	0.00	88.35
2245.18	0.00	63.45
395.26	0.00	177.73
2257.57	0.00	66.89
1091.28	0.00	29.08
1154.27	0.00	50.97
1862.44	0.00	93.53
2026.49	0.00	89.03
119.21	0.00	68.57
0.00	100.00	0.00
2026.49	22.73	151.99
119.21	0.00	68.57
2026.49	0.00	87.67
2026.49	0.00	16.03
0.00	100.00	0.00
0.00	100.00	0.00
1954.75	15.29	98.44
2307.69	0.00	68.38
135.75	0.00	75.06
135.75	0.00	74.25
244.34	0.00	37.69
0.00	100.00	0.00
2063.35	10.59	107.26
1900.45	17.65	68.91
1764.71	0.00	12.80
1628.56	0.00	152.70
2287.23	0.00	403.92
166.34	0.00	533.65
2453.57	0.00	63.95
803.55	0.00	167.53
2453.57	0.00	64.01
166.34	0.00	665.82
2287.23	0.00	437.22
2453.57	0.00	126.31
333.69	0.00	211.77
92.74	61.52	270.50
1612.81	0.00	18.51
1985.81	3.60	125.18
1018.83	0.00	92.83
7387.40	4.78	34.96
3154.32	0.00	6.76
463.47	0.00	40.33
3187.68	0.00	74.49
2609.29	0.00	32.82
1479.26	0.00	110.45
229.23	0.00	313.66
445.93	0.00	266.99
1255.40	0.00	123.15
420.85	0.00	242.83
582.03	0.00	200.05
1250.02	0.00	147.11
1484.63	0.00	21.36
5964.35	0.00	23.12
202.58	0.00	273.70
202.48	0.00	218.63
2228.06	6.65	245.48
830.00	0.00	184.43
165.31	0.00	354.79
2125.71	0.00	151.17
6071.25	0.00	7.68
390.68	85.04	474.98
0.00	100.00	0.00
2231.40	11.76	126.13
0.00	100.00	0.00
148.76	0.00	58.64
0.00	100.00	0.00
148.76	94.12	66.76
148.76	94.12	66.76
2528.93	0.00	3.66
2528.93	0.00	124.32
396.62	0.00	196.23
396.62	0.00	168.26
1500.79	0.00	86.67
1126.39	0.00	90.22
2243.26	0.00	33.82
777.37	0.00	149.37
396.62	0.00	170.97
396.62	0.00	151.57
1180.33	0.00	100.65
1573.26	0.00	26.71
0.00	100.00	0.00
0.00	100.00	0.00
0.00	100.00	0.00
1480.72	0.00	190.58
0.00	100.00	0.00
0.00	100.00	0.00
786.63	0.00	16.61
1573.26	0.00	182.36
2127.37	0.00	41.06
2127.37	0.00	42.67
878.00	0.00	107.77
2125.22	0.00	58.29
447.23	0.00	158.34
1320.21	0.00	104.68
463.69	0.00	62.22
1663.69	0.00	100.28
2127.37	0.00	16.98
1882.35	0.00	80.75
2000.00	0.00	94.73
0.00	100.00	0.00
2000.00	0.00	4.51
1882.35	5.88	76.18
117.65	0.00	73.98
0.00	100.00	0.00
0.00	100.00	0.00
2000.00	0.00	70.37
1636.36	0.00	15.79
1636.36	0.00	10.83
1636.36	0.00	10.83
1636.36	0.00	10.83
1636.36	0.00	13.53
1636.36	0.00	11.28
1636.36	0.00	12.18
1636.36	0.00	10.38
1636.36	0.00	12.18
2250.00	0.00	144.35
0.00	100.00	0.00
1125.00	0.00	87.51
1125.00	0.00	19.85
2250.00	0.00	13.08
0.00	100.00	0.00
1125.00	50.00	76.24
2250.00	0.00	70.60
0.00	100.00	0.00
1445.85	0.00	186.41
1698.90	0.00	86.61
949.78	0.00	267.30
536.47	0.00	271.51
253.30	0.00	288.43
253.22	0.00	278.15
1445.77	0.00	49.35
253.30	0.00	264.09
949.70	0.00	82.94
759.32	0.00	323.47
1051.62	0.00	247.42
379.96	0.00	373.96
1051.99	0.00	47.25
1370.91	0.00	160.66
379.96	0.00	351.41
757.13	0.00	135.38
1431.10	0.00	209.72
744.73	0.00	205.53
1675.74	0.00	95.25
1050.17	0.00	138.31
925.62	0.00	94.84
356.66	0.00	138.73
359.49	0.00	135.42
919.96	0.00	115.55
2032.39	0.00	45.86
1978.61	0.00	31.30
1053.00	0.00	97.92
748.30	0.00	148.00
1280.05	0.00	102.86
2036.93	0.00	29.20
268.02	0.00	240.44
525.31	0.00	168.47
1271.47	0.00	113.06
999.17	0.00	136.61
2036.93	0.00	15.08
2247.05	0.00	13.88
0.00	100.00	0.00
0.00	100.00	0.00
1384.62	0.00	216.08
0.00	100.00	0.00
0.00	100.00	0.00
1384.62	0.00	23.91
1384.62	0.00	41.95
1384.62	0.00	13.98
1384.62	0.00	123.60
1157.49	0.00	133.62
2383.44	0.00	71.32
414.71	0.00	104.17
1916.33	0.00	107.25
2521.28	0.00	65.05
2798.02	0.00	44.65
825.83	0.00	122.74
2318.04	0.00	16.46
2039.05	0.00	50.81
2400.00	0.00	13.53
1600.00	0.00	26.73
1200.00	0.00	18.19
1200.00	0.00	11.13
1200.00	0.00	26.46
2400.00	0.00	7.97
800.00	0.00	15.79
1200.00	0.00	19.10
800.00	0.00	14.21
1475.41	0.00	55.49
1475.41	0.00	48.49
2242.62	0.00	39.77
2390.16	0.00	24.36
737.70	0.00	47.37
1475.41	0.00	57.97
18000.00	0.00	3.12
1475.41	0.00	31.35
737.70	0.00	69.02
1000.00	0.00	27.97
2000.00	0.00	23.68
2000.00	0.00	12.18
2000.00	0.00	17.82
1000.00	0.00	28.87
1000.00	0.00	13.08
2000.00	0.00	9.92
1000.00	0.00	16.24
1000.00	0.00	8.57
598.53	0.00	133.26
1392.51	0.00	86.96
796.42	0.00	113.47
1649.02	0.00	72.09
307.82	0.00	120.83
549.67	0.00	113.78
855.05	0.00	103.43
1959.28	0.00	14.27
1160.42	0.00	75.74
1426.31	0.00	73.08
713.15	0.00	91.12
1083.99	0.00	50.45
713.15	0.00	88.42
713.15	0.00	84.36
741.68	0.00	76.34
770.21	0.00	56.81
827.26	0.00	74.28
1283.68	0.00	59.14
150.00	0.00	58.19
0.00	100.00	0.00
150.00	0.00	65.41
2250.00	11.76	75.06
0.00	100.00	0.00
2250.00	11.76	125.17
2550.00	0.00	14.57
150.00	0.00	54.58
0.00	100.00	0.00
0.00	100.00	0.00
1870.13	5.88	82.64
0.00	100.00	0.00
0.00	100.00	0.00
1870.13	5.88	95.35
0.00	100.00	0.00
116.88	0.00	82.10
0.00	100.00	0.00
1987.01	0.00	22.69
0.00	100.00	0.00
1654.05	0.00	102.59
0.00	100.00	0.00
1654.05	0.00	181.02
0.00	100.00	0.00
1654.05	0.00	5.36
97.30	0.00	84.36
1654.05	0.00	16.48
1654.05	0.00	105.72
1991.62	0.00	65.80
1991.39	0.00	72.54
1348.49	0.00	156.96
644.73	0.00	161.39
358.41	0.00	212.78
1681.35	0.00	117.15
1991.73	0.00	52.65
991.00	0.00	55.27
1982.11	0.00	38.48
2192.87	5.21	163.20
171.78	10.09	198.31
2235.64	0.00	12.79
309.29	86.64	222.01
7.53	94.71	607.63
138.90	0.00	104.85
2058.87	12.85	182.52
2156.65	0.00	63.95
218.09	0.00	60.25
2133.33	5.88	73.44
0.00	100.00	0.00
133.33	0.00	72.18
0.00	100.00	0.00
2133.33	0.00	65.18
2266.67	0.00	16.50
0.00	100.00	0.00
0.00	100.00	0.00
2266.67	0.00	64.98
1531.91	5.88	136.80
1627.66	0.00	5.44
0.00	100.00	0.00
1627.66	0.00	11.33
95.74	0.00	126.76
1627.66	0.00	102.08
0.00	100.00	0.00
0.00	100.00	0.00
1627.66	0.00	11.78
2823.53	0.00	100.60
2823.53	0.00	6.94
176.47	0.00	55.03
3000.00	0.00	3.16
2823.53	5.88	56.84
176.47	0.00	99.69
0.00	100.00	0.00
0.00	100.00	0.00
2823.53	5.88	104.20
2782.61	3.03	101.61
173.91	0.00	103.30
0.00	100.00	0.00
2782.61	5.88	148.92
0.00	100.00	0.00
2956.52	0.00	20.58
2956.52	0.00	51.76
0.00	100.00	0.00
173.91	94.12	54.36
1089.43	0.00	73.22
1821.14	0.00	60.31
1186.99	0.00	58.09
1479.67	0.00	53.29
455.28	0.00	56.39
455.28	0.00	88.61
1398.37	0.00	58.22
406.50	0.00	113.23
1089.43	0.00	34.17
984.85	0.00	165.50
181.81	0.00	930.77
907.38	0.00	683.87
748.95	0.00	91.98
2432.53	0.00	327.53
2431.12	0.00	365.69
181.57	0.00	562.52
2495.56	0.00	30.36
1624.77	35.54	410.05
0.00	100.00	0.00
818.18	46.88	176.78
0.00	100.00	0.00
818.18	0.00	115.22
1636.36	0.00	96.02
96.26	0.00	89.99
1636.36	0.00	5.41
0.00	100.00	0.00
1636.36	0.00	109.91
205.05	0.00	161.88
1935.36	0.00	41.59
1526.90	0.00	136.71
1928.16	0.00	64.94
369.22	0.00	99.39
237.42	0.00	197.28
204.72	0.00	162.59
1695.65	0.00	113.48
1566.47	0.00	96.24
0.00	100.00	0.00
0.00	100.00	0.00
2102.19	5.88	66.34
2102.19	0.00	7.53
131.39	0.00	67.67
4500.00	0.00	35.91
2102.19	0.00	4.31
0.00	100.00	0.00
0.00	100.00	0.00
1384.62	0.00	27.52
0.00	100.00	0.00
0.00	100.00	0.00
1384.62	0.00	207.05
1384.62	0.00	5.86
0.00	100.00	0.00
1384.62	0.00	21.20
0.00	100.00	0.00
1384.62	0.00	109.17
514.29	0.00	192.62
600.69	0.00	186.54
1106.74	0.00	128.29
514.29	0.00	134.88
596.57	0.00	150.89
1777.37	0.00	53.52
1793.83	0.00	23.54
600.69	0.00	105.82
1781.49	0.00	44.15
1901.03	0.00	56.89
112.23	0.00	382.84
1901.00	0.00	113.97
1901.02	0.00	42.20
1901.05	0.00	42.25
241.01	86.36	739.79
206.27	0.00	331.73
1544.21	6.52	377.35
1901.02	0.00	62.62
1715.60	0.00	54.46
844.02	0.00	143.85
437.51	0.00	161.17
1719.04	0.00	54.69
844.02	0.00	133.49
1701.82	0.00	82.64
434.07	0.00	164.24
1274.64	0.00	112.32
440.96	0.00	106.17
1150.77	0.00	140.34
233.35	0.00	298.54
1145.98	0.00	120.88
413.96	0.00	109.51
1345.76	0.00	98.04
903.04	0.00	186.93
201.39	0.00	299.39
397.98	0.00	190.90
397.98	0.00	163.05
0.00	100.00	0.00
2823.53	0.00	6.48
2823.53	0.00	100.14
3000.00	0.00	3.16
176.47	93.33	58.64
2823.53	0.00	50.07
3000.00	0.00	9.90
176.47	0.00	60.45
3000.00	0.00	3.16
614.33	0.00	163.75
331.74	0.00	215.94
307.17	0.00	221.49
651.19	0.00	167.03
380.89	0.00	156.43
368.60	0.00	113.15
872.36	0.00	145.34
626.62	0.00	155.67
430.03	0.00	210.73
1961.54	0.00	16.08
0.00	100.00	0.00
1961.54	0.00	9.15
1846.15	0.00	9.70
1961.54	0.00	9.74
0.00	100.00	0.00
1846.15	5.88	218.53
0.00	100.00	0.00
0.00	100.00	0.00
0.00	100.00	0.00
2000.00	0.00	4.51
2000.00	0.00	83.45
2000.00	0.00	4.96
0.00	100.00	0.00
0.00	100.00	0.00
2000.00	0.00	80.75
0.00	100.00	0.00
2000.00	0.00	76.24
864.30	0.00	95.86
1728.60	0.00	63.99
1315.24	0.00	55.42
507.31	0.00	82.28
2123.17	0.00	41.92
1803.76	0.00	46.28
845.51	0.00	83.95
488.52	0.00	77.21
864.30	0.00	73.30
1831.08	0.00	84.44
1150.97	0.00	119.26
1821.85	0.00	90.39
1070.95	0.00	79.23
1467.94	0.00	92.92
2160.37	0.00	30.76
393.91	0.00	80.62
384.68	0.00	171.87
1831.08	0.00	64.73
433.11	0.00	113.23
433.11	0.00	103.30
467.76	0.00	67.25
450.43	0.00	77.21
1212.70	0.00	70.24
1593.84	0.00	59.45
450.43	0.00	105.40
779.60	0.00	79.44
1715.11	0.00	50.01
2000.00	0.00	29.77
0.00	100.00	0.00
1882.35	5.88	83.51
1882.35	0.00	9.28
2000.00	0.00	69.92
0.00	100.00	0.00
0.00	100.00	0.00
1882.35	0.00	4.71
117.65	0.00	89.32
2000.00	0.00	80.30
1882.35	0.00	83.45
0.00	100.00	0.00
117.65	0.00	73.98
2000.00	0.00	4.51
2000.00	0.00	12.18
2000.00	0.00	4.51
2000.00	0.00	9.02
2000.00	0.00	9.02
0.00	100.00	0.00
0.00	100.00	0.00
0.00	100.00	0.00
95.74	0.00	90.67
95.74	0.00	89.32
1627.66	0.00	10.88
0.00	100.00	0.00
1531.91	5.88	188.28
1627.66	0.00	96.16
53.89	97.92	88.42
0.00	100.00	0.00
0.00	100.00	0.00
916.17	0.00	26.61
1724.55	5.88	90.26
1724.55	0.00	175.37
916.17	0.00	9.31
0.00	100.00	0.00
107.78	93.94	160.59
730.04	0.00	203.43
2067.71	0.00	73.74
729.99	0.00	202.54
2067.66	0.00	61.00
2067.57	0.00	111.33
2090.97	0.00	95.75
2067.66	0.00	62.91
1318.70	0.00	159.82
2067.61	0.00	94.44
1591.62	0.00	112.10
479.40	0.00	187.96
1518.11	0.00	104.47
1131.39	0.00	106.24
805.40	0.00	159.32
862.93	0.00	84.37
409.09	0.00	81.50
795.81	0.00	160.33
399.50	0.00	174.58
1285.71	0.00	13.53
2571.43	0.00	3.61
151.26	0.00	54.13
0.00	100.00	0.00
2420.17	5.88	171.87
1285.71	0.00	10.38
151.26	0.00	52.55
2571.43	0.00	10.83
0.00	100.00	0.00
2010.60	0.00	59.91
390.73	0.00	243.96
388.25	0.00	165.03
850.18	0.00	232.45
387.01	0.00	313.97
461.32	0.00	301.24
1930.10	0.00	158.20
1147.41	0.00	178.47
1219.24	0.00	206.91
1360.54	0.00	250.28
1466.09	0.00	71.66
1708.20	0.00	137.99
1020.29	0.00	52.19
585.60	0.00	396.27
1315.64	0.00	222.02
909.65	0.00	350.66
1514.23	0.00	103.17
290.26	0.00	436.17
2400.00	5.88	65.47
150.00	0.00	110.07
150.00	0.00	123.60
2550.00	0.00	3.64
2550.00	0.00	3.64
2400.00	0.00	64.59
2400.00	0.00	3.83
2550.00	0.00	61.85
0.00	100.00	0.00
1392.20	0.00	60.83
4165.65	0.00	28.19
1381.24	0.00	70.71
2795.37	0.00	17.47
1370.28	0.00	79.39
2762.48	0.00	48.33
1392.20	0.00	67.49
4165.65	0.00	12.32
2773.45	0.00	16.49
0.00	100.00	0.00
1636.36	0.00	19.85
1443.85	6.25	187.60
96.26	0.00	102.40
96.26	93.75	184.05
1636.36	0.00	194.95
1636.36	0.00	90.25
0.00	100.00	0.00
96.26	0.00	95.63
879.84	0.00	66.26
898.17	0.00	79.17
1374.75	0.00	62.40
1356.42	0.00	77.57
1924.64	0.00	28.25
458.25	0.00	93.83
458.25	0.00	101.95
1283.10	0.00	73.79
1264.77	0.00	75.51
2516.96	0.00	46.00
240.52	0.00	230.96
240.52	0.00	205.25
1335.60	0.00	44.44
2036.92	0.00	127.52
1142.88	0.00	99.49
2517.04	0.00	36.42
1375.93	0.00	46.92
2276.21	0.00	36.80
2191.30	17.65	124.99
469.57	82.35	127.21
156.52	0.00	61.80
156.52	0.00	55.94
156.52	0.00	55.94
2660.87	0.00	3.50
2660.87	0.00	3.50
0.00	100.00	0.00
2660.87	0.00	10.45
0.00	100.00	0.00
1125.00	0.00	7.67
132.35	0.00	134.43
1985.29	11.76	75.78
2250.00	0.00	8.17
2117.65	3.03	192.15
1125.00	0.00	11.73
2117.65	5.88	80.75
0.00	100.00	0.00
88.67	94.12	202.09
0.00	100.00	0.00
1507.39	0.00	29.19
0.00	100.00	0.00
0.00	100.00	0.00
1418.72	0.00	110.86
88.67	0.00	97.89
1507.39	0.00	24.20
1418.72	0.00	288.70
1841.30	0.00	73.03
333.09	0.00	114.13
333.09	0.00	131.72
1798.67	0.00	73.68
1505.55	0.00	81.64
341.08	0.00	112.77
1788.01	0.00	76.47
610.21	0.00	83.97
2126.42	0.00	12.93
239.21	0.00	371.71
2571.48	0.00	216.36
2804.51	0.00	44.17
1386.94	0.00	41.62
2559.63	0.00	222.34
1386.94	0.00	62.09
2810.69	0.00	22.34
2810.68	0.00	92.37
249.54	89.47	855.78
250.19	6.55	920.17
160.89	0.07	710.14
88.39	93.59	929.57
87.94	94.37	896.48
2942.05	0.00	20.63
2513.95	8.44	588.09
2519.06	14.44	269.76
2942.05	0.00	41.21
161.70	0.00	453.74
0.00	100.00	0.00
1663.04	0.00	11.57
1663.04	0.00	107.15
0.00	100.00	0.00
1663.04	0.00	96.99
1369.57	0.00	184.05
97.83	0.00	76.69
97.83	0.00	78.49
0.00	100.00	0.00
1671.83	11.76	311.65
0.00	100.00	0.00
55.73	50.00	221.49
0.00	100.00	0.00
0.00	100.00	0.00
947.37	0.00	86.85
111.46	0.00	167.58
111.46	94.12	234.35
891.64	52.94	159.27
641.03	0.00	60.45
641.03	0.00	74.88
2025.64	0.00	49.68
1743.59	0.00	30.52
1282.05	0.00	32.25
1692.31	0.00	31.10
692.31	0.00	56.39
2435.90	0.00	34.31
641.03	0.00	78.49
2102.19	0.00	78.60
2233.58	0.00	12.26
2233.58	0.00	10.91
2233.58	0.00	8.17
2233.58	0.00	70.48
131.39	0.00	66.31
131.39	0.00	65.86
2102.19	0.00	77.28
0.00	100.00	0.00
1894.74	5.88	154.56
2013.16	0.00	95.39
1894.74	5.88	155.46
118.42	0.00	68.57
2013.16	0.00	4.48
118.42	0.00	65.41
0.00	100.00	0.00
118.42	0.00	148.86
118.42	0.00	74.88
1263.16	0.00	80.30
1263.16	0.00	49.40
631.58	75.00	71.50
1263.16	0.00	28.31
1263.16	0.00	35.98
1263.16	0.00	27.74
631.58	0.00	29.77
631.58	0.00	90.22
2526.32	0.00	7.50
2025.88	0.00	64.49
2025.72	0.00	49.19
2025.72	0.00	43.66
261.57	0.00	145.16
2025.13	0.00	86.70
2025.47	0.00	18.69
1764.32	0.00	113.82
261.74	0.00	135.61
1755.36	0.00	128.78
256.33	0.00	373.51
1771.18	0.00	112.68
1986.50	0.00	179.57
1738.38	0.00	203.74
307.19	0.00	514.19
1943.50	0.00	93.17
2242.49	0.00	54.30
504.44	0.00	154.27
2242.49	0.00	23.10
736.49	0.00	292.12
1099.60	58.93	401.28
433.45	82.98	451.63
210.22	0.00	176.12
176.29	0.00	324.93
2215.72	11.28	250.99
2087.79	11.89	294.76
317.07	0.00	250.82
738.12	0.00	56.29
2996.45	0.00	27.02
1677.62	0.00	143.25
2954.98	0.00	22.83
2683.69	0.00	39.20
3169.20	0.00	10.87
269.89	0.00	177.73
1230.60	0.00	132.37
539.34	0.00	93.68
270.23	0.00	218.50
1375.04	0.00	183.81
469.15	0.00	129.56
1377.77	0.00	169.26
285.30	0.00	377.28
1328.72	0.00	144.39
239.34	0.00	383.44
1137.25	0.00	207.62
1615.56	0.00	129.11
1615.57	0.00	84.74
1367.30	0.00	33.29
702.87	0.00	76.21
1795.61	0.00	30.52
3591.21	0.00	17.07
2333.74	0.00	49.22
2558.88	0.00	41.63
697.38	0.00	41.74
1790.12	0.00	34.94
1916.41	0.00	44.11
1500.53	0.00	67.43
737.50	0.00	74.45
1506.92	0.00	45.04
718.34	0.00	104.00
399.08	0.00	149.31
1497.34	0.00	61.08
782.19	0.00	58.00
1484.57	0.00	65.72
1497.34	0.00	62.28
1770.65	0.00	42.68
635.87	0.00	114.68
1291.30	0.00	80.99
851.09	0.00	87.11
1760.87	0.00	35.59
1976.09	0.00	11.89
254.35	0.00	98.03
645.65	0.00	106.45
264.13	0.00	73.51
2675.68	5.71	57.30
162.16	0.00	105.33
0.00	100.00	0.00
2756.76	0.00	6.79
139.00	14.29	144.43
14536.68	0.00	1.01
208.49	0.00	85.71
2756.76	0.00	3.40
2409.27	12.61	103.22
0.00	100.00	0.00
0.00	100.00	0.00
0.00	100.00	0.00
125.98	0.00	64.91
1986.41	5.80	141.90
2015.62	5.88	75.86
2015.62	5.88	78.67
2110.56	0.00	86.39
125.98	0.00	64.90
0.00	100.00	0.00
770.05	5.88	202.54
818.18	0.00	36.54
1540.11	3.03	194.72
1636.36	0.00	5.41
96.26	0.00	175.03
770.05	5.88	104.20
0.00	100.00	0.00
1636.36	0.00	102.40
2400.00	0.00	17.37
1200.00	50.00	131.72
1200.00	0.00	33.83
2400.00	0.00	12.18
0.00	100.00	0.00
0.00	100.00	0.00
0.00	100.00	0.00
0.00	100.00	0.00
1200.00	0.00	65.41
0.00	100.00	0.00
1800.00	0.00	11.73
105.88	0.00	149.77
1800.00	0.00	90.22
1694.12	0.00	200.57
1800.00	0.00	159.24
0.00	100.00	0.00
0.00	100.00	0.00
0.00	100.00	0.00
174.76	0.00	50.52
0.00	100.00	0.00
0.00	100.00	0.00
2970.87	0.00	3.18
174.76	0.00	99.69
2970.87	0.00	10.93
2970.87	0.00	53.89
2796.12	5.88	96.20
2970.87	0.00	3.18
1258.98	0.00	100.01
2023.01	0.00	132.63
989.69	0.00	302.76
2282.41	0.00	39.79
2021.59	0.00	159.52
261.12	0.00	304.92
2021.27	0.00	137.11
780.89	0.00	313.28
261.10	0.00	317.12
831.28	0.00	197.35
2124.80	0.00	36.59
1293.06	0.00	165.29
2124.86	0.00	14.01
181.07	0.00	153.63
2124.69	0.00	40.39
794.24	0.00	182.31
2124.80	0.00	14.01
180.90	0.00	157.83
2549.37	0.00	92.57
1561.06	0.00	73.13
852.05	0.00	143.45
1702.95	0.00	140.61
988.48	0.00	200.25
988.37	0.00	229.83
988.48	0.00	53.27
2550.57	0.00	47.47
1561.17	0.00	37.18
0.00	100.00	0.00
2000.00	0.00	69.44
2000.00	0.00	150.59
1882.35	5.88	79.34
117.65	0.00	73.98
2000.00	0.00	16.24
117.65	0.00	73.98
0.00	100.00	0.00
2000.00	0.00	9.02
145.16	0.00	67.67
145.16	0.00	117.74
0.00	100.00	0.00
0.00	100.00	0.00
2467.74	0.00	65.91
0.00	100.00	0.00
2322.58	5.88	62.11
0.00	100.00	0.00
2322.58	0.00	182.02
1965.87	5.88	83.85
982.94	5.88	80.46
2088.74	0.00	9.58
122.87	0.00	82.10
1044.37	0.00	12.79
122.87	0.00	73.75
0.00	100.00	0.00
2088.74	0.00	19.90
982.94	52.94	85.85
0.00	100.00	0.00
2000.00	0.00	4.51
2000.00	0.00	65.41
2000.00	0.00	83.00
2000.00	0.00	79.84
0.00	100.00	0.00
0.00	100.00	0.00
2000.00	0.00	14.44
0.00	100.00	0.00
0.00	100.00	0.00
3035.50	0.00	52.68
2396.45	11.76	117.82
0.00	100.00	0.00
3621.30	0.00	6.73
0.00	100.00	0.00
1810.65	0.00	11.50
319.53	88.24	113.68
1810.65	0.00	4.94
343.16	0.00	187.18
2452.00	0.00	91.42
597.35	0.00	98.20
1406.52	0.00	138.61
1349.56	0.00	166.39
295.14	0.00	235.17
294.20	0.00	236.83
633.59	0.00	147.25
1640.47	0.00	151.85
128.87	0.00	542.27
1875.59	0.00	71.81
128.87	0.00	794.87
1631.98	0.00	534.11
110.34	0.00	515.60
203.74	91.79	910.28
1875.59	0.00	197.21
1561.49	6.59	461.95
1875.57	0.00	141.21
0.00	100.00	0.00
0.00	100.00	0.00
992.65	55.88	139.12
132.35	0.00	71.95
1125.00	50.00	135.97
1125.00	0.00	75.39
0.00	100.00	0.00
0.00	100.00	0.00
2250.00	0.00	12.63
913.64	0.00	135.08
509.20	0.00	115.56
509.20	0.00	77.79
1503.25	0.00	117.28
508.39	0.00	95.03
2429.07	0.00	66.17
1011.10	0.00	133.16
1011.91	0.00	79.42
2315.38	0.00	76.34
226.37	0.00	203.96
2396.34	0.00	72.08
2651.01	0.00	25.65
615.45	0.00	46.99
1430.73	0.00	107.62
613.68	0.00	37.21
1184.91	0.00	70.19
618.98	0.00	49.78
786.99	0.00	110.11
2250.00	0.00	8.57
2250.00	0.00	9.92
2250.00	0.00	9.02
2250.00	0.00	21.20
0.00	100.00	0.00
0.00	100.00	0.00
2250.00	0.00	76.24
2250.00	0.00	4.06
2250.00	0.00	7.67
0.00	100.00	0.00
2528.93	0.00	66.74
2380.17	5.88	122.95
0.00	100.00	0.00
2528.93	0.00	3.66
0.00	100.00	0.00
148.76	0.00	55.03
2528.93	0.00	3.66
2528.93	0.00	17.49
1714.29	0.00	12.63
1714.29	0.00	25.26
1714.29	0.00	23.01
857.14	0.00	19.40
1714.29	0.00	26.16
1714.29	0.00	10.38
857.14	0.00	14.44
857.14	0.00	17.14
1714.29	0.00	22.78
0.00	100.00	0.00
2117.65	5.88	82.38
132.35	0.00	71.27
0.00	100.00	0.00
2117.65	5.88	130.59
132.35	0.00	65.86
132.35	0.00	136.23
0.00	100.00	0.00
2117.65	5.88	136.57
132.35	0.00	79.84
1985.29	0.00	16.63
2117.65	5.88	71.27
2117.65	5.88	144.10
132.35	0.00	61.80
132.35	0.00	72.18
0.00	100.00	0.00
132.35	0.00	75.33
132.35	0.00	72.63
1821.43	0.00	89.11
0.00	100.00	0.00
107.14	0.00	80.30
1821.43	0.00	82.90
1821.43	0.00	14.73
0.00	100.00	0.00
1821.43	0.00	98.02
1821.43	0.00	14.83
1714.29	0.00	93.89
620.69	0.00	21.65
0.00	100.00	0.00
1862.07	0.00	16.84
0.00	100.00	0.00
620.69	0.00	38.34
620.69	0.00	99.69
1862.07	0.00	4.81
1241.38	0.00	173.45
1862.07	0.00	85.86
2073.73	0.00	77.81
1050.69	0.00	46.49
1046.08	0.00	46.70
589.86	0.00	109.25
1050.69	0.00	90.02
1516.13	0.00	80.90
576.04	0.00	138.49
599.08	0.00	51.18
2092.17	0.00	32.42
1987.01	0.00	4.54
0.00	100.00	0.00
1987.01	0.00	75.39
0.00	100.00	0.00
0.00	100.00	0.00
1870.13	0.00	79.48
1987.01	0.00	158.55
116.88	0.00	74.88
0.00	100.00	0.00
2707.96	0.00	10.39
318.58	73.33	65.07
2707.96	0.00	6.93
0.00	100.00	0.00
2707.96	0.00	18.53
159.29	0.00	65.86
1353.98	0.00	9.71
2389.38	6.25	157.78
159.29	88.24	63.83
744.05	0.00	124.50
1470.24	0.00	75.79
2232.14	0.00	52.78
1369.05	0.00	71.10
1601.19	0.00	89.72
750.00	0.00	90.85
1458.33	0.00	56.16
2232.14	0.00	46.61
863.10	0.00	82.05
1988.18	0.00	44.91
1799.39	0.00	143.20
2178.48	0.00	30.16
2177.88	0.00	62.06
189.39	0.00	198.94
189.39	0.00	250.36
1798.18	0.00	134.17
1828.18	0.00	129.73
381.21	0.00	213.58
0.00	100.00	0.00
1531.91	0.00	94.98
1627.66	0.00	106.99
1627.66	0.00	102.45
0.00	100.00	0.00
1627.66	0.00	27.65
95.74	0.00	101.05
1531.91	0.00	108.24
1531.91	0.00	18.66
1487.61	0.00	161.04
1487.61	0.00	383.21
2231.41	0.00	50.52
863.00	0.00	325.81
1368.41	0.00	544.34
867.77	0.00	285.35
2231.41	0.00	97.89
743.80	0.00	582.82
743.80	0.00	563.42
0.00	100.00	0.00
1500.00	0.00	107.81
0.00	100.00	0.00
1500.00	0.00	191.27
0.00	100.00	0.00
1411.76	0.00	101.05
0.00	100.00	0.00
0.00	100.00	0.00
0.00	100.00	0.00
151.26	0.00	60.90
0.00	100.00	0.00
151.26	0.00	61.35
151.26	0.00	63.15
2571.43	0.00	16.24
2268.91	11.76	120.02
2571.43	0.00	3.61
2571.43	0.00	7.22
2420.17	0.00	70.82
1330.05	0.00	73.30
443.35	0.00	110.90
724.14	0.00	43.04
2054.19	0.00	46.16
1256.16	0.00	66.34
1300.49	0.00	61.77
1270.94	0.00	65.17
369.46	0.00	104.20
2113.30	0.00	26.26
206.90	0.00	42.63
1758.62	0.00	10.19
206.90	0.00	42.40
3310.34	3.03	53.65
0.00	100.00	0.00
3310.34	3.03	46.18
3517.24	0.00	9.04
1758.62	0.00	5.07
6000.00	0.00	25.26
641.33	0.00	102.25
1111.64	0.00	24.94
1517.81	0.00	67.51
662.71	0.00	38.56
2180.52	0.00	27.42
962.00	0.00	66.16
1581.95	0.00	71.02
534.44	0.00	102.40
619.95	0.00	113.16
817.43	0.00	190.03
2028.98	0.00	116.67
2281.55	0.00	99.20
1424.01	0.00	164.29
219.19	0.00	353.21
817.36	0.00	247.51
394.54	0.00	228.06
1423.73	0.00	169.87
1422.39	0.00	49.98
1763.27	0.00	181.62
0.00	100.00	0.00
1469.39	0.00	11.14
0.00	100.00	0.00
0.00	100.00	0.00
0.00	100.00	0.00
1469.39	16.67	117.11
1469.39	0.00	61.39
293.88	0.00	51.54
1903.70	0.00	37.50
1145.31	0.00	91.59
820.29	0.00	94.05
1114.36	0.00	74.40
1857.27	0.00	77.81
1919.17	0.00	15.10
386.93	0.00	136.68
804.82	0.00	67.23
402.41	0.00	98.03
1384.62	0.00	23.46
0.00	100.00	0.00
1384.62	0.00	12.63
1384.62	0.00	129.92
1384.62	0.00	33.38
1384.62	0.00	125.41
1384.62	0.00	15.79
0.00	100.00	0.00
0.00	100.00	0.00
0.00	100.00	0.00
3913.04	3.23	35.88
4173.91	0.00	2.40
260.87	0.00	69.02
260.87	0.00	42.18
4434.78	0.00	36.63
3000.00	0.00	7.67
0.00	100.00	0.00
3000.00	0.00	50.07
0.00	100.00	0.00
1047.59	54.55	89.70
1152.35	0.00	48.95
2304.69	0.00	12.60
1152.35	50.00	106.30
523.79	0.00	90.32
1152.35	0.00	72.82
2169.12	5.88	66.73
2304.69	0.00	72.09
1106.49	0.00	53.85
701.30	0.00	77.69
1761.04	0.00	44.81
763.64	0.00	68.82
420.78	0.00	59.73
1075.32	0.00	43.64
763.64	0.00	76.18
467.53	0.00	77.44
1387.01	0.00	43.84
2953.76	0.00	36.70
1338.17	0.00	73.85
815.96	0.00	110.97
407.98	0.00	138.49
407.98	0.00	109.62
407.98	0.00	117.74
1811.42	0.00	54.05
832.28	0.00	95.08
2170.44	0.00	14.58
393.19	0.00	225.55
2065.02	0.00	17.84
699.69	0.00	154.94
1030.96	0.00	119.21
1027.86	0.00	116.34
1024.77	0.00	136.62
724.46	0.00	91.57
1021.67	0.00	130.20
1006.19	0.00	137.76
357.05	0.00	83.05
1037.62	0.00	120.81
2041.69	0.00	50.88
2031.46	0.00	15.07
2041.69	0.00	50.01
2040.56	0.00	55.70
1676.68	0.00	73.62
2042.26	0.00	15.38
993.27	0.00	81.66
0.00	100.00	0.00
0.00	100.00	0.00
1870.13	0.00	141.31
1987.01	0.00	79.02
1987.01	0.00	158.55
0.00	100.00	0.00
0.00	100.00	0.00
0.00	100.00	0.00
116.88	0.00	74.88
1858.06	0.00	96.37
116.13	94.12	164.65
116.13	0.00	83.00
116.13	0.00	70.37
1858.06	0.00	146.66
116.13	0.00	159.24
0.00	100.00	0.00
1974.19	0.00	4.56
116.13	93.75	213.37
725.07	0.00	251.97
3836.50	0.00	52.21
2217.36	0.00	75.66
1490.28	0.00	242.08
1622.63	0.00	254.43
330.98	0.00	412.62
3505.72	0.00	17.46
579.28	0.00	483.64
2217.36	0.00	50.69
258.24	0.00	89.69
880.47	0.00	132.52
6507.20	0.00	4.49
1149.84	0.00	133.19
1154.29	0.00	125.77
495.33	0.00	179.30
772.49	0.00	159.01
633.36	0.00	161.14
139.14	0.00	258.03
1954.23	0.00	59.72
415.23	0.00	99.35
1140.24	0.00	94.69
1562.07	0.00	64.60
807.40	0.00	104.49
1136.95	0.00	88.59
2362.87	0.00	26.97
1548.88	0.00	79.30
2356.28	0.00	13.25
2023.38	0.00	51.42
1412.98	0.00	80.90
1282.78	0.00	82.53
8408.87	0.00	6.18
449.47	0.00	96.54
579.93	0.00	93.56
996.06	0.00	99.36
163.02	0.00	163.04
839.82	0.00	88.56
1766.57	0.00	55.17
1694.39	0.00	24.27
2241.45	0.00	35.65
1781.76	0.00	40.04
482.48	0.00	53.72
2245.25	0.00	23.09
550.87	0.00	81.28
18000.00	0.00	2.75
2245.25	0.00	11.64
1641.44	0.00	174.13
2881.68	0.00	61.90
1594.46	43.09	448.70
1238.59	0.00	298.70
1255.39	53.30	616.58
2849.85	0.00	24.67
1240.24	0.00	97.85
207.26	0.00	335.17
2849.85	0.00	24.28
348.73	0.00	173.93
912.07	0.00	48.92
684.05	0.00	65.45
616.99	0.00	102.48
335.32	0.00	163.30
5459.02	0.00	12.91
2199.70	0.00	81.69
657.23	0.00	92.06
992.55	0.00	120.09
2970.87	0.00	60.13
174.76	0.00	52.78
0.00	100.00	0.00
0.00	100.00	0.00
2970.87	0.00	97.04
2970.87	0.00	3.18
0.00	100.00	0.00
0.00	100.00	0.00
2796.12	5.88	101.58
2688.43	0.00	89.69
2688.43	0.00	67.66
357.90	0.00	836.04
1700.84	0.00	289.03
2686.15	0.00	53.35
2411.37	0.00	158.02
2052.19	0.00	210.84
701.81	0.00	537.20
2399.35	0.00	225.34
943.56	0.00	323.49
1811.25	0.00	163.39
190.66	0.00	222.32
192.43	0.00	352.53
943.99	0.00	267.87
753.20	0.00	343.26
190.60	0.00	395.61
221.22	0.00	196.28
942.10	0.00	200.60
1627.74	0.00	61.47
2211.54	0.00	43.92
943.28	0.00	64.64
2562.39	0.00	33.10
1279.76	0.00	72.86
2571.02	0.00	18.61
934.65	0.00	70.96
359.48	0.00	99.69
362.36	0.00	55.94
0.00	100.00	0.00
2331.98	0.00	119.80
0.00	100.00	0.00
2477.73	0.00	64.53
1238.87	0.00	7.01
2331.98	5.88	66.47
145.75	93.94	64.73
145.75	0.00	65.64
145.75	0.00	61.35
0.00	100.00	0.00
580.65	0.00	79.84
580.65	50.00	202.09
1741.94	40.00	142.55
1161.29	0.00	22.55
0.00	100.00	0.00
2322.58	0.00	12.41
1161.29	0.00	7.22
0.00	100.00	0.00
1122.25	0.00	38.14
1056.23	5.88	89.99
0.00	100.00	0.00
0.00	100.00	0.00
1496.33	0.00	17.18
132.03	0.00	66.09
1496.33	0.00	9.95
1496.33	0.00	18.24
1056.23	51.02	197.58
2171.45	0.00	60.46
186.62	0.00	315.38
186.88	0.00	212.04
160.93	0.00	213.75
1982.82	0.00	146.00
2009.64	0.00	18.60
603.00	46.06	301.96
1465.43	0.00	248.11
2170.72	0.00	17.35
1140.22	0.00	134.21
1996.68	0.00	56.94
1999.77	0.00	21.09
132.08	0.00	174.45
2001.83	0.00	23.31
1999.77	0.00	36.81
1999.77	0.00	27.99
1999.77	0.00	24.76
728.50	0.00	117.25
0.00	100.00	0.00
1110.71	0.00	29.84
2221.42	0.00	4.11
2221.42	0.00	9.23
130.67	0.00	76.57
0.00	100.00	0.00
1666.06	25.00	89.73
1960.07	6.25	146.20
130.67	94.12	144.69
3000.00	0.00	3.16
0.00	100.00	0.00
0.00	100.00	0.00
3000.00	0.00	60.87
3000.00	0.00	60.45
0.00	100.00	0.00
3000.00	0.00	12.63
3000.00	0.00	50.07
3000.00	0.00	3.16
232.77	0.00	348.70
852.89	0.00	183.07
459.96	0.00	205.46
875.23	0.00	220.75
234.64	0.00	202.73
456.24	0.00	198.16
651.77	0.00	183.82
422.72	0.00	88.68
929.24	0.00	186.90
2217.39	0.00	140.19
2217.39	0.00	132.41
0.00	100.00	0.00
0.00	100.00	0.00
130.43	0.00	70.37
2086.96	5.88	68.69
0.00	100.00	0.00
2086.96	5.88	144.83
130.43	0.00	70.82
2439.15	0.00	51.50
2082.14	0.00	73.81
425.83	0.00	158.79
2437.11	0.00	51.08
767.18	0.00	129.20
2440.52	0.00	15.74
2436.43	0.00	43.36
837.35	0.00	149.80
835.31	0.00	132.00
1182.69	0.00	126.07
880.21	0.00	124.34
315.08	0.00	159.69
315.59	0.00	94.58
879.71	0.00	95.97
2441.51	0.00	33.01
619.07	0.00	63.83
1535.58	0.00	92.10
1131.77	0.00	101.72
2856.75	0.00	86.18
1468.73	0.00	106.80
2475.32	0.00	57.03
497.80	0.00	75.74
497.64	0.00	110.48
3357.90	0.00	12.63
2543.14	0.00	16.41
1468.57	0.00	96.73
2860.09	0.00	59.48
271.22	0.00	348.03
139.51	0.00	329.13
135.18	0.00	546.72
135.18	0.00	530.04
204.07	84.39	1455.17
1688.82	0.00	359.84
1824.87	0.00	167.07
270.35	0.00	328.86
1891.96	0.00	303.67
0.00	100.00	0.00
0.00	100.00	0.00
0.00	100.00	0.00
1500.00	0.00	23.46
0.00	100.00	0.00
1500.00	0.00	16.24
88.24	0.00	92.48
1500.00	0.00	29.32
1500.00	0.00	17.59
1636.36	0.00	108.72
1443.85	11.76	113.68
1636.36	0.00	30.67
0.00	100.00	0.00
0.00	100.00	0.00
1636.36	0.00	98.79
1443.85	6.25	102.10
96.26	0.00	170.06
96.26	0.00	170.52
178.89	0.00	370.33
1000.05	0.00	229.92
678.52	0.00	278.66
178.78	0.00	345.32
1205.81	0.00	219.76
384.48	0.00	452.57
678.46	0.00	335.46
705.79	0.00	338.80
1384.70	0.00	76.77
0.00	100.00	0.00
0.00	100.00	0.00
0.00	100.00	0.00
0.00	100.00	0.00
0.00	100.00	0.00
132.35	0.00	123.60
2250.00	0.00	82.10
2250.00	0.00	8.12
2250.00	0.00	66.71
1757.72	0.00	68.26
623.98	0.00	205.21
463.72	0.00	315.11
881.42	0.00	59.66
876.30	0.00	56.06
247.21	0.00	362.05
419.40	28.90	295.00
1759.42	0.00	20.82
214.81	0.00	369.20
129.50	0.00	71.27
0.00	100.00	0.00
2201.44	0.00	16.56
129.50	0.00	67.21
1100.72	0.00	12.45
0.00	100.00	0.00
0.00	100.00	0.00
1942.45	11.76	136.95
2201.44	0.00	75.57
1677.67	0.00	56.75
1724.66	0.00	145.85
1326.55	0.00	185.07
1033.29	0.00	202.00
2710.56	0.00	16.50
352.98	0.00	114.56
985.84	0.00	188.79
2755.81	0.00	83.36
691.75	0.00	234.53
378.35	0.00	77.26
3163.85	0.00	23.31
732.87	0.00	94.67
1087.39	0.00	91.46
3157.89	0.00	26.81
375.37	0.00	85.03
1337.64	0.00	81.25
2112.21	0.00	60.84
3163.85	0.00	34.83
0.00	100.00	0.00
0.00	100.00	0.00
1200.00	0.00	7.22
2400.00	0.00	127.21
1200.00	0.00	69.02
0.00	100.00	0.00
1200.00	50.00	67.67
2400.00	0.00	11.50
1200.00	0.00	7.22
1194.13	0.00	129.01
1194.05	0.00	136.23
1194.05	0.00	129.92
2434.18	0.00	75.24
1194.13	0.00	176.37
2426.46	0.00	94.34
1194.13	0.00	176.37
1194.05	0.00	175.03
1201.77	0.00	55.58
303.66	0.00	206.75
762.49	0.00	266.88
1674.68	0.00	159.62
1971.86	0.00	21.36
254.43	0.00	288.25
1717.36	0.00	135.40
1971.76	0.00	96.39
1971.70	0.00	100.88
1208.99	0.00	181.99
1679.04	0.00	46.57
830.49	0.00	75.27
848.55	0.00	72.94
2058.17	0.00	41.25
1173.52	0.00	67.14
848.55	0.00	65.03
469.41	0.00	64.63
523.57	0.00	63.00
1191.57	0.00	57.41
1974.76	0.00	97.73
343.81	0.00	132.00
343.49	0.00	221.42
2317.92	0.00	43.64
2027.29	0.00	102.00
969.69	0.00	179.23
1356.47	0.00	163.18
1974.65	0.00	100.88
343.59	0.00	99.18
1349.52	0.00	62.26
1881.73	0.00	36.22
855.33	0.00	81.20
1881.73	0.00	14.58
494.19	0.00	58.12
950.37	0.00	68.34
494.19	0.00	66.36
855.33	0.00	65.16
475.18	0.00	97.89
0.00	100.00	0.00
0.00	100.00	0.00
2400.00	0.00	13.53
0.00	100.00	0.00
2400.00	0.00	69.84
2258.82	5.88	128.45
0.00	100.00	0.00
1200.00	0.00	19.85
1200.00	0.00	18.50
2970.87	0.00	68.33
174.76	0.00	49.17
2796.12	5.88	95.63
0.00	100.00	0.00
0.00	100.00	0.00
0.00	100.00	0.00
2970.87	0.00	54.21
174.76	0.00	57.74
0.00	100.00	0.00
150.00	0.00	57.74
1200.00	0.00	18.10
0.00	100.00	0.00
150.00	0.00	73.98
2400.00	5.88	69.10
2250.00	0.00	56.51
1200.00	0.00	14.49
150.00	0.00	64.96
2550.00	0.00	66.87
1985.29	0.00	97.44
0.00	100.00	0.00
132.35	0.00	69.47
2250.00	0.00	8.12
2250.00	0.00	4.06
2250.00	0.00	70.82
2250.00	0.00	4.06
132.35	0.00	98.34
2250.00	0.00	4.06
1616.06	0.00	79.16
1072.99	0.00	99.66
1633.58	0.00	21.32
2194.16	0.00	16.66
2181.02	0.00	37.82
551.82	0.00	124.41
547.45	0.00	97.89
1086.13	0.00	90.72
1094.89	0.00	95.18
474.91	0.00	141.30
856.70	0.00	69.63
838.08	0.00	38.59
260.73	0.00	120.43
1396.79	0.00	72.85
605.28	0.00	95.77
623.90	0.00	115.30
605.28	0.00	108.78
2085.88	0.00	32.42
0.00	100.00	0.00
0.00	100.00	0.00
1920.00	5.88	95.24
120.00	0.00	73.08
2040.00	0.00	147.72
120.00	0.00	68.12
0.00	100.00	0.00
2040.00	0.00	4.43
2040.00	0.00	4.43
1750.84	0.00	114.30
1082.56	0.00	159.66
226.60	0.00	297.54
226.74	0.00	165.34
668.49	0.00	308.68
1524.38	0.00	154.26
1336.99	0.00	219.51
415.37	0.00	204.86
1751.13	0.00	22.52
2400.00	0.00	113.99
0.00	100.00	0.00
2550.00	0.00	47.76
2400.00	5.88	62.84
2550.00	0.00	11.38
2550.00	0.00	58.24
0.00	100.00	0.00
0.00	100.00	0.00
2550.00	0.00	7.75
1062.96	0.00	38.50
2706.56	0.00	41.66
585.33	0.00	138.04
604.06	0.00	116.27
585.33	0.00	81.20
1053.59	0.00	76.69
1638.92	0.00	76.36
1072.32	0.00	84.46
2130.59	0.00	48.46
