1500.00	0.00	14.89
2250.00	0.00	18.50
1500.00	0.00	14.21
0.00	100.00	0.00
2250.00	0.00	60.90
2250.00	0.00	20.75
0.00	100.00	0.00
264.71	0.00	37.44
264.71	0.00	40.15
0.00	100.00	0.00
2382.35	0.00	95.58
0.00	100.00	0.00
6206.90	9.09	15.20
2482.76	0.00	79.28
2482.76	0.00	13.08
0.00	100.00	0.00
0.00	100.00	0.00
620.69	0.00	28.42
1941.18	0.00	77.37
2294.12	0.00	13.48
342.08	0.00	134.70
2294.12	0.00	44.84
990.95	0.00	111.38
1284.16	0.00	67.95
2337.66	0.00	87.83
233.77	0.00	44.66
2571.43	0.00	3.61
2337.66	0.00	89.86
233.77	90.91	49.62
0.00	100.00	0.00
0.00	100.00	0.00
268.66	0.00	40.15
2955.22	0.00	19.19
0.00	100.00	0.00
2417.91	10.00	64.41
2955.22	0.00	10.99
0.00	100.00	0.00
202.25	0.00	44.66
0.00	100.00	0.00
2224.72	0.00	8.24
0.00	100.00	0.00
2224.72	0.00	55.20
2239.63	0.00	48.87
1119.82	0.00	87.30
1866.36	0.00	54.88
2281.11	0.00	16.20
1036.87	0.00	76.69
2073.73	0.00	57.29
1892.35	0.00	81.58
2208.80	0.00	47.25
2209.85	0.00	14.44
329.08	0.00	156.08
2207.75	0.00	55.67
1879.19	0.00	78.29
6000.00	0.00	5.60
5373.74	0.00	17.91
4737.37	0.00	34.39
6005.05	0.00	10.86
636.36	0.00	48.78
631.31	0.00	59.09
1285.79	0.00	149.84
1817.90	0.00	192.36
547.42	0.00	358.38
459.33	0.00	148.83
1359.30	0.00	59.90
991.82	0.00	181.09
2571.43	0.00	51.43
2571.43	0.00	11.73
233.77	0.00	38.79
0.00	100.00	0.00
2571.43	0.00	3.61
0.00	100.00	0.00
898.93	0.00	112.78
2518.43	0.00	50.32
1612.37	0.00	65.87
891.80	0.00	84.36
891.80	0.00	64.51
891.80	0.00	105.56
3600.00	0.00	8.57
3600.00	0.00	7.67
3600.00	0.00	8.12
3600.00	0.00	5.41
3600.00	0.00	6.77
3600.00	0.00	2.71
1640.16	0.00	55.22
1634.94	0.00	86.92
1634.94	0.00	59.90
1632.33	0.00	96.54
9731.28	0.00	7.79
1689.79	0.00	49.68
0.00	100.00	0.00
0.00	100.00	0.00
2571.43	0.00	39.25
2571.43	0.00	84.81
2571.43	0.00	4.06
0.00	100.00	0.00
1016.25	0.00	225.78
519.49	0.00	235.47
1866.42	0.00	151.38
1017.25	0.00	171.53
520.15	0.00	283.29
1867.25	0.00	118.87
0.00	100.00	0.00
0.00	100.00	0.00
1005.08	0.00	8.53
1827.41	0.00	69.69
2010.15	0.00	102.99
182.74	0.00	55.94
3268.84	0.00	82.66
2990.64	6.93	160.30
278.20	0.00	425.84
1655.82	0.00	53.21
1655.82	0.00	35.24
2990.64	0.00	145.15
684.53	0.00	55.53
3718.24	0.00	19.98
3054.45	0.00	39.63
3733.79	0.00	26.47
3054.45	0.00	46.81
653.41	0.00	53.70
673.13	0.00	95.92
3695.24	0.00	32.33
1846.02	0.00	75.18
1335.55	0.00	71.16
3023.19	0.00	56.49
3696.31	0.00	25.14
295.45	0.00	472.29
295.45	0.00	350.28
518.92	71.86	552.78
2271.50	0.00	144.73
241.01	89.10	550.89
2012.14	0.00	245.43
2591.51	0.00	87.55
2591.72	0.00	60.50
4425.83	0.00	71.32
2590.79	0.00	74.45
2595.12	0.00	20.40
655.96	0.00	102.37
1002.05	0.00	149.08
1992.89	0.00	113.45
1002.05	0.00	104.49
3995.38	0.00	43.15
1002.05	0.00	125.66
1999.29	0.00	93.68
461.91	0.00	171.42
4503.64	0.00	32.43
461.94	0.00	233.21
4041.74	0.00	111.36
4040.99	0.00	26.40
4041.72	0.00	81.35
0.00	100.00	0.00
2041.24	0.00	15.91
2041.24	0.00	94.16
0.00	100.00	0.00
2041.24	0.00	17.72
1855.67	9.09	62.07
3600.00	0.00	65.41
3600.00	0.00	7.22
0.00	100.00	0.00
0.00	100.00	0.00
0.00	100.00	0.00
0.00	100.00	0.00
214.29	0.00	50.07
2142.86	9.09	62.27
2357.14	0.00	53.15
0.00	100.00	0.00
6000.00	0.00	5.41
0.00	100.00	0.00
1403.17	0.00	42.73
2773.45	0.00	47.70
2751.52	0.00	54.81
1403.17	0.00	74.01
1392.20	0.00	51.06
1370.28	0.00	82.10
2168.25	0.00	29.20
460.14	0.00	145.25
2642.93	0.00	53.56
2642.93	0.00	60.87
2185.95	0.00	70.17
2642.93	0.00	42.57
935.55	0.00	69.47
972.97	0.00	67.23
2095.63	0.00	43.90
972.97	0.00	38.60
935.55	0.00	69.02
2095.63	0.00	25.98
0.00	100.00	0.00
2706.77	9.09	72.69
270.68	0.00	33.16
1488.72	0.00	5.91
0.00	100.00	0.00
2977.44	0.00	9.51
2251.80	0.00	71.50
4500.00	0.00	28.13
2251.80	0.00	25.18
2244.61	0.00	59.09
4528.73	0.00	15.20
2244.61	0.00	50.52
2436.61	0.00	89.58
2436.79	0.00	18.39
2436.69	0.00	17.93
2436.61	0.00	81.73
2122.22	0.00	114.62
314.43	0.00	156.07
2982.25	0.00	61.98
3005.92	0.00	39.96
1479.29	0.00	84.81
2994.08	0.00	30.98
3029.59	0.00	17.62
1526.63	0.00	76.06
3600.00	0.00	9.02
0.00	100.00	0.00
0.00	100.00	0.00
3600.00	0.00	27.97
3600.00	0.00	36.50
0.00	100.00	0.00
0.00	100.00	0.00
3535.71	0.00	6.89
3214.29	0.00	28.24
321.43	0.00	28.42
18000.00	0.00	0.90
3535.71	0.00	6.89
4065.60	0.00	7.99
168.70	54.55	78.49
3373.95	13.04	55.24
0.00	100.00	0.00
354.26	0.00	26.57
3711.34	9.09	30.72
3266.57	0.00	42.49
1646.31	0.00	126.25
1633.29	0.00	110.62
3261.36	0.00	57.65
3261.36	0.00	65.31
1628.08	0.00	123.60
1046.80	0.00	169.16
3309.57	0.00	47.37
1046.80	0.00	147.06
1247.79	0.00	163.86
2085.23	0.00	112.10
1383.46	0.00	148.82
2149.93	0.00	32.17
1978.84	0.00	57.95
3019.91	0.00	42.95
3018.29	0.00	36.94
2816.54	0.00	37.32
1008.79	0.00	67.21
3600.28	0.00	67.52
3350.65	0.00	126.60
3049.01	0.00	187.09
311.69	0.00	280.58
3972.43	0.00	30.76
372.04	0.00	249.81
2307.69	9.09	83.18
0.00	100.00	0.00
14076.92	0.00	1.03
2307.69	9.09	83.59
230.77	0.00	39.25
230.77	0.00	41.05
327.27	0.00	27.97
327.27	0.00	53.68
0.00	100.00	0.00
3600.00	0.00	2.71
0.00	100.00	0.00
3272.73	0.00	55.94
2000.00	0.00	55.94
0.00	100.00	0.00
0.00	100.00	0.00
2000.00	0.00	57.29
0.00	100.00	0.00
2000.00	0.00	61.80
276.92	0.00	32.93
3046.15	0.00	9.35
2769.23	9.09	65.36
0.00	100.00	0.00
276.92	0.00	32.41
5454.55	9.09	34.28
2800.19	9.09	66.35
0.00	100.00	0.00
96.26	66.67	67.17
2887.70	9.09	39.26
0.00	100.00	0.00
2983.96	3.12	39.97
2994.06	0.00	30.07
2815.84	0.00	28.27
2744.55	0.00	50.09
998.02	0.00	84.98
891.09	0.00	88.87
926.73	0.00	70.27
2000.00	0.00	7.67
4000.00	0.00	10.38
4000.00	0.00	2.48
4000.00	0.00	8.12
2000.00	0.00	11.73
4000.00	0.00	2.48
233.77	90.48	56.84
1285.71	50.00	56.39
1285.71	0.00	13.53
233.77	0.00	38.79
1285.71	0.00	46.01
2337.66	0.00	78.58
789.75	0.00	117.29
789.75	0.00	111.87
1421.55	0.00	86.71
1465.78	0.00	67.32
2236.57	0.00	17.36
789.75	0.00	100.60
4238.81	0.00	28.42
4703.07	0.00	19.00
856.40	0.00	61.26
718.11	0.00	64.04
3267.78	0.00	55.50
4243.63	0.00	9.77
1831.90	0.00	81.80
628.80	0.00	183.80
320.76	0.00	212.85
1192.84	0.00	164.92
1831.80	0.00	78.65
1511.35	0.00	121.65
2608.70	0.00	43.89
260.87	0.00	32.03
260.87	0.00	43.76
2608.70	9.09	42.90
0.00	100.00	0.00
2869.57	0.00	8.49
2057.79	0.00	29.00
587.94	0.00	34.70
633.17	0.00	34.24
2464.82	0.00	30.21
2577.89	0.00	29.38
2464.82	0.00	27.83
379.47	0.00	221.46
379.43	0.00	205.25
1787.85	0.00	122.73
998.65	0.00	155.45
1792.71	0.00	105.60
1132.25	0.00	145.12
2116.17	0.00	63.52
2099.44	0.00	92.33
1079.00	0.00	104.03
2124.54	0.00	21.98
1045.54	0.00	116.38
2107.81	0.00	60.42
3000.00	0.00	18.95
3000.00	0.00	10.83
1500.00	0.00	14.89
1500.00	0.00	5.86
3000.00	0.00	10.83
3000.00	0.00	16.69
2414.63	0.00	12.79
0.00	100.00	0.00
2414.63	0.00	23.54
219.51	0.00	75.78
2414.63	0.00	20.83
2195.12	9.09	62.30
3681.71	0.00	86.14
3681.58	0.00	94.43
4227.03	0.00	13.21
545.71	0.00	191.62
545.44	0.00	151.57
4227.12	0.00	41.97
0.00	100.00	0.00
3413.79	0.00	12.38
0.00	100.00	0.00
3103.45	9.09	56.21
3103.45	9.09	32.84
310.34	0.00	54.13
0.00	100.00	0.00
3000.00	0.00	10.83
2727.27	9.09	47.28
2727.27	9.09	33.38
0.00	100.00	0.00
3000.00	0.00	124.18
2337.66	0.00	7.53
2571.43	0.00	44.21
2571.43	0.00	7.14
233.77	0.00	46.01
0.00	100.00	0.00
2337.66	0.00	43.71
3829.79	0.00	28.51
0.00	100.00	0.00
382.98	90.00	53.23
3829.79	0.00	29.86
4212.77	0.00	2.38
382.98	0.00	32.03
1120.00	0.00	99.35
2248.89	0.00	37.89
1111.11	0.00	106.91
1128.89	0.00	107.00
1111.11	0.00	107.36
2257.78	0.00	20.65
1227.27	0.00	20.15
818.18	0.00	32.25
2045.45	0.00	14.98
2045.45	0.00	22.92
2045.45	0.00	14.16
2045.45	0.00	13.26
1733.61	0.00	72.13
1733.61	0.00	64.04
576.33	0.00	175.03
18000.00	0.00	4.32
1161.89	0.00	124.41
576.33	0.00	164.20
3214.29	9.09	42.39
0.00	100.00	0.00
321.43	0.00	28.42
0.00	100.00	0.00
1178.57	0.00	10.13
9000.00	0.00	2.71
2394.54	0.00	81.75
1202.08	0.00	118.19
2403.00	0.00	41.30
1202.08	0.00	108.26
2394.92	0.00	54.57
2396.08	0.00	49.11
523.69	0.00	180.31
5998.61	0.00	25.05
960.51	0.00	130.43
522.02	0.00	211.11
1039.86	0.00	141.31
1474.18	0.00	121.40
1151.20	0.00	149.22
2305.42	0.00	62.71
628.39	0.00	170.52
1132.10	0.00	98.65
751.05	0.00	190.22
628.39	0.00	188.11
4232.70	0.00	41.58
2308.55	0.00	97.96
9356.25	0.00	14.95
1068.93	0.00	115.48
4232.70	0.00	25.75
4232.63	0.00	53.89
2717.35	0.00	51.12
491.75	0.00	193.39
2307.74	0.00	99.49
1268.96	0.00	96.28
2718.13	0.00	40.09
1761.80	0.00	100.09
2000.00	0.00	42.93
1741.74	0.00	85.08
258.26	0.00	216.98
1999.17	0.00	46.04
1740.91	0.00	86.53
1741.74	0.00	68.43
2000.00	0.00	16.24
0.00	100.00	0.00
2000.00	0.00	20.30
0.00	100.00	0.00
2000.00	0.00	57.74
2000.00	0.00	13.98
2000.00	0.00	50.52
2000.00	0.00	10.83
0.00	100.00	0.00
0.00	100.00	0.00
0.00	100.00	0.00
2000.00	0.00	22.10
290.32	0.00	33.83
3048.39	0.00	7.56
3048.39	0.00	17.31
3048.39	0.00	17.74
3193.55	0.00	6.07
2903.23	4.76	37.89
3157.89	9.09	34.46
315.79	0.00	55.03
315.79	0.00	26.16
2526.32	27.27	87.68
0.00	100.00	0.00
631.58	80.00	67.89
0.00	100.00	0.00
2250.00	0.00	4.06
2475.00	0.00	44.70
225.00	0.00	50.52
2250.00	9.09	115.71
225.00	0.00	47.37
3600.00	0.00	9.02
3600.00	0.00	8.12
3600.00	0.00	10.83
3600.00	0.00	5.41
3600.00	0.00	6.77
3600.00	0.00	2.71
1818.18	9.09	95.63
0.00	100.00	0.00
0.00	100.00	0.00
181.82	90.91	101.05
6000.00	0.00	5.41
2000.00	0.00	61.92
2554.27	0.00	81.20
2565.71	0.00	82.64
447.52	0.00	103.14
446.80	0.00	99.69
2572.14	0.00	50.31
2570.00	0.00	42.98
4000.00	0.00	8.12
4500.00	0.00	5.41
4000.00	0.00	5.86
2000.00	0.00	8.91
4500.00	0.00	11.38
2000.00	0.00	11.16
905.36	0.00	232.32
2709.08	0.00	23.07
1774.51	0.00	148.91
1803.60	0.00	138.58
2709.08	0.00	22.76
2708.90	0.00	89.10
3135.38	0.00	117.16
4513.36	0.00	34.17
4513.36	0.00	12.49
3599.93	0.00	60.71
3600.03	0.00	29.28
464.55	0.00	189.00
2442.13	0.00	134.90
1113.28	0.00	373.51
1328.89	0.00	120.55
1113.34	0.00	343.27
1292.91	0.00	167.80
1120.48	0.00	177.04
554.62	0.00	118.78
3172.53	0.00	31.74
1538.65	0.00	101.95
1649.75	0.00	71.58
1522.78	0.00	24.16
1626.82	0.00	103.00
0.00	100.00	0.00
2250.00	0.00	66.76
2250.00	0.00	4.06
2250.00	0.00	48.27
0.00	100.00	0.00
2045.45	9.09	58.55
3000.00	0.00	9.92
3000.00	0.00	3.16
3000.00	0.00	8.12
3000.00	0.00	6.32
3000.00	0.00	3.16
3000.00	0.00	8.57
202.25	0.00	46.46
0.00	100.00	0.00
2224.72	0.00	22.80
2224.72	0.00	53.35
2224.72	0.00	10.95
15977.53	0.00	0.96
2769.23	9.09	37.22
2769.23	9.09	36.36
0.00	100.00	0.00
276.92	0.00	69.02
276.92	0.00	33.83
2769.23	0.00	61.94
0.00	100.00	0.00
0.00	100.00	0.00
0.00	100.00	0.00
0.00	100.00	0.00
2000.00	0.00	63.61
0.00	100.00	0.00
1019.89	0.00	124.97
520.35	0.00	157.43
2056.43	0.00	57.53
607.77	0.00	135.56
1544.40	0.00	75.84
940.80	0.00	91.82
1236.26	0.00	56.39
2670.33	0.00	24.85
1236.26	0.00	44.21
1384.62	0.00	39.47
1236.26	0.00	33.83
2521.98	0.00	39.58
463.96	0.00	149.76
4059.49	0.00	31.45
2683.36	0.00	144.13
1376.13	0.00	89.42
2208.19	0.00	32.70
4059.49	0.00	13.09
1714.29	0.00	47.71
3230.77	0.00	32.68
3230.77	0.00	30.84
1846.15	0.00	48.33
3362.64	0.00	28.30
2967.03	0.00	32.33
0.00	100.00	0.00
0.00	100.00	0.00
3000.00	0.00	66.76
9000.00	0.00	2.71
0.00	100.00	0.00
3000.00	0.00	3.16
0.00	100.00	0.00
1285.71	0.00	13.53
1285.71	0.00	19.40
2571.43	0.00	14.44
2571.43	0.00	42.40
1285.71	0.00	15.79
4349.50	8.18	109.92
5701.89	7.54	99.78
5640.67	0.00	14.79
2819.74	0.00	52.51
2820.34	0.00	51.03
484.16	0.00	327.05
2750.00	0.00	51.34
2750.00	0.00	8.86
2500.00	0.00	37.49
0.00	100.00	0.00
250.00	0.00	38.34
0.00	100.00	0.00
1800.00	0.00	18.04
1800.00	0.00	115.03
0.00	100.00	0.00
0.00	100.00	0.00
1800.00	0.00	55.03
0.00	100.00	0.00
1804.26	0.00	63.49
1775.85	0.00	67.67
3580.11	0.00	27.97
3622.73	0.00	27.64
3608.52	0.00	29.97
3565.90	0.00	45.15
1497.21	0.00	98.34
1497.21	0.00	74.88
2999.20	0.00	17.56
1506.79	0.00	89.20
2994.41	0.00	60.67
1497.21	0.00	85.71
3254.45	0.00	28.82
334.27	0.00	225.99
2251.51	0.00	18.75
2251.57	0.00	54.51
1917.67	0.00	135.79
1906.54	0.00	57.26
1000.00	0.00	23.36
3250.00	0.00	20.20
4178.57	0.00	13.69
2321.43	0.00	19.43
1607.14	0.00	25.31
2357.14	0.00	20.50
2250.00	0.00	14.44
2045.45	0.00	55.03
204.55	0.00	43.76
2250.00	0.00	9.02
2045.45	23.08	50.48
0.00	100.00	0.00
0.00	100.00	0.00
3000.00	66.67	63.61
3000.00	0.00	34.73
3000.00	0.00	8.12
0.00	100.00	0.00
3000.00	0.00	3.16
1115.51	0.00	113.00
1114.82	0.00	126.61
1114.12	0.00	197.45
2373.60	0.00	91.86
18000.00	0.00	7.00
1078.91	0.00	191.72
2302.33	0.00	21.61
2302.33	0.00	53.35
0.00	100.00	0.00
209.30	0.00	77.14
1883.72	10.00	44.41
2093.02	9.09	53.46
1285.71	0.00	7.22
1285.71	0.00	13.98
2571.43	0.00	3.61
2571.43	0.00	7.44
2571.43	0.00	17.59
2571.43	0.00	17.37
0.00	100.00	0.00
2727.27	9.09	41.00
0.00	100.00	0.00
1500.00	0.00	39.25
1500.00	0.00	39.25
3000.00	0.00	39.70
1744.19	0.00	37.44
3558.14	0.00	24.32
3558.14	0.00	19.68
3697.67	0.00	8.94
1813.95	0.00	25.16
5372.09	0.00	17.87
688.87	0.00	127.35
267.07	0.00	162.90
2108.57	0.00	42.74
1163.66	0.00	98.09
1163.66	0.00	96.34
2321.80	0.00	10.96
3193.55	0.00	34.41
290.32	0.00	29.77
2903.23	9.09	66.54
0.00	100.00	0.00
290.32	0.00	31.58
1596.77	0.00	14.07
998.23	0.00	85.71
1006.21	0.00	59.97
3026.62	0.00	13.39
2986.69	0.00	36.94
2994.68	0.00	35.94
998.23	0.00	67.67
3266.46	0.00	151.53
2927.14	0.00	170.30
341.07	0.00	213.37
3268.55	0.00	31.02
341.07	0.00	175.03
341.07	0.00	274.27
2000.00	0.00	9.92
2000.00	0.00	15.79
4000.00	0.00	4.96
2000.00	0.00	9.92
2000.00	0.00	4.51
2000.00	0.00	13.98
0.00	100.00	0.00
529.41	0.00	18.04
3000.00	0.00	3.16
5294.12	6.25	22.83
14294.12	0.00	1.02
3000.00	0.00	39.70
424.60	0.00	124.30
1998.18	0.00	78.57
2011.88	0.00	48.48
1576.97	0.00	106.95
1998.18	0.00	61.25
1998.18	0.00	61.63
0.00	100.00	0.00
1636.36	0.00	83.90
1636.36	0.00	22.55
1636.36	0.00	20.75
0.00	100.00	0.00
1636.36	0.00	10.38
1734.66	0.00	124.78
745.81	0.00	185.73
380.51	0.00	276.52
1369.37	0.00	138.39
2125.04	0.00	68.98
1759.50	0.00	113.46
260.87	0.00	38.34
2869.57	0.00	41.54
2869.57	0.00	17.88
2869.57	0.00	3.28
0.00	100.00	0.00
2869.57	0.00	8.49
751.84	0.00	145.72
368.55	0.00	189.01
751.84	0.00	130.02
442.26	0.00	183.45
1901.72	0.00	56.82
1901.72	0.00	52.37
2250.00	0.00	10.38
2250.00	0.00	11.73
2250.00	0.00	13.53
2250.00	0.00	8.12
2250.00	0.00	14.44
2250.00	0.00	11.73
2281.69	0.00	129.05
2281.67	0.00	124.24
338.04	0.00	230.51
338.04	0.00	253.52
2281.69	0.00	120.23
2281.76	0.00	114.75
1437.88	0.00	192.20
2157.13	0.00	140.75
719.10	0.00	298.16
1437.88	0.00	199.42
2157.26	0.00	59.54
719.06	0.00	272.92
797.12	0.00	138.45
1934.47	0.00	67.82
813.32	0.00	136.81
405.04	0.00	156.53
1535.91	0.00	86.48
2339.51	0.00	27.33
1058.82	0.00	17.14
1058.82	0.00	12.63
192.51	0.00	46.01
1925.13	0.00	47.93
2117.65	0.00	18.27
2117.65	0.00	20.53
3000.00	0.00	104.38
3000.00	0.00	64.36
2692.31	0.00	151.41
307.69	0.00	247.20
3000.00	0.00	55.75
4230.77	0.00	15.19
2249.10	0.00	70.43
2241.90	0.00	72.24
1125.45	0.00	94.28
1125.45	0.00	89.77
1125.45	0.00	96.54
1127.25	0.00	92.78
0.00	100.00	0.00
3000.00	0.00	39.70
3000.00	0.00	6.32
272.73	0.00	33.38
8181.82	0.00	2.98
3000.00	0.00	16.69
2131.58	10.00	45.96
236.84	0.00	41.05
0.00	100.00	0.00
2368.42	0.00	11.01
236.84	90.00	77.14
236.84	0.00	44.66
8502.81	0.00	21.06
8502.81	0.00	21.06
1444.92	0.00	115.02
2473.04	0.00	100.24
2748.92	0.00	112.98
1240.49	0.00	110.07
1803.93	0.00	161.49
601.31	0.00	627.93
1202.62	0.00	339.90
1803.93	0.00	153.52
1779.07	0.00	353.42
1803.93	0.00	92.63
3631.33	0.00	55.13
1892.68	0.00	160.22
1684.87	0.00	130.62
1633.18	0.00	109.96
1997.10	0.00	152.58
18000.00	0.00	7.89
606.83	0.00	313.06
3595.23	0.00	72.87
4803.22	0.00	80.02
5371.99	0.00	35.47
2988.52	0.00	119.63
2991.75	0.00	138.99
1513.45	0.00	73.98
544.84	0.00	86.04
504.48	0.00	90.22
5730.94	0.00	18.19
504.48	0.00	117.29
1493.27	0.00	72.08
997.26	54.41	358.53
1110.77	14.64	320.08
148.84	44.44	356.71
1255.32	51.95	279.58
17774.03	0.00	4.41
220.26	0.00	383.05
4879.83	0.00	33.92
1648.07	0.00	74.89
1609.44	0.00	84.81
3270.39	0.00	51.50
3257.51	0.00	48.36
3309.01	0.00	16.67
3355.77	0.00	16.47
688.28	0.00	256.72
2945.40	0.00	144.07
2667.33	19.86	130.45
3355.77	0.00	16.33
344.19	0.00	180.44
586.41	0.00	93.39
2698.40	0.00	58.11
1140.75	0.00	83.56
1585.14	0.00	70.24
2157.80	0.00	46.69
2735.05	0.00	12.37
2558.26	0.00	75.11
1442.55	0.00	143.87
1118.75	0.00	162.74
2608.59	0.00	29.36
379.59	0.00	147.72
2561.29	0.00	15.42
2250.00	0.00	91.12
0.00	100.00	0.00
2250.00	0.00	8.12
2250.00	0.00	94.73
2045.45	9.09	46.91
0.00	100.00	0.00
1029.59	0.00	65.33
1810.65	0.00	40.91
887.57	0.00	64.51
1668.64	0.00	25.43
18000.00	0.00	3.09
2698.22	0.00	20.92
1855.67	0.00	105.92
185.57	0.00	60.00
1855.67	0.00	106.01
185.57	0.00	87.96
0.00	100.00	0.00
2041.24	0.00	14.15
2202.05	0.00	45.11
591.95	0.00	69.92
1160.22	0.00	61.45
1160.22	0.00	68.13
3286.50	0.00	35.67
591.95	0.00	56.39
0.00	100.00	0.00
0.00	100.00	0.00
1636.36	0.00	11.28
3272.73	0.00	6.09
3272.73	0.00	39.47
1636.36	0.00	17.59
2490.11	0.00	100.12
2159.94	0.00	86.15
2159.74	0.00	100.40
320.03	0.00	199.39
320.34	0.00	100.05
2479.77	0.00	44.42
3604.57	0.00	47.24
2202.41	0.00	108.09
2402.28	0.00	126.86
3604.42	0.00	53.41
1202.14	0.00	156.52
1394.39	0.00	182.00
267.08	0.00	109.99
1254.15	0.00	100.10
1252.45	0.00	112.58
1524.63	0.00	101.21
265.80	0.00	148.86
1518.68	0.00	54.87
1309.93	0.00	229.70
1133.07	13.50	238.62
221.09	0.00	476.36
2229.30	0.00	238.81
2229.28	0.00	245.79
221.15	0.00	351.76
1198.85	0.00	91.57
1200.77	0.00	99.53
3600.38	0.00	35.00
3592.71	0.00	57.20
3594.63	0.00	41.07
1198.85	0.00	102.85
2004.44	0.00	76.16
1996.45	0.00	49.85
9007.99	0.00	13.30
1956.52	0.00	80.09
1014.20	0.00	88.80
998.23	0.00	106.01
3494.85	0.00	60.23
3496.01	0.00	11.64
2977.71	0.00	58.75
3495.35	0.00	31.78
3495.51	0.00	23.62
518.46	0.00	94.73
2082.04	0.00	14.28
2072.87	0.00	45.04
1490.45	0.00	58.99
582.42	0.00	68.38
1985.73	0.00	44.28
2068.28	0.00	37.01
0.00	100.00	0.00
6000.00	0.00	5.41
2250.00	0.00	53.68
2250.00	0.00	56.84
0.00	100.00	0.00
2045.45	9.09	46.96
1636.36	0.00	49.17
0.00	100.00	0.00
1636.36	0.00	10.83
0.00	100.00	0.00
1636.36	0.00	25.26
1636.36	0.00	65.86
2421.90	0.00	79.92
509.66	0.00	130.65
2415.06	0.00	27.29
2927.33	0.00	13.81
509.66	0.00	96.41
2414.74	0.00	74.36
747.26	0.00	104.20
747.26	0.00	96.08
1530.39	0.00	61.45
2253.74	0.00	17.05
747.26	0.00	116.83
2229.82	0.00	76.34
1197.42	0.00	172.76
2163.19	0.00	33.46
1197.34	0.00	208.86
2394.76	0.00	95.40
18000.00	0.00	7.35
1390.53	0.00	104.49
1636.37	0.00	135.18
1090.91	0.00	405.54
1636.36	0.00	156.08
1628.36	0.00	294.35
1636.36	0.00	230.66
545.45	0.00	626.13
1636.36	0.00	16.24
3272.73	0.00	7.44
0.00	100.00	0.00
3272.73	0.00	32.93
3272.73	0.00	5.86
0.00	100.00	0.00
2000.00	0.00	11.73
2000.00	0.00	13.08
2000.00	0.00	10.83
2000.00	0.00	4.51
2000.00	0.00	13.98
2000.00	0.00	9.02
2287.14	0.00	55.71
2314.51	0.00	39.15
2322.33	0.00	30.95
496.52	0.00	72.37
1821.89	0.00	49.97
2302.78	0.00	47.48
2078.67	0.00	60.55
2486.73	0.00	57.49
2504.17	0.00	56.47
439.45	0.00	91.29
2514.63	0.00	31.20
2518.12	0.00	12.50
861.47	0.00	312.61
2578.88	0.00	94.03
861.46	0.00	329.75
1722.92	0.00	226.90
2521.21	0.00	159.38
861.68	0.00	323.81
1586.58	0.00	180.73
2434.66	0.00	77.10
8999.86	0.00	18.95
2435.20	0.00	66.88
847.53	0.00	239.99
847.53	0.00	236.83
2605.26	0.00	14.72
2368.42	0.00	7.44
2605.26	0.00	47.16
236.84	0.00	40.60
0.00	100.00	0.00
2368.42	0.00	83.95
2135.59	0.00	40.28
2516.95	0.00	34.17
2364.41	0.00	31.29
2211.86	0.00	47.05
1906.78	0.00	47.37
2364.41	0.00	18.55
2000.00	0.00	13.53
4000.00	0.00	2.48
2000.00	0.00	10.38
4000.00	0.00	6.09
2000.00	0.00	7.67
2000.00	0.00	12.18
523.33	0.00	112.25
3004.74	0.00	39.96
3004.24	0.00	39.74
1443.46	0.00	92.18
1547.22	0.00	87.07
2988.34	0.00	12.71
264.71	90.91	71.72
2647.06	9.09	66.36
264.71	90.00	42.85
3970.59	0.00	2.50
2647.06	9.09	70.19
264.71	0.00	36.99
1651.38	9.09	110.38
1816.51	0.00	9.84
165.14	0.00	54.58
0.00	100.00	0.00
1816.51	0.00	15.62
1816.51	0.00	67.46
2571.43	0.00	9.92
1285.71	0.00	9.47
1285.71	0.00	7.22
2571.43	0.00	7.89
2571.43	0.00	3.61
2571.43	0.00	3.61
1384.62	25.00	40.00
1384.62	0.00	52.33
2769.23	0.00	7.22
1384.62	0.00	10.83
6000.00	0.00	10.83
2769.23	0.00	10.60
1384.62	0.00	13.08
1384.62	0.00	13.08
2769.23	0.00	39.47
2769.23	0.00	44.21
0.00	100.00	0.00
0.00	100.00	0.00
2808.51	0.00	9.99
1404.26	0.00	12.92
255.32	0.00	66.09
1404.26	0.00	44.13
1404.26	47.62	126.55
0.00	100.00	0.00
202.25	0.00	95.63
2022.47	9.09	56.48
2022.47	9.09	60.31
2224.72	0.00	8.20
0.00	100.00	0.00
2224.72	0.00	54.87
0.00	100.00	0.00
0.00	100.00	0.00
3157.89	9.09	34.73
3157.89	0.00	56.79
3157.89	9.09	60.09
315.79	0.00	55.49
882.35	9.09	65.23
176.47	0.00	57.52
0.00	100.00	0.00
1058.82	0.00	78.72
882.35	9.09	93.42
882.35	52.38	107.81
1330.33	0.00	137.90
625.69	0.00	171.59
4977.51	0.00	23.55
1124.44	0.00	122.30
1224.39	0.00	137.86
1246.38	0.00	109.20
2037.00	0.00	65.25
549.26	0.00	83.92
1059.59	0.00	94.82
2577.61	0.00	12.30
1513.70	0.00	73.95
2564.63	0.00	22.92
1985.92	12.42	46.87
943.66	0.00	58.07
3915.49	0.00	7.06
380.28	0.00	127.81
1197.18	0.00	70.72
3802.82	0.00	19.42
1514.19	0.00	58.93
1202.20	0.00	49.13
2313.64	0.00	66.93
402.88	0.00	93.38
3027.87	0.00	42.68
3026.06	0.00	11.17
2020.41	0.00	69.55
0.00	100.00	0.00
1653.06	18.18	74.68
183.67	0.00	44.66
2020.41	0.00	12.02
183.67	0.00	97.89
1869.09	9.89	111.83
1885.62	8.31	133.57
208.17	0.00	195.47
73.99	93.67	299.75
253.89	0.00	89.63
196.66	83.76	187.96
3000.00	0.00	9.92
3000.00	0.00	10.38
3000.00	0.00	8.12
3000.00	0.00	6.32
3000.00	0.00	8.12
3000.00	0.00	3.16
3599.98	0.00	48.78
3599.98	0.00	49.10
3600.01	0.00	12.66
647.67	0.00	160.59
2973.87	0.00	68.48
2952.32	0.00	33.84
2004.97	0.00	90.69
2008.16	0.00	31.82
1998.58	0.00	86.02
4000.36	0.00	31.73
2001.77	0.00	29.68
3974.81	0.00	59.56
2727.27	9.09	37.89
5318.18	0.00	5.89
3000.00	0.00	8.12
2727.27	0.00	31.85
272.73	0.00	42.85
272.73	0.00	28.87
4000.00	0.00	6.09
2000.00	0.00	13.08
4000.00	0.00	36.54
2000.00	0.00	7.67
4000.00	0.00	8.57
0.00	100.00	0.00
0.00	100.00	0.00
204.55	0.00	50.97
2250.00	0.00	20.75
2045.45	0.00	23.77
2045.45	0.00	49.98
2250.00	0.00	99.04
0.00	100.00	0.00
3535.71	0.00	11.97
321.43	0.00	31.58
3535.71	0.00	9.19
3535.71	0.00	28.99
3214.29	0.00	28.96
3087.38	0.00	26.60
1572.82	0.00	53.05
3203.88	0.00	11.89
2621.36	0.00	36.84
1456.31	0.00	41.50
3029.13	0.00	21.69
344.35	0.00	213.62
1954.60	0.00	93.21
1612.66	0.00	51.68
894.46	0.00	167.95
465.12	0.00	293.95
951.81	0.00	183.26
0.00	100.00	0.00
4400.00	0.00	6.85
4400.00	0.00	11.97
4000.00	9.09	23.05
400.00	0.00	43.76
4400.00	0.00	2.30
1346.68	0.00	211.38
1191.75	0.00	231.34
230.98	0.00	609.89
2268.71	14.01	467.30
2538.43	0.00	62.51
275.69	0.00	455.79
454.00	84.82	287.01
3834.67	0.00	28.24
447.89	0.00	229.58
447.89	0.00	225.52
3476.43	0.00	30.74
2929.92	0.00	161.62
1634.15	0.00	48.36
1631.38	0.00	103.58
1631.93	0.00	83.16
1633.59	0.00	35.66
1299.01	0.00	92.46
346.22	0.00	144.80
758.51	0.00	75.91
904.38	0.00	81.49
2188.01	0.00	44.36
1341.98	0.00	64.23
846.03	0.00	80.11
729.34	0.00	84.81
0.00	100.00	0.00
300.00	0.00	32.48
0.00	100.00	0.00
3000.00	0.00	43.17
0.00	100.00	0.00
2700.00	18.18	32.13
730.35	0.00	127.43
730.35	0.00	99.90
2018.53	0.00	91.89
718.85	0.00	150.22
2783.39	0.00	51.03
1328.43	0.00	114.24
0.00	100.00	0.00
224.65	0.00	40.35
0.00	100.00	0.00
2246.49	9.09	86.38
238.69	0.00	50.74
2246.49	9.09	88.51
0.00	100.00	0.00
2250.00	0.00	26.16
2250.00	0.00	10.83
2045.45	0.00	50.43
204.55	0.00	40.15
2250.00	0.00	48.27
2043.89	0.00	54.78
2047.33	0.00	45.03
443.13	0.00	66.00
1597.33	0.00	81.37
2057.63	0.00	14.87
2037.02	0.00	27.48
1881.28	0.00	74.00
934.92	0.00	88.84
477.00	0.00	146.16
1888.91	0.00	55.13
13325.42	0.00	3.94
477.00	0.00	141.19
436.92	0.00	223.75
2086.73	0.00	91.33
2509.09	0.00	31.34
2509.08	0.00	47.13
2509.10	0.00	16.34
2072.73	0.00	95.85
812.27	0.00	112.78
2423.83	0.00	91.91
2469.31	0.00	17.95
838.27	0.00	114.09
812.27	0.00	108.72
812.27	0.00	122.70
0.00	100.00	0.00
2093.02	0.00	88.37
2302.33	0.00	15.83
209.30	0.00	78.94
2302.33	0.00	11.85
18000.00	0.00	0.90
0.00	100.00	0.00
2250.00	0.00	9.47
2250.00	0.00	9.47
2250.00	0.00	48.27
0.00	100.00	0.00
2250.00	0.00	15.79
2478.18	0.00	55.36
2474.84	0.00	49.45
521.68	0.00	81.65
521.68	0.00	73.98
2995.69	0.00	38.34
5999.72	0.00	18.43
1326.32	0.00	64.44
1315.79	0.00	56.39
2600.00	0.00	29.45
2421.05	0.00	26.72
1315.79	0.00	66.31
1315.79	0.00	45.11
1636.57	0.00	77.27
1636.41	0.00	113.48
1393.04	0.00	147.82
1392.88	0.00	154.50
1635.17	0.00	84.49
242.37	0.00	281.40
0.00	100.00	0.00
2337.66	0.00	164.16
0.00	100.00	0.00
233.77	0.00	157.89
0.00	100.00	0.00
0.00	100.00	0.00
202.25	0.00	56.39
2022.47	0.00	54.76
2224.72	0.00	14.52
2224.72	0.00	4.10
2224.72	0.00	65.20
0.00	100.00	0.00
3447.83	0.00	28.04
3447.07	0.00	51.14
600.25	0.00	82.10
4167.17	0.00	22.55
4050.97	0.00	18.92
4646.60	0.00	17.25
2000.00	0.00	16.92
2000.00	0.00	14.21
1000.00	0.00	11.73
2000.00	0.00	4.51
2000.00	0.00	14.44
1000.00	0.00	12.63
896.34	0.00	112.08
1734.15	0.00	66.02
2623.17	0.00	49.47
2637.80	0.00	35.04
2630.49	0.00	30.98
468.29	0.00	65.64
2250.00	0.00	11.28
2250.00	0.00	11.28
2250.00	0.00	12.18
2250.00	0.00	4.06
2250.00	0.00	8.57
2250.00	0.00	8.57
1834.87	0.00	66.37
1993.25	0.00	98.43
1991.65	0.00	114.36
1001.42	0.00	123.85
1162.99	0.00	63.60
1001.42	0.00	133.76
2571.43	0.00	15.34
0.00	100.00	0.00
2571.43	0.00	11.28
2571.43	50.00	42.85
2571.43	0.00	6.77
2571.43	0.00	46.91
3048.39	0.00	41.03
0.00	100.00	0.00
0.00	100.00	0.00
3048.39	0.00	40.94
290.32	0.00	32.48
0.00	100.00	0.00
1467.46	0.00	37.29
1923.08	0.00	41.64
2633.14	0.00	39.91
1461.54	0.00	28.08
751.48	0.00	35.08
1449.70	0.00	33.14
855.97	0.00	143.00
855.97	0.00	175.03
2570.65	0.00	38.90
2569.28	0.00	73.19
858.71	0.00	131.75
2566.54	0.00	88.16
4500.94	0.00	18.03
3711.15	0.00	39.94
4500.94	0.00	8.39
2970.17	0.00	12.00
3066.55	0.00	29.34
784.79	0.00	42.27
2573.54	0.00	78.56
2190.41	0.00	92.30
381.67	0.00	179.87
2192.97	0.00	71.24
2574.03	0.00	27.61
2557.06	0.00	59.28
2643.26	0.00	41.48
2638.81	0.00	38.42
1535.23	0.00	55.90
574.04	0.00	48.08
2087.02	0.00	45.81
1108.03	0.00	68.84
956.79	0.00	247.08
968.62	0.00	168.73
1894.35	0.00	72.41
953.83	0.00	253.53
927.21	0.00	73.29
1892.87	0.00	101.76
1888.59	25.62	484.46
391.23	0.00	560.00
3894.65	9.12	381.83
403.33	0.00	249.53
1628.44	7.39	549.95
390.73	0.00	584.17
2538.46	0.00	3.65
2538.46	0.00	52.12
230.77	0.00	36.09
2538.46	0.00	55.77
2307.69	0.00	43.89
0.00	100.00	0.00
0.00	100.00	0.00
2640.00	26.67	38.47
0.00	100.00	0.00
0.00	100.00	0.00
3600.00	0.00	37.98
0.00	100.00	0.00
640.11	0.00	351.56
999.90	0.00	257.31
1182.42	0.00	161.37
1726.47	0.00	166.85
546.67	0.00	394.08
545.80	0.00	351.41
1200.00	0.00	64.06
1200.00	0.00	29.77
1200.00	0.00	54.58
1200.00	0.00	23.46
2400.00	0.00	3.83
2400.00	0.00	13.76
2571.43	0.00	9.02
2571.43	0.00	3.61
2571.43	0.00	7.67
2571.43	0.00	3.61
2571.43	0.00	11.28
2571.43	0.00	7.22
2555.37	0.00	53.23
1277.68	0.00	80.30
2575.81	0.00	16.11
2565.59	0.00	30.10
2555.37	0.00	39.02
1298.13	0.00	60.83
4497.81	0.00	33.96
4500.31	0.00	20.61
4497.81	0.00	24.63
785.71	0.00	74.97
4496.56	0.00	8.86
3709.60	0.00	46.97
0.00	100.00	0.00
2337.66	0.00	78.72
1285.71	0.00	60.45
2571.43	0.00	14.44
0.00	100.00	0.00
1285.71	0.00	46.91
2163.93	0.00	60.59
1967.21	9.09	92.30
147.54	25.00	84.51
2114.75	2.27	53.58
49.18	75.00	81.20
0.00	100.00	0.00
1285.71	0.00	52.78
1285.71	0.00	13.98
18000.00	0.00	0.90
2571.43	0.00	23.01
2571.43	0.00	14.66
1285.71	0.00	52.78
553.85	81.82	34.28
276.92	0.00	29.77
2769.23	0.00	36.45
2492.31	18.18	67.87
276.92	0.00	32.93
276.92	0.00	40.60
1636.36	0.00	13.08
3272.73	0.00	9.02
1636.36	0.00	8.57
3272.73	0.00	7.44
1636.36	0.00	14.89
3272.73	0.00	2.93
876.49	0.00	310.36
1022.79	0.00	306.16
1900.20	0.00	143.78
2600.46	0.00	121.94
876.49	0.00	126.76
2600.49	0.00	29.95
2436.72	0.00	87.60
2122.31	0.00	138.60
2436.64	0.00	104.54
314.42	0.00	283.74
2436.64	0.00	68.45
2436.64	0.00	39.64
3696.75	0.00	44.18
4338.94	0.00	20.99
4339.56	0.00	9.29
4338.73	0.00	25.47
4359.10	0.00	40.26
643.01	0.00	64.06
0.00	100.00	0.00
3272.73	0.00	6.54
2337.66	9.09	47.23
233.77	0.00	41.05
3272.73	0.00	4.48
2571.43	0.00	17.96
1800.00	0.00	13.08
1800.00	0.00	18.95
1800.00	0.00	21.65
1800.00	0.00	12.18
1800.00	0.00	18.04
1800.00	0.00	9.92
1512.61	0.00	74.75
0.00	100.00	0.00
1663.87	0.00	76.28
151.26	0.00	54.13
1663.87	0.00	64.71
0.00	100.00	0.00
382.98	0.00	27.65
3657.45	12.79	51.96
0.00	100.00	0.00
363.83	0.00	29.99
4021.28	0.00	25.58
15070.21	0.00	0.99
0.00	100.00	0.00
0.00	100.00	0.00
3272.73	0.00	60.67
3600.00	0.00	6.77
3600.00	0.00	31.13
3600.00	0.00	5.41
3473.68	0.00	9.35
3157.89	0.00	35.19
3473.68	0.00	5.58
3473.68	0.00	35.60
0.00	100.00	0.00
315.79	0.00	32.03
0.00	100.00	0.00
1862.07	25.00	46.76
2482.76	0.00	11.39
1862.07	0.00	13.53
2482.76	0.00	12.74
620.69	75.00	52.78
1185.11	0.00	59.17
2782.44	0.00	19.00
463.74	0.00	58.06
824.43	0.00	39.24
2576.34	0.00	35.26
772.90	0.00	61.65
321.43	0.00	31.28
0.00	100.00	0.00
1071.43	54.55	40.42
2142.86	39.39	40.96
2357.14	0.00	5.80
3535.71	0.00	44.18
1807.77	0.00	82.16
3627.06	0.00	40.05
3595.39	0.00	31.60
3601.15	0.00	39.67
3583.88	0.00	63.41
1802.02	0.00	84.22
2605.26	0.00	81.49
0.00	100.00	0.00
0.00	100.00	0.00
2368.42	9.09	84.13
2605.26	0.00	8.08
236.84	90.91	85.71
0.00	100.00	0.00
0.00	100.00	0.00
2250.00	0.00	12.63
225.00	0.00	40.60
0.00	100.00	0.00
2250.00	8.33	96.31
3600.37	0.00	65.71
3600.35	0.00	65.10
3600.37	0.00	49.88
2365.30	0.00	69.51
2397.53	0.00	129.00
1202.80	0.00	190.36
1650.00	0.00	17.80
1650.00	0.00	62.37
1500.00	16.67	83.41
150.00	0.00	61.80
0.00	100.00	0.00
1650.00	0.00	10.74
2264.00	0.00	59.54
2911.55	0.00	11.13
720.58	0.00	80.39
613.47	0.00	81.45
1781.99	0.00	64.86
2166.62	0.00	57.65
369.54	0.00	279.59
2123.29	0.00	19.07
2122.58	0.00	40.98
1752.56	0.00	127.42
1753.03	0.00	125.96
1753.15	0.00	115.87
1554.18	0.00	157.05
755.68	0.00	238.66
1428.74	0.00	108.49
325.20	0.00	215.35
636.58	0.00	250.64
972.07	21.09	187.50
6000.00	0.00	5.44
2337.66	9.09	44.64
0.00	100.00	0.00
233.77	0.00	38.34
2571.43	0.00	32.68
2571.43	0.00	7.20
0.00	100.00	0.00
0.00	100.00	0.00
3000.00	0.00	40.15
3000.00	0.00	3.16
3000.00	0.00	36.54
2727.27	9.09	43.17
1285.72	0.00	266.15
3857.14	0.00	58.19
2571.43	0.00	157.43
3838.29	0.00	125.27
9000.00	0.00	25.65
6387.10	0.00	47.04
2659.29	0.00	94.91
2025.75	0.00	212.56
333.66	0.00	242.68
2917.32	0.00	68.87
2659.38	0.00	44.77
387.02	0.00	328.99
2041.24	0.00	26.41
0.00	100.00	0.00
185.57	0.00	51.88
2041.24	0.00	11.93
2041.24	0.00	52.98
1855.67	0.00	64.87
290.34	0.00	267.50
1959.68	0.00	118.89
2250.00	0.00	63.62
2250.01	0.00	18.92
1959.68	0.00	113.68
5356.90	0.00	35.94
0.00	100.00	0.00
0.00	100.00	0.00
2307.69	9.09	39.79
2538.46	0.00	3.65
230.77	0.00	35.64
2307.69	0.00	40.55
4500.00	0.00	4.51
4500.00	0.00	2.26
4500.00	0.00	2.26
4500.00	0.00	4.96
4500.00	0.00	4.51
4500.00	0.00	4.51
1714.29	40.00	43.53
3142.86	0.00	6.07
1142.86	63.64	45.11
3142.86	0.00	16.44
285.71	0.00	38.34
2000.00	0.00	11.92
6000.00	0.00	7.22
0.00	100.00	0.00
2368.42	3.23	109.69
2605.26	0.00	42.72
0.00	100.00	0.00
0.00	100.00	0.00
1509.32	0.00	55.13
1397.52	0.00	61.80
1453.42	0.00	53.79
3130.43	0.00	12.89
3018.63	0.00	37.59
1509.32	0.00	62.24
2101.80	0.00	128.27
2467.33	0.00	114.34
365.53	0.00	342.84
2467.33	0.00	38.96
2113.59	0.00	151.81
2467.33	0.00	19.91
281.62	89.49	355.57
908.19	0.00	127.67
2149.37	8.64	132.52
253.99	0.00	216.98
2476.43	0.00	111.36
262.28	0.00	148.53
2727.27	9.09	46.42
3000.00	0.00	9.51
272.73	0.00	32.03
0.00	100.00	0.00
3000.00	0.00	22.31
3000.00	0.00	3.16
0.00	100.00	0.00
0.00	100.00	0.00
786.41	0.00	30.67
1660.19	13.64	69.78
873.79	47.37	92.61
1660.19	0.00	5.34
2264.77	0.00	46.08
474.41	0.00	117.66
1778.84	0.00	96.42
2249.15	0.00	79.68
2249.75	0.00	29.94
2249.45	0.00	41.26
0.00	100.00	0.00
0.00	100.00	0.00
181.82	0.00	46.46
1818.18	0.00	68.61
2000.00	0.00	64.51
2000.00	0.00	63.61
1603.36	0.00	31.70
1542.86	0.00	59.04
3115.97	0.00	22.55
3146.22	0.00	28.30
756.30	0.00	87.06
786.55	0.00	70.70
2250.00	0.00	4.06
2250.00	0.00	13.08
2250.00	0.00	4.06
2250.00	0.00	8.12
2250.00	0.00	17.59
2250.00	0.00	15.79
2605.26	0.00	12.43
0.00	100.00	0.00
2605.26	0.00	47.12
236.84	0.00	38.34
2368.42	0.00	7.71
2368.42	9.09	83.59
2605.26	0.00	12.47
2368.42	9.09	78.36
2368.42	9.09	45.43
2605.26	0.00	15.17
236.84	0.00	102.40
0.00	100.00	0.00
2249.84	0.00	73.37
2249.97	0.00	66.26
393.90	0.00	235.47
1869.70	0.00	92.47
2249.99	0.00	31.12
1856.07	0.00	100.81
1316.72	0.00	99.58
2571.53	0.00	49.41
452.83	0.00	104.44
1241.85	0.00	102.97
2135.26	0.00	82.13
2574.41	0.00	14.11
5727.27	0.00	5.61
409.09	0.00	22.55
4500.00	0.00	2.26
0.00	100.00	0.00
4090.91	3.23	24.21
3000.00	0.00	46.01
3042.64	0.00	45.01
2293.43	7.75	168.58
749.21	0.00	125.24
240.75	67.53	365.84
3042.64	0.00	27.13
3034.93	0.00	13.60
2911.76	0.00	42.24
2647.06	0.00	70.64
2647.06	16.67	34.42
0.00	100.00	0.00
264.71	0.00	36.09
264.71	90.00	77.14
899.14	0.00	155.63
1796.84	0.00	89.39
1791.08	0.00	95.34
906.33	0.00	56.84
2698.85	0.00	38.02
899.14	0.00	139.84
480.88	0.00	105.45
2252.76	0.00	15.26
2249.71	0.00	46.89
2235.23	0.00	60.27
1771.88	0.00	82.94
2249.71	0.00	44.32
2145.90	0.00	112.41
277.11	0.00	247.50
1590.26	0.00	187.28
2146.34	0.00	19.38
277.11	0.00	169.05
2145.72	0.00	71.61
3600.00	0.00	40.15
327.27	0.00	28.42
3600.00	0.00	12.14
0.00	100.00	0.00
3600.00	0.00	6.77
3272.73	0.00	26.39
0.00	100.00	0.00
2571.43	0.00	10.83
2571.43	0.00	53.53
6000.00	0.00	3.61
0.00	100.00	0.00
6000.00	0.00	3.61
848.84	0.00	120.04
302.33	0.00	195.62
825.58	0.00	137.55
825.58	0.00	121.19
755.81	0.00	120.41
372.09	0.00	171.98
4160.58	0.00	27.16
1609.49	0.00	82.09
4149.64	0.00	26.78
1434.31	0.00	81.78
2540.15	0.00	51.77
1368.61	0.00	85.26
4500.00	0.00	5.41
2250.00	0.00	11.28
2250.00	0.00	17.14
2250.00	0.00	8.12
4500.00	0.00	9.47
2250.00	0.00	12.18
1840.72	0.00	119.69
2630.28	0.00	30.71
390.14	0.00	161.92
777.06	0.00	188.86
2630.30	0.00	15.79
2617.77	0.00	43.69
1818.18	0.00	147.51
2000.00	0.00	20.75
2000.00	0.00	22.55
0.00	100.00	0.00
181.82	0.00	45.56
2000.00	0.00	4.51
608.51	0.00	87.85
2868.43	0.00	72.74
3482.75	0.00	27.96
2872.30	0.00	59.54
3475.01	0.00	31.55
605.61	0.00	88.27
2246.10	0.00	93.18
3591.72	0.00	73.35
3594.85	0.00	57.20
1325.65	0.00	133.63
625.35	0.00	128.10
4217.03	0.00	26.42
3600.00	0.00	6.32
3600.00	0.00	4.96
3600.00	0.00	7.67
3600.00	0.00	2.71
3600.00	0.00	5.41
3600.00	0.00	6.77
0.00	100.00	0.00
268.66	0.00	33.83
2955.22	0.00	37.11
2955.22	0.00	43.96
2955.22	0.00	3.20
2686.57	0.00	36.00
0.00	100.00	0.00
6000.00	0.00	5.41
2571.43	0.00	38.79
2571.43	0.00	3.61
1285.71	0.00	19.40
1285.71	0.00	18.95
3595.49	0.00	33.27
2655.24	0.00	44.73
947.76	0.00	68.02
940.24	0.00	97.44
940.24	0.00	57.29
2602.59	0.00	55.74
509.21	0.00	85.75
2404.16	0.00	75.60
1074.37	0.00	103.20
1840.62	0.00	72.04
508.40	0.00	83.64
2910.94	0.00	42.25
2571.43	0.00	23.01
2571.43	0.00	43.31
2571.43	0.00	12.63
2571.43	0.00	7.22
233.77	0.00	35.19
0.00	100.00	0.00
797.47	0.00	62.43
1965.19	0.00	39.72
825.95	0.00	61.05
712.03	0.00	69.92
1851.27	0.00	39.04
1452.53	0.00	42.46
1264.12	0.00	55.41
2583.21	0.00	57.95
796.95	0.00	85.94
3325.19	0.00	26.56
8629.01	0.00	5.03
687.02	0.00	79.84
1983.42	0.00	216.44
2571.21	0.00	94.21
341.33	0.00	414.07
2229.86	0.00	155.54
293.92	0.00	199.37
2277.30	0.00	81.16
1674.73	0.00	176.11
1253.20	0.00	327.02
1674.75	0.00	116.54
1253.31	0.00	154.37
1674.75	0.00	80.10
418.85	0.00	448.84
2930.31	0.00	14.40
510.89	0.00	144.11
1891.44	0.00	99.44
510.89	0.00	95.63
2399.89	0.00	102.26
509.27	0.00	148.63
2020.41	0.00	20.55
0.00	100.00	0.00
1836.73	0.00	104.25
183.67	0.00	90.22
2020.41	0.00	4.47
1836.73	9.09	58.60
2571.43	0.00	7.67
2571.43	0.00	16.24
2571.43	0.00	7.22
2571.43	0.00	14.44
2571.43	0.00	13.98
2571.43	0.00	18.04
1949.57	0.00	109.11
670.86	0.00	142.03
4352.99	0.00	47.63
243.45	0.00	139.17
2228.80	0.00	89.54
406.40	0.00	257.66
2521.86	0.00	27.25
2475.32	0.00	45.88
1988.72	0.00	48.95
2500.71	0.00	21.18
2500.71	0.00	21.28
528.91	0.00	67.21
2465.75	9.09	138.49
246.58	0.00	49.62
246.58	90.91	78.49
2712.33	0.00	10.33
0.00	100.00	0.00
246.58	0.00	49.62
3140.87	0.00	47.44
1416.65	0.00	79.83
1415.12	0.00	82.21
2338.59	0.00	84.61
480.14	0.00	126.56
2760.44	0.00	13.47
3600.00	0.00	9.02
0.00	100.00	0.00
327.27	0.00	27.97
16036.36	0.00	0.96
327.27	0.00	55.49
3272.73	9.09	59.50
2182.13	0.00	43.61
2259.30	0.00	35.04
2069.63	0.00	59.02
2181.20	0.00	53.48
581.10	0.00	106.01
2161.67	0.00	51.17
2866.69	0.00	118.97
9000.06	0.00	10.38
1000.09	0.00	234.56
1999.98	0.00	161.95
8999.94	0.00	10.23
1166.42	0.00	220.83
2022.98	0.00	217.24
2186.29	11.87	169.57
255.71	0.00	372.61
2233.08	0.00	230.74
502.91	0.00	120.88
306.84	88.23	665.38
2243.16	0.00	38.97
3328.27	0.00	38.78
5635.26	0.00	19.89
3382.98	0.00	19.91
1139.82	0.00	47.82
3382.98	0.00	19.91
0.00	100.00	0.00
202.25	0.00	32.93
2224.72	0.00	6.27
3842.70	13.64	46.04
202.25	93.10	31.13
7584.27	2.60	13.46
2452.01	0.00	9.91
1839.01	0.00	27.63
167.18	0.00	111.72
1226.01	26.67	137.46
1671.83	9.09	60.70
613.00	0.00	81.03
6100.00	0.00	30.45
450.48	0.00	188.10
450.48	0.00	166.45
2665.14	0.00	166.37
3941.41	0.00	56.20
885.80	0.00	153.47
3032.84	0.00	29.64
1925.37	0.00	77.28
737.31	0.00	72.82
385.07	0.00	90.05
1343.28	0.00	34.71
1402.98	0.00	68.26
347.32	84.98	942.81
279.09	0.00	442.53
2654.06	11.55	170.53
3000.02	0.00	72.39
7604.62	0.00	19.17
2719.78	0.00	278.34
1384.68	0.00	103.98
293.53	0.00	247.95
1091.34	0.00	126.95
1384.12	0.00	120.56
1100.63	0.00	137.18
1384.59	0.00	85.92
1882.94	0.00	45.33
1882.94	0.00	46.66
396.95	0.00	187.99
1882.56	0.00	65.02
1475.71	0.00	103.80
1475.71	0.00	93.25
2400.00	0.00	42.58
4080.00	0.00	35.80
0.00	100.00	0.00
2640.00	0.00	3.53
2640.00	0.00	8.32
240.00	0.00	37.89
2250.00	0.00	9.47
2250.00	0.00	6.32
2250.00	0.00	6.77
2250.00	0.00	7.22
2250.00	0.00	9.47
2250.00	0.00	6.77
2495.32	0.00	55.28
2173.84	0.00	66.16
382.72	0.00	83.00
3193.40	0.00	36.06
3245.45	0.00	25.37
382.72	0.00	113.68
1852.88	0.00	86.99
1853.61	0.00	61.53
990.41	0.00	178.89
852.30	0.00	186.60
228.25	0.00	259.94
227.88	0.00	234.72
1058.82	0.00	59.09
1058.82	0.00	52.78
2117.65	0.00	105.33
2117.65	0.00	4.29
0.00	100.00	0.00
0.00	100.00	0.00
1567.06	0.00	101.92
982.06	0.00	141.80
1506.18	0.00	46.08
333.53	0.00	143.65
336.18	0.00	137.64
860.29	0.00	118.33
575.45	0.00	134.88
1606.65	0.00	79.98
2186.70	0.00	33.60
575.45	0.00	147.96
575.45	0.00	127.21
1035.81	0.00	104.76
857.14	50.00	127.66
0.00	100.00	0.00
857.14	0.00	120.44
857.14	50.00	149.77
857.14	50.00	86.16
1714.29	0.00	18.72
1456.66	0.00	86.92
2478.41	0.00	52.61
522.56	0.00	76.56
1540.97	0.00	89.04
2995.97	0.00	48.47
2997.64	0.00	36.59
2250.00	0.00	13.98
2250.00	0.00	13.98
0.00	100.00	0.00
1125.00	0.00	11.73
2250.00	0.00	49.62
2250.00	0.00	7.89
1001.69	0.00	98.79
1995.37	0.00	70.65
1996.97	0.00	60.19
1998.58	0.00	39.57
1001.69	0.00	97.89
1995.37	0.00	73.15
1125.00	0.00	23.01
2250.00	0.00	23.46
2250.00	0.00	11.05
2250.00	0.00	16.69
0.00	100.00	0.00
2250.00	0.00	46.01
665.82	0.00	90.61
1698.98	0.00	59.74
2295.92	0.00	48.61
1721.94	0.00	52.33
596.94	0.00	66.36
573.98	0.00	82.55
3000.00	0.00	69.92
0.00	100.00	0.00
3000.00	0.00	6.32
0.00	100.00	0.00
0.00	100.00	0.00
3000.00	0.00	39.25
268.66	0.00	33.83
268.66	88.89	70.37
268.66	0.00	40.60
2686.57	9.09	50.39
0.00	100.00	0.00
2417.91	18.18	75.63
1376.03	15.27	50.29
2888.43	0.00	34.17
1053.72	0.00	62.09
805.79	0.00	47.89
3173.55	0.00	28.55
371.90	86.96	78.19
557.62	0.00	205.70
1124.16	0.00	146.12
1128.62	0.00	130.16
562.08	0.00	173.19
1115.24	0.00	156.53
8988.85	0.00	6.74
1842.52	0.00	54.00
1771.65	0.00	54.36
1594.49	0.00	64.16
885.83	0.00	79.39
956.69	0.00	85.63
1027.56	0.00	82.05
2122.04	0.00	85.10
887.91	0.00	78.78
958.29	0.00	46.01
2551.42	0.00	65.52
444.31	0.00	124.95
2026.78	0.00	35.70
2337.66	9.09	46.91
0.00	100.00	0.00
233.77	0.00	45.11
2337.66	0.00	108.26
0.00	100.00	0.00
2571.43	0.00	14.44
0.00	100.00	0.00
2911.76	0.00	3.24
2647.06	9.09	53.91
2911.76	0.00	6.48
264.71	0.00	48.27
2911.76	0.00	14.03
3599.98	0.00	55.68
2969.75	0.00	25.75
630.25	0.00	121.35
3600.02	0.00	12.00
2990.71	0.00	67.78
3599.98	0.00	43.51
1893.92	0.00	193.76
158.24	0.00	587.33
657.71	67.52	417.19
937.22	52.45	364.97
1893.92	0.00	204.09
2052.15	0.00	139.65
2521.74	0.00	23.46
2463.77	0.00	29.72
2608.70	0.00	21.68
1884.06	0.00	24.98
782.61	0.00	27.57
2608.70	0.00	24.69
3681.82	0.00	26.56
409.09	0.00	37.44
409.09	0.00	28.87
3681.82	0.00	2.66
4090.91	9.09	32.48
4090.91	0.00	16.24
1409.73	18.08	122.11
2162.18	12.58	110.70
2622.75	0.00	91.93
1098.53	36.17	129.07
1487.48	38.56	120.45
389.02	0.00	112.77
625.57	0.00	100.11
2941.56	0.00	31.41
1120.64	0.00	101.75
2842.94	0.00	49.00
2941.56	0.00	25.01
1722.30	0.00	71.59
2140.09	0.00	47.47
1078.34	0.00	55.00
1443.32	0.00	39.54
2969.59	0.00	14.93
447.93	0.00	68.08
1841.47	0.00	44.70
2976.84	0.00	77.62
1488.68	0.00	150.78
811.75	0.00	230.96
837.72	0.00	225.11
2436.28	0.00	24.65
1623.23	0.00	124.30
0.00	100.00	0.00
0.00	100.00	0.00
2337.66	0.00	47.14
0.00	100.00	0.00
2571.43	0.00	80.30
2571.43	0.00	8.82
9408.86	0.00	13.15
1335.25	0.00	60.76
2380.68	0.00	71.59
2401.38	0.00	33.78
2401.38	0.00	33.78
1293.85	0.00	89.77
1592.06	0.00	46.72
812.27	0.00	80.75
877.26	0.00	73.09
1819.49	0.00	37.66
812.27	0.00	78.49
1462.09	0.00	53.13
1222.73	0.00	121.39
409.76	0.00	251.26
1226.01	0.00	91.67
822.80	0.00	82.67
1222.73	0.00	128.50
409.76	0.00	257.58
690.83	0.00	110.98
707.28	0.00	59.01
1233.63	0.00	82.95
18000.00	0.00	3.45
1781.91	0.00	59.86
3042.95	0.00	38.30
1500.00	0.00	116.03
166.67	0.00	63.15
166.67	94.44	114.58
1666.67	0.00	76.15
166.67	0.00	99.24
166.67	0.00	58.19
2250.00	0.00	13.98
0.00	100.00	0.00
2250.00	0.00	8.12
2250.00	0.00	10.83
2250.00	0.00	10.83
0.00	100.00	0.00
2239.88	0.00	77.22
2257.87	0.00	18.87
1142.43	0.00	79.48
2293.85	0.00	20.12
1124.44	0.00	92.93
2203.90	0.00	65.82
1800.00	0.00	14.89
1800.00	0.00	22.55
1800.00	0.00	18.04
1800.00	0.00	14.89
1800.00	0.00	18.04
1800.00	0.00	14.44
2570.25	0.00	59.72
1284.10	0.00	112.78
2568.20	0.00	69.69
1288.21	0.00	83.64
2568.20	0.00	71.72
2570.25	0.00	38.99
370.97	0.00	326.60
1776.97	0.00	181.28
1097.58	0.00	107.34
1465.96	0.00	57.53
2503.67	0.00	102.20
2503.58	0.00	117.64
2245.65	0.00	106.12
749.35	0.00	155.63
1498.70	0.00	111.20
2251.65	0.00	47.59
1496.30	0.00	87.43
749.35	0.00	176.83
2858.92	0.00	69.26
3066.61	0.00	73.98
724.46	0.00	179.32
533.66	0.00	88.81
3599.93	0.00	11.76
3599.76	0.00	28.00
1726.34	0.00	79.43
2190.41	0.00	58.20
1726.34	0.00	64.27
466.30	0.00	92.93
464.81	0.00	102.69
2191.16	0.00	27.80
0.00	100.00	0.00
2224.72	0.00	14.60
0.00	100.00	0.00
2022.47	0.00	51.20
2224.72	0.00	36.95
2224.72	0.00	66.64
1698.11	0.00	11.46
3056.60	0.00	7.97
1698.11	0.00	16.15
3396.23	0.00	5.77
3056.60	0.00	13.68
3396.23	0.00	8.53
1978.92	0.00	42.02
704.82	0.00	69.40
1328.31	0.00	47.87
786.14	0.00	56.78
1978.92	0.00	40.48
1870.48	0.00	35.47
2015.75	0.00	47.58
4031.50	0.00	14.76
2031.50	0.00	26.66
1968.50	0.00	71.27
1968.50	0.00	63.61
2000.00	0.00	33.74
2571.43	0.00	7.22
857.14	0.00	48.27
2571.43	0.00	38.79
0.00	100.00	0.00
0.00	100.00	0.00
0.00	100.00	0.00
1798.27	0.00	93.77
1800.93	0.00	54.22
1799.60	0.00	108.10
1802.26	0.00	28.55
832.53	0.00	172.77
972.40	0.00	144.06
2235.73	0.00	54.59
1084.57	0.00	52.68
594.61	0.00	87.06
2825.58	0.00	11.20
18000.00	0.00	3.03
1736.26	0.00	58.24
1839.10	0.00	47.95
5430.41	0.00	18.80
1810.14	0.00	38.79
3620.27	0.00	11.95
3547.87	0.00	30.84
3576.83	0.00	29.68
3600.00	0.00	50.97
3600.00	0.00	9.06
3272.73	9.09	44.52
327.27	0.00	36.99
0.00	100.00	0.00
0.00	100.00	0.00
2301.12	0.00	126.41
2046.59	0.00	176.56
315.36	0.00	217.05
2301.16	0.00	158.73
2564.12	0.00	37.75
262.98	0.00	393.81
2977.44	0.00	10.91
270.68	0.00	41.05
270.68	0.00	41.73
1488.72	0.00	8.86
2436.09	5.26	45.84
1488.72	0.00	21.16
1842.13	0.00	118.42
1279.70	15.11	121.40
286.91	0.00	125.75
284.63	0.00	84.81
284.63	0.00	92.93
18000.00	0.00	3.10
1461.30	0.00	112.54
4287.12	0.00	12.32
745.75	0.00	145.22
3565.57	0.00	67.16
4282.51	0.00	23.56
2940.49	0.00	90.13
1226.89	0.00	211.56
1910.48	0.00	69.69
1909.41	0.00	91.34
690.01	53.23	289.08
223.10	0.00	338.78
595.78	0.00	249.00
2024.59	0.00	42.99
240.43	0.00	158.42
238.52	0.00	125.86
1789.89	0.00	78.81
1543.73	0.00	97.44
2024.59	0.00	36.94
327.27	0.00	32.48
3272.73	4.76	35.07
3600.00	0.00	5.41
1800.00	0.00	4.96
3272.73	0.00	8.30
1800.00	0.00	7.67
209.30	0.00	55.49
0.00	100.00	0.00
0.00	100.00	0.00
0.00	100.00	0.00
2302.33	0.00	3.98
2093.02	4.76	95.84
0.00	100.00	0.00
1636.36	0.00	11.28
1636.36	0.00	72.63
0.00	100.00	0.00
1636.36	0.00	65.41
1636.36	0.00	83.00
2265.73	10.00	114.80
0.00	100.00	0.00
251.75	0.00	72.63
0.00	100.00	0.00
0.00	100.00	0.00
1384.62	0.00	12.79
914.15	0.00	85.92
906.89	0.00	80.75
2568.32	0.00	48.26
2582.83	0.00	30.57
2546.55	0.00	23.29
1632.41	0.00	38.59
1996.57	0.00	74.82
2516.96	0.00	35.01
2517.82	0.00	31.35
2517.82	0.00	24.71
2433.66	0.00	34.62
537.57	0.00	75.66
2040.87	0.00	72.64
2040.30	0.00	84.21
1674.19	0.00	98.41
2043.71	0.00	15.76
2043.14	0.00	15.77
357.01	0.00	83.50
0.00	100.00	0.00
1285.71	0.00	45.56
2571.43	0.00	48.72
1285.71	0.00	27.07
1285.71	0.00	32.03
1285.71	0.00	27.97
6000.00	0.00	5.41
2571.43	0.00	8.87
2571.43	0.00	8.12
2571.43	0.00	7.22
2571.43	0.00	14.89
2571.43	0.00	3.61
484.04	0.00	194.63
2200.59	0.00	40.43
2281.59	0.00	86.31
1801.61	0.00	88.60
870.16	0.00	126.81
1813.80	0.00	47.73
563.92	0.00	604.93
1669.94	0.00	377.63
1109.64	0.00	292.75
2345.89	0.00	38.06
1127.84	0.00	185.63
1312.64	25.58	526.54
3494.68	0.00	18.54
3111.70	0.00	28.11
3446.81	0.00	15.51
3159.57	0.00	23.07
4691.49	0.00	6.90
1196.81	0.00	39.25
2893.92	0.00	88.51
987.58	0.00	65.36
2899.76	0.00	84.96
2393.52	0.00	87.74
1003.60	0.00	157.16
503.82	0.00	193.07
2927.79	0.00	36.83
433.87	0.00	188.54
2927.73	0.00	45.65
2927.76	0.00	28.21
2493.90	0.00	103.11
2494.01	0.00	79.96
1993.82	0.00	68.52
1016.77	0.00	73.57
2009.71	0.00	47.03
992.94	0.00	95.18
992.94	0.00	107.81
1985.88	0.00	64.28
2244.68	0.00	85.68
759.97	0.00	276.98
2244.66	0.00	124.32
1489.55	0.00	173.53
2244.67	0.00	72.24
2244.70	0.00	27.19
3759.64	0.00	82.56
388.17	0.00	226.61
3371.59	0.00	127.91
4082.91	0.00	24.24
387.68	0.00	193.52
16459.23	0.00	4.52
185.84	0.00	181.50
680.92	0.00	149.08
1350.22	0.00	110.17
217.78	0.00	83.45
1255.85	10.36	117.14
1970.16	0.00	68.02
1102.03	0.00	202.41
1269.01	0.00	181.61
1269.01	0.00	141.55
1269.01	0.00	208.83
2366.14	0.00	29.82
1094.32	0.00	135.74
2571.43	0.00	17.59
2571.43	0.00	51.43
1285.71	0.00	26.16
2571.43	0.00	10.83
0.00	100.00	0.00
0.00	100.00	0.00
913.48	0.00	131.19
2101.79	0.00	28.02
332.41	0.00	158.06
2099.17	0.00	47.32
850.66	0.00	126.31
2099.17	0.00	40.78
2117.28	0.00	111.03
1054.96	0.00	330.21
1062.18	0.00	284.95
2117.28	0.00	42.71
1055.23	0.00	301.71
2117.21	0.00	140.26
896.96	0.00	121.49
3076.79	0.00	35.62
2162.18	0.00	123.71
3076.64	0.00	30.27
2621.02	0.00	96.80
456.06	0.00	147.87
2246.95	0.00	67.68
2250.00	0.00	33.17
1773.91	0.00	73.49
2253.81	0.00	14.13
479.15	0.00	61.51
2248.47	0.00	36.07
2571.43	0.00	16.24
2337.66	9.09	39.70
0.00	100.00	0.00
2571.43	0.00	46.01
2571.43	0.00	46.01
0.00	100.00	0.00
0.00	100.00	0.00
2275.86	0.00	18.29
2275.86	0.00	53.93
2275.86	0.00	12.47
206.90	0.00	43.76
2275.86	0.00	14.27
295.60	0.00	101.50
950.15	0.00	62.03
475.07	0.00	59.65
686.22	0.00	65.93
5458.06	0.00	11.87
897.36	0.00	66.87
1407.91	39.84	308.34
1398.26	0.00	80.20
2796.52	0.00	44.33
242.77	0.00	284.64
1398.26	0.00	57.10
1388.62	0.00	148.19
0.00	100.00	0.00
2000.00	0.00	4.51
2000.00	0.00	53.68
2000.00	0.00	18.50
0.00	100.00	0.00
1818.18	0.00	115.08
514.29	0.00	22.10
3600.00	0.00	30.67
4628.57	10.00	25.46
0.00	100.00	0.00
8228.57	0.00	2.96
514.29	0.00	18.95
316.11	0.00	209.69
1491.45	0.00	120.43
1805.05	0.00	59.86
922.76	0.00	148.15
872.18	0.00	176.68
1805.01	0.00	94.77
729.81	0.00	76.65
3295.53	0.00	24.58
718.40	0.00	85.48
1853.03	0.00	53.09
724.11	0.00	55.50
2674.06	0.00	45.45
499.21	0.00	184.30
728.42	0.00	110.02
1156.40	66.21	113.97
405.32	0.00	117.10
2699.35	10.71	72.90
1712.59	0.00	64.49
1145.04	0.00	64.51
1236.64	0.00	48.87
2427.48	0.00	14.47
1328.24	0.00	59.11
1190.84	0.00	37.74
2290.08	0.00	42.85
456.24	0.00	187.09
2618.83	0.00	93.07
3064.42	0.00	33.56
1361.14	0.00	42.01
2968.41	0.00	88.34
1360.99	0.00	27.66
4008.80	0.00	23.40
4008.80	0.00	26.97
4008.80	0.00	22.73
3945.42	0.00	39.40
1996.48	0.00	53.70
1980.63	0.00	53.23
236.84	0.00	76.24
2605.26	0.00	50.77
2368.42	9.09	50.30
0.00	100.00	0.00
2605.26	0.00	3.57
0.00	100.00	0.00
2571.43	0.00	8.57
2571.43	0.00	15.79
2571.43	0.00	13.08
2571.43	0.00	12.18
2571.43	0.00	17.14
2571.43	0.00	7.22
2573.47	0.00	56.09
2123.20	0.00	90.71
447.70	0.00	121.31
2573.76	0.00	36.16
2126.06	0.00	75.40
447.70	0.00	96.05
81.45	0.00	114.58
895.93	0.00	23.99
1628.96	9.09	61.73
1710.41	4.55	79.33
895.93	0.00	9.51
895.93	0.00	24.93
1990.22	0.00	275.77
666.67	0.00	516.06
2000.00	0.00	119.69
1333.33	0.00	281.04
2000.00	0.00	120.44
2000.00	0.00	213.67
857.14	0.00	13.98
1714.29	0.00	19.85
2571.43	0.00	12.18
2571.43	0.00	12.93
857.14	0.00	28.87
857.14	0.00	24.81
2382.73	0.00	60.96
1158.34	0.00	41.05
1249.79	0.00	36.67
650.30	0.00	92.51
2403.05	0.00	31.00
1752.75	0.00	63.42
18000.00	0.00	3.91
1288.66	0.00	51.88
1298.97	0.00	46.99
1288.66	0.00	69.92
1288.66	0.00	64.06
2525.77	0.00	40.51
2571.43	0.00	10.83
2571.43	0.00	11.73
2571.43	0.00	7.22
2571.43	0.00	12.63
2571.43	0.00	17.59
2571.43	0.00	18.04
0.00	100.00	0.00
2275.86	0.00	53.48
2275.86	0.00	14.27
2275.86	0.00	43.67
2068.97	0.00	53.00
206.90	0.00	47.82
2068.97	0.00	12.68
1862.07	0.00	47.27
2275.86	0.00	8.00
2275.86	0.00	17.22
206.90	0.00	48.72
206.90	0.00	43.76
0.00	100.00	0.00
2250.00	0.00	14.44
0.00	100.00	0.00
2250.00	0.00	55.03
0.00	100.00	0.00
2250.00	0.00	21.20
2571.43	0.00	10.83
4114.29	0.00	7.95
18000.00	0.00	0.90
0.00	100.00	0.00
2571.43	0.00	55.21
2057.14	0.00	13.42
0.00	100.00	0.00
1800.00	0.00	62.25
0.00	100.00	0.00
1800.00	0.00	105.11
0.00	100.00	0.00
1800.00	0.00	17.14
385.04	0.00	208.86
385.04	0.00	342.38
385.04	0.00	210.66
2984.01	0.00	116.70
3368.94	0.00	73.88
2598.99	0.00	188.66
2090.73	5.73	145.32
158.89	44.44	475.01
418.41	0.00	101.07
2249.79	0.00	69.45
2249.57	0.00	184.55
2249.62	0.00	55.41
789.21	0.00	60.73
3618.21	0.00	28.86
783.14	0.00	60.76
2847.22	0.00	49.41
9239.80	0.00	9.41
2853.29	0.00	40.19
0.00	100.00	0.00
3000.00	0.00	3.16
3000.00	0.00	41.05
3000.00	0.00	3.16
3000.00	0.00	6.32
0.00	100.00	0.00
3000.00	0.00	17.14
2727.27	0.00	35.23
3000.00	0.00	9.47
0.00	100.00	0.00
0.00	100.00	0.00
3000.00	0.00	53.68
818.18	50.00	92.02
0.00	100.00	0.00
2454.55	0.00	8.12
0.00	100.00	0.00
818.18	50.00	53.23
1636.36	0.00	55.49
1800.00	0.00	13.08
1800.00	0.00	15.79
1800.00	0.00	13.98
1800.00	0.00	13.98
1800.00	0.00	18.04
1800.00	0.00	4.96
2252.02	0.00	74.31
1129.61	0.00	100.11
2252.02	0.00	43.69
1124.21	0.00	138.94
2239.43	0.00	78.58
2246.63	0.00	84.87
0.00	100.00	0.00
3600.00	0.00	24.41
4000.00	0.00	2.48
400.00	0.00	45.56
400.00	0.00	25.71
4400.00	0.00	25.88
0.00	100.00	0.00
1867.92	26.67	92.93
1867.92	21.43	83.99
2547.17	0.00	12.18
679.25	73.33	89.09
679.25	0.00	60.11
2200.00	0.00	12.43
2000.00	0.00	95.50
2200.00	0.00	20.79
200.00	80.00	60.45
200.00	0.00	45.11
1100.00	0.00	19.81
3000.00	0.00	10.83
0.00	100.00	0.00
3000.00	0.00	44.21
2727.27	0.00	92.57
272.73	0.00	88.42
0.00	100.00	0.00
0.00	100.00	0.00
2571.43	0.00	3.61
0.00	100.00	0.00
2571.43	0.00	44.21
0.00	100.00	0.00
2571.43	50.00	78.04
3000.00	0.00	3.16
3000.00	0.00	14.89
3000.00	0.00	10.38
3000.00	0.00	3.16
3000.00	0.00	9.47
3000.00	0.00	12.18
0.00	100.00	0.00
0.00	100.00	0.00
3323.08	0.00	35.49
3323.08	0.00	33.23
0.00	100.00	0.00
1938.46	41.67	66.83
1841.53	0.00	199.84
1841.52	0.00	208.22
239.17	0.00	322.70
237.64	0.00	179.08
1841.64	0.00	163.15
237.63	0.00	289.61
0.00	100.00	0.00
5610.39	0.00	5.68
2571.43	0.00	10.83
2571.43	0.00	46.46
2337.66	0.00	47.55
233.77	0.00	47.37
183.95	0.00	300.88
872.30	54.15	402.96
1808.97	0.00	29.17
1940.89	0.00	182.26
1633.70	11.20	262.85
809.32	28.57	380.80
1782.18	0.00	49.40
178.22	0.00	55.03
1960.40	0.00	67.17
178.22	0.00	57.74
1782.18	0.00	64.91
0.00	100.00	0.00
2516.95	0.00	20.19
2288.14	3.23	77.02
1677.97	33.33	51.88
9000.00	0.00	2.71
0.00	100.00	0.00
838.98	0.00	45.77
2553.39	0.00	24.33
2576.35	0.00	16.70
2553.39	0.00	23.70
1864.84	0.00	24.98
722.98	0.00	31.33
2576.35	0.00	16.70
1758.62	0.00	82.26
3051.72	0.00	34.21
1293.10	0.00	70.37
1293.10	0.00	48.72
1706.90	0.00	71.77
4344.83	0.00	11.41
1487.60	9.09	34.24
1636.36	0.00	10.83
446.28	0.00	22.86
1487.60	0.00	30.22
1487.60	9.09	36.31
4909.09	0.00	4.21
1641.53	0.00	173.44
3272.40	0.00	78.91
1630.88	0.00	184.50
1630.98	0.00	149.76
1630.98	0.00	135.77
3270.53	0.00	25.19
2627.03	0.00	40.52
2627.03	0.00	28.40
1216.22	0.00	64.51
1264.86	0.00	54.65
2578.38	0.00	25.75
2529.73	0.00	54.22
2045.45	0.00	92.48
2045.45	0.00	45.56
204.55	0.00	44.21
204.55	0.00	44.21
2250.00	0.00	18.95
0.00	100.00	0.00
2034.20	0.00	80.04
2579.60	0.00	31.84
544.53	0.00	143.66
2576.14	0.00	49.63
2015.99	0.00	75.79
2578.74	0.00	27.78
0.00	100.00	0.00
3000.00	0.00	17.82
3000.00	0.00	38.34
3000.00	0.00	38.34
1500.00	0.00	5.86
0.00	100.00	0.00
0.00	100.00	0.00
0.00	100.00	0.00
0.00	100.00	0.00
1818.18	4.76	142.73
1000.00	0.00	26.16
0.00	100.00	0.00
1500.00	0.00	27.97
1500.00	0.00	23.46
3000.00	0.00	42.85
0.00	100.00	0.00
3000.00	0.00	9.70
1500.00	0.00	9.02
3334.13	0.00	52.22
1522.69	0.00	122.81
381.03	0.00	167.35
1520.76	0.00	31.98
2952.80	0.00	128.81
1520.28	0.00	32.22
2070.06	0.00	54.13
2859.87	0.00	47.47
2878.98	0.00	21.96
815.29	0.00	60.35
2891.72	0.00	24.10
2878.98	0.00	35.68
1267.61	0.00	33.74
1267.61	0.00	26.89
2535.21	0.00	3.65
2535.21	0.00	8.89
1267.61	0.00	17.77
2535.21	0.00	18.31
18000.00	0.00	4.44
795.37	0.00	210.87
588.29	0.00	164.20
2324.78	0.00	105.36
3382.13	0.00	77.45
3970.50	0.00	37.16
0.00	100.00	0.00
2727.27	4.76	70.87
1500.00	0.00	14.89
2727.27	0.00	71.75
272.73	0.00	60.45
0.00	100.00	0.00
1675.94	0.00	142.81
2037.77	0.00	88.78
559.64	0.00	177.78
559.15	0.00	184.70
311.63	0.00	137.60
2398.61	0.00	34.99
4499.98	0.00	33.35
3938.64	0.00	62.11
580.62	0.00	138.04
4499.94	0.00	34.63
3919.32	0.00	22.39
4500.02	0.00	11.47
3916.34	8.76	189.55
3042.07	9.68	153.46
707.61	0.00	164.81
391.71	0.00	184.50
2427.86	13.49	160.26
7504.28	0.00	27.13
2363.21	0.00	60.03
2999.49	0.00	35.06
2997.46	0.00	37.38
2997.46	0.00	10.80
636.29	0.00	79.72
3001.52	0.00	11.17
2260.63	0.00	100.87
239.07	0.00	147.32
238.92	0.00	219.09
238.85	0.00	181.28
2022.09	0.00	128.21
2075.96	0.00	115.03
0.00	100.00	0.00
0.00	100.00	0.00
0.00	100.00	0.00
3600.00	0.00	10.83
0.00	100.00	0.00
3600.00	0.00	6.77
1108.37	0.00	44.21
1995.07	0.00	32.58
1995.07	0.00	37.09
1108.37	0.00	37.89
1152.71	0.00	40.77
1108.37	0.00	47.37
299.64	0.00	177.78
1064.97	0.00	119.62
1696.22	0.00	69.16
1695.75	0.00	80.76
1398.01	0.00	114.70
775.35	0.00	149.73
0.00	100.00	0.00
0.00	100.00	0.00
0.00	100.00	0.00
204.55	0.00	48.27
2045.45	0.00	96.99
204.55	0.00	80.30
2117.65	0.00	14.44
1058.82	0.00	29.32
2117.65	0.00	93.15
1058.82	0.00	12.18
1058.82	0.00	12.63
0.00	100.00	0.00
255.32	0.00	38.57
2297.87	14.29	43.83
2808.51	0.00	13.43
255.32	0.00	35.41
1404.26	0.00	11.07
0.00	100.00	0.00
3808.46	0.00	19.35
3768.37	0.00	18.48
2605.79	0.00	24.98
3808.46	0.00	19.35
3848.55	0.00	6.81
1082.41	0.00	22.14
1513.80	0.00	58.15
3015.77	0.00	41.57
1490.14	0.00	68.92
1478.32	0.00	82.55
2980.29	0.00	48.56
1490.14	0.00	49.67
0.00	100.00	0.00
0.00	100.00	0.00
1500.00	0.00	5.86
3000.00	0.00	86.39
1500.00	0.00	12.63
0.00	100.00	0.00
2400.00	0.00	14.21
1200.00	0.00	13.53
1200.00	0.00	16.24
2400.00	0.00	9.47
2400.00	0.00	14.44
2400.00	0.00	10.38
748.87	0.00	76.89
3599.20	0.00	31.37
2868.35	0.00	54.62
3602.20	0.00	10.19
625.73	0.00	94.28
2972.47	0.00	49.85
2242.25	0.00	69.76
2259.97	0.00	80.27
1125.55	0.00	110.11
2277.70	0.00	68.45
2206.79	0.00	83.56
1125.55	0.00	98.12
0.00	100.00	0.00
242.42	0.00	37.78
2484.85	0.00	45.08
2484.85	0.00	9.80
2484.85	0.00	15.21
2424.24	4.76	50.44
2487.80	0.00	37.81
2634.15	0.00	31.12
1219.51	0.00	59.55
2634.15	0.00	13.57
1317.07	0.00	39.68
1268.29	0.00	50.75
0.00	100.00	0.00
0.00	100.00	0.00
3600.00	0.00	9.02
333.33	0.00	72.99
3600.00	0.00	33.38
3333.33	9.09	55.81
2605.26	0.00	53.89
2605.26	0.00	7.34
0.00	100.00	0.00
2368.42	9.09	67.67
0.00	100.00	0.00
0.00	100.00	0.00
720.00	0.00	13.98
2880.00	0.00	11.28
0.00	100.00	0.00
720.00	0.00	23.46
3600.00	0.00	36.09
6480.00	18.18	13.23
1714.28	0.00	318.25
857.14	0.00	471.40
857.16	0.00	223.29
2571.43	0.00	70.22
2571.43	0.00	36.09
2558.85	0.00	213.06
1928.57	0.00	26.01
0.00	100.00	0.00
1928.57	0.00	4.81
2571.43	0.00	3.61
2571.43	0.00	8.91
2571.43	0.00	45.45
2307.69	0.00	51.43
2538.46	0.00	44.74
230.77	0.00	39.25
230.77	0.00	38.79
2538.46	0.00	50.11
0.00	100.00	0.00
0.00	100.00	0.00
0.00	100.00	0.00
2400.00	9.09	54.99
240.00	0.00	37.89
2640.00	0.00	49.05
240.00	0.00	34.28
2832.49	0.00	18.12
1005.08	64.52	35.31
2832.49	0.00	38.78
274.11	0.00	30.07
1827.41	31.03	75.42
0.00	100.00	0.00
3000.00	0.00	12.63
0.00	100.00	0.00
3600.00	0.00	29.32
0.00	100.00	0.00
3000.00	0.00	10.83
3600.00	0.00	27.97
313.04	0.00	29.77
3286.96	0.00	9.88
0.00	100.00	0.00
2817.39	18.18	37.29
313.04	0.00	35.86
3286.96	0.00	36.50
