977.20	0.00	10.56
1954.40	0.00	10.61
977.20	0.00	6.86
1954.40	0.00	7.81
1952.62	0.09	8.14
1954.40	0.00	11.06
1701.89	0.00	61.99
1872.07	0.00	9.58
934.89	0.12	13.76
936.04	0.00	18.70
170.19	0.00	94.07
1701.89	0.00	53.77
934.50	0.00	99.98
1846.93	0.00	40.15
1854.29	0.00	46.04
1846.93	0.00	41.05
1844.98	0.11	41.62
919.79	0.00	98.62
1913.30	0.09	27.71
1919.30	0.00	11.82
1915.03	0.00	22.13
1915.03	0.00	22.51
1384.22	0.14	34.02
533.14	0.00	42.55
1509.39	0.20	46.94
1185.43	0.00	55.85
332.24	0.00	64.96
1501.73	0.00	36.63
1515.02	0.00	31.63
1508.39	0.26	27.26
1508.38	0.00	105.51
1498.23	0.00	36.55
1824.66	0.09	61.87
317.96	0.00	152.70
1826.32	0.00	36.14
1826.34	0.00	48.60
1724.14	0.00	11.32
1724.14	0.00	7.97
1724.14	0.00	10.87
1722.31	0.11	4.81
1724.14	0.00	11.32
1720.49	0.21	8.63
2116.34	0.00	18.87
2071.78	0.00	28.01
1448.02	0.00	30.71
579.21	0.00	34.70
1982.67	0.00	23.82
2094.06	0.00	23.63
2192.45	0.00	6.50
2192.45	0.00	6.50
2192.45	0.00	2.80
2190.46	0.09	4.25
2192.45	0.00	5.15
2192.45	0.00	6.05
4675.32	0.00	2.36
4668.76	0.14	2.47
4668.76	0.14	2.30
4675.32	0.00	2.19
2337.66	0.00	3.37
2335.19	0.11	5.39
1188.12	0.00	9.55
2372.90	0.14	10.12
1186.45	0.14	10.67
2376.24	0.00	7.91
1186.86	0.11	7.74
1187.04	0.09	12.93
361.53	0.16	151.68
2805.73	0.00	31.57
2805.73	0.00	31.57
2805.73	0.00	31.74
712.04	0.00	58.84
2093.69	0.00	119.95
1800.00	0.00	11.95
1800.00	0.00	9.25
1800.00	0.00	8.57
900.00	0.00	12.63
900.00	0.00	9.47
1800.00	0.00	12.18
2893.89	0.00	6.06
2893.89	0.00	4.61
2893.89	0.00	3.71
2890.83	0.11	3.36
2893.89	0.00	3.26
2893.89	0.00	3.26
1500.00	0.00	4.06
3000.00	0.00	5.19
1500.00	0.00	4.96
3000.00	0.00	7.44
9000.00	0.00	1.28
3000.00	0.00	2.93
562.78	0.00	75.99
2648.75	0.00	28.85
2647.85	0.00	21.69
2086.87	0.00	48.51
2648.75	0.00	11.56
2647.85	0.00	22.08
1122.19	0.00	77.59
2235.41	0.00	40.54
2253.37	0.00	36.84
2244.39	0.00	28.42
2244.39	0.00	33.16
1122.19	0.00	51.43
973.05	0.11	107.53
975.64	0.00	90.60
975.64	0.00	45.78
974.08	0.00	114.45
974.08	0.00	82.38
1948.17	0.00	44.12
3020.13	0.00	6.39
3015.90	0.14	2.97
3011.66	0.28	5.17
1510.07	0.00	5.83
1510.07	0.00	4.82
3015.90	0.14	2.97
18000.00	0.00	0.45
0.00	100.00	0.00
0.00	100.00	0.00
0.00	100.00	0.00
0.00	100.00	0.00
0.00	100.00	0.00
411.36	0.00	114.45
2775.86	0.00	38.27
2365.06	0.00	79.88
411.33	0.00	119.66
2364.53	0.00	75.52
2772.93	0.11	15.41
1539.21	0.12	13.12
1539.21	0.12	9.75
1541.10	0.00	10.09
1539.47	0.11	5.83
1541.10	0.00	14.45
1541.10	0.00	13.45
2346.82	9.17	24.96
2348.95	9.09	25.02
469.79	0.00	20.32
2580.69	0.12	5.51
2583.84	0.00	3.63
5167.69	0.00	2.02
3140.81	16.67	30.10
0.00	100.00	0.00
3137.96	0.09	27.11
3454.89	0.00	7.05
314.08	0.00	50.26
3454.89	0.00	5.60
2826.17	0.00	40.18
2823.61	0.09	16.47
364.29	0.11	139.13
2461.49	0.00	96.75
2823.26	0.11	16.56
2826.17	0.00	15.79
1130.61	0.00	61.31
2243.27	0.00	36.54
2243.27	0.00	29.77
1121.64	0.00	69.92
2243.27	0.00	30.67
2243.27	0.00	32.48
1757.81	0.00	9.29
1757.81	0.00	9.52
878.91	0.00	5.07
1757.81	0.00	10.65
878.91	0.00	9.69
1755.35	0.14	4.73
1398.70	0.00	205.77
1864.89	0.00	99.44
1381.97	0.12	196.56
932.50	0.00	101.23
1862.33	0.14	36.38
465.24	0.21	375.22
1167.32	0.00	10.21
2334.63	0.00	9.48
2332.51	0.09	9.77
2334.63	0.00	3.93
1167.32	0.00	6.96
2334.63	0.00	9.94
18000.00	0.00	0.45
0.00	100.00	0.00
0.00	100.00	0.00
0.00	100.00	0.00
0.00	100.00	0.00
0.00	100.00	0.00
2102.25	0.00	47.78
1055.35	0.00	54.13
1089.12	0.00	66.88
2102.25	0.00	29.21
1055.35	0.00	66.31
1055.35	0.00	28.87
1894.74	0.00	13.08
1894.74	0.00	13.53
947.37	0.00	9.92
947.37	0.00	9.02
947.37	0.00	13.98
1894.74	0.00	9.70
1529.41	0.00	30.80
2941.18	0.00	17.59
1529.41	0.00	18.22
1470.59	0.00	34.28
3058.82	0.00	10.41
1470.59	0.00	24.36
1223.36	0.00	67.13
2437.08	0.00	17.07
2427.45	0.00	17.13
1204.09	0.00	80.78
2413.43	0.18	33.36
2427.45	0.00	18.12
3535.66	0.09	21.23
4534.52	0.09	6.52
3372.24	0.00	19.42
991.84	0.00	24.52
4498.97	0.00	5.98
998.86	0.09	22.37
1723.47	0.00	69.49
821.58	0.00	97.67
1711.11	0.00	70.14
2483.28	0.00	31.69
772.16	0.00	95.77
2483.78	0.23	43.10
2571.43	0.00	5.86
2571.43	0.00	4.06
2571.43	0.00	4.96
2571.43	0.00	3.61
18000.00	0.00	0.90
2571.43	0.00	3.16
1730.58	0.00	33.17
1729.99	0.00	45.80
1362.88	0.21	52.97
1729.99	0.00	45.94
367.15	0.00	68.82
1729.99	0.00	27.47
2130.18	0.00	10.88
2130.18	0.00	9.98
2130.18	0.00	8.53
2130.18	0.00	8.53
2130.18	0.00	8.53
2125.32	0.23	8.19
766.67	0.00	99.62
1539.48	0.00	22.39
766.67	0.00	91.39
1527.21	0.00	59.85
1525.07	0.14	37.44
1527.21	0.00	37.85
1182.65	0.00	11.38
2362.81	0.11	7.88
2365.31	0.00	9.85
2365.31	0.00	7.77
1182.65	0.00	10.47
2365.31	0.00	7.99
797.48	0.00	85.26
2870.92	0.00	25.44
2073.44	0.00	36.09
2870.92	0.00	10.53
2872.19	0.00	11.02
2201.04	0.00	33.18
2456.62	0.00	51.83
364.01	0.00	173.02
2456.66	0.00	15.40
2090.73	0.09	76.37
2456.64	0.00	15.40
2092.63	0.00	67.94
698.92	0.00	75.63
1386.75	0.00	65.64
693.37	0.00	88.87
2773.50	0.00	12.97
1381.20	0.00	59.33
1359.01	0.00	60.76
1614.13	0.00	60.92
813.47	0.00	115.79
1599.62	0.11	61.05
1607.72	0.00	45.72
800.66	0.00	114.13
1604.01	0.23	47.53
2657.15	0.00	94.06
3000.00	0.00	29.90
3000.00	0.00	30.06
684.02	0.25	76.11
342.86	0.00	119.09
7285.10	10.15	45.67
1625.88	0.00	82.67
1625.88	0.00	67.20
1908.25	0.00	49.82
1908.25	0.00	31.58
282.82	0.00	160.29
1904.96	0.20	37.54
2538.46	0.00	9.60
2538.46	0.00	7.30
2538.46	0.00	9.60
0.00	100.00	0.00
2307.69	9.09	39.29
230.77	0.00	39.25
1636.36	0.00	8.12
3272.73	0.00	7.44
3272.73	0.00	2.93
3272.73	0.00	5.86
1636.36	0.00	11.73
1636.36	0.00	5.41
1035.94	0.14	52.16
1114.24	0.00	49.54
1767.42	0.00	14.45
2766.39	0.00	10.33
1729.00	0.00	20.47
960.55	0.00	48.45
1265.36	0.00	85.49
1604.97	0.00	47.10
1265.36	0.00	69.88
340.15	0.00	99.69
340.70	0.00	79.78
1603.51	0.09	32.09
3600.00	0.00	4.51
3600.00	0.00	3.61
3600.00	0.00	4.51
3600.00	0.00	2.26
3600.00	0.00	4.06
3600.00	0.00	2.71
937.68	0.00	81.46
2591.55	0.00	24.90
2591.55	0.00	24.90
2584.17	0.00	34.71
2589.20	0.09	25.72
922.92	0.00	75.61
1829.59	0.27	51.58
1841.77	0.00	21.94
918.76	0.23	70.29
1827.15	0.00	37.11
913.58	0.00	91.15
1832.52	0.11	21.24
2356.97	0.09	2.99
2359.11	0.00	3.44
2359.11	0.00	3.54
2359.11	0.00	7.33
2357.29	0.08	6.34
2356.61	0.11	5.54
1720.93	0.09	12.24
1722.49	0.00	9.77
1720.07	0.14	8.54
1722.49	0.00	8.98
1722.49	0.00	9.43
1722.49	0.00	9.88
1954.06	0.00	39.33
1953.80	0.00	54.17
414.63	0.00	101.47
1953.93	0.00	15.98
1541.95	0.00	74.09
1953.80	0.00	31.01
3211.42	0.00	10.34
3211.42	0.00	6.91
1604.25	0.09	7.87
1605.71	0.00	5.51
3211.42	0.00	2.98
3211.42	0.00	8.71
2264.15	0.00	8.74
2264.15	0.00	6.05
2257.36	0.30	6.29
2264.15	0.00	3.59
2258.58	0.25	6.84
2264.15	0.00	8.74
3299.26	0.00	11.60
3299.00	0.00	31.34
3299.07	0.00	11.29
573.73	0.14	85.94
2725.42	0.00	46.13
3294.55	0.14	11.86
2184.51	0.11	26.06
2186.82	0.00	27.31
1579.37	0.00	40.51
2186.82	0.00	21.95
2191.68	0.00	11.78
607.45	0.00	52.72
1681.45	0.14	11.67
1683.82	0.00	7.83
1682.29	0.09	9.86
1683.82	0.00	5.27
1681.45	0.14	9.21
1683.82	0.00	9.64
1816.97	0.00	42.49
1828.67	0.00	32.16
385.70	0.09	75.86
1431.53	0.00	71.00
1814.09	0.09	43.30
1812.51	0.21	31.57
2250.00	0.00	10.83
2250.00	0.00	4.06
2250.00	0.00	11.73
2250.00	0.00	8.12
2250.00	0.00	4.06
2250.00	0.00	10.83
1987.23	0.00	37.71
1995.18	0.00	17.95
990.61	0.30	73.93
1979.28	0.00	49.46
992.40	0.12	68.44
1995.18	0.00	17.95
1569.21	0.00	35.93
1160.34	0.12	54.07
1569.21	0.00	27.92
1565.85	0.00	38.91
1579.32	0.00	28.71
420.93	0.00	72.31
3000.00	0.00	6.77
3000.00	0.00	4.96
3000.00	0.00	6.77
3000.00	0.00	2.71
3000.00	0.00	2.71
3000.00	0.00	4.96
2132.70	0.00	7.16
2132.70	0.00	4.71
2130.45	0.11	3.91
2132.70	0.00	6.16
2130.45	0.11	4.36
2132.70	0.00	3.81
2486.19	0.00	5.63
2486.19	0.00	6.08
2486.19	0.00	2.81
2482.70	0.14	2.93
2486.19	0.00	4.73
2486.19	0.00	2.81
2350.57	0.11	22.25
2351.12	0.00	16.47
244.02	0.00	77.80
860.91	0.11	60.09
2351.12	0.00	16.59
1246.08	0.25	61.95
0.00	100.00	0.00
1745.88	0.00	13.95
1587.16	9.09	62.73
1745.88	0.00	10.20
158.57	0.09	56.81
1744.53	0.08	10.30
3435.11	0.00	6.64
3435.11	0.00	7.09
3435.11	0.00	5.63
3430.29	0.14	2.93
3435.11	0.00	2.81
3435.11	0.00	6.53
1605.71	0.00	12.46
1605.71	0.00	9.66
1605.71	0.00	9.21
1604.25	0.09	9.77
1605.71	0.00	5.51
1605.71	0.00	10.11
1863.77	0.00	44.64
1871.23	0.00	19.31
930.06	0.20	60.30
1856.32	0.00	32.07
931.04	0.09	72.70
1861.80	0.11	18.83
1573.43	0.00	8.07
1570.10	0.21	3.91
1573.43	0.00	5.81
1573.43	0.00	5.36
1573.43	0.00	6.71
1573.43	0.00	7.61
2164.65	0.00	25.23
605.33	0.00	47.82
2154.96	0.00	26.10
2159.81	0.00	21.49
1670.70	0.00	35.79
2154.96	0.00	27.12
1954.40	0.00	10.11
1954.40	0.00	8.21
1954.40	0.00	11.47
1954.40	0.00	7.76
1954.40	0.00	4.61
1952.62	0.09	8.32
181.63	0.11	50.21
2000.00	0.00	9.02
2000.00	0.00	4.51
0.00	100.00	0.00
1818.18	9.09	51.19
2000.00	0.00	13.53
1647.37	0.00	32.97
2271.37	0.00	9.97
624.00	0.00	41.88
1747.21	0.00	21.10
624.00	0.00	49.99
622.44	0.25	47.28
2795.03	0.00	6.81
2795.03	0.00	2.91
2795.03	0.00	5.81
2792.08	0.11	3.46
2792.08	0.11	3.01
2795.03	0.00	2.91
1848.28	0.00	31.99
2338.68	0.11	16.11
512.78	0.12	47.30
2318.17	0.11	15.19
2423.30	0.00	8.74
1824.16	0.20	23.55
2122.17	0.14	6.19
2122.55	0.12	3.27
2125.15	0.00	5.17
2125.15	0.00	6.08
2125.15	0.00	4.27
2125.15	0.00	5.63
3451.58	0.00	6.69
3451.58	0.00	6.41
3451.58	0.00	2.80
1725.79	0.00	7.41
3448.45	0.09	5.29
1723.97	0.11	6.42
1568.80	0.00	39.93
3150.14	0.00	12.30
3125.04	0.00	29.33
3137.59	0.00	26.53
3150.14	0.00	12.30
1565.48	0.21	49.00
3155.14	0.26	7.89
1581.72	0.00	8.15
1581.72	0.00	5.58
3160.57	0.09	6.09
3163.44	0.00	3.02
3160.10	0.11	6.14
1604.28	0.00	12.13
1602.58	0.11	8.88
1604.28	0.00	9.22
1604.28	0.00	9.67
1604.28	0.00	10.12
1604.28	0.00	5.51
1797.91	0.00	30.63
1797.15	0.00	51.43
478.78	0.00	83.07
2260.60	0.00	27.90
480.31	0.00	62.10
1779.44	0.09	56.95
1599.18	0.14	13.88
1601.42	0.00	13.97
1601.42	0.00	5.52
1601.42	0.00	9.69
1601.42	0.00	5.52
1601.42	0.00	13.06
3593.90	0.00	15.99
3600.00	0.00	7.17
2837.29	0.00	26.56
3600.00	0.00	7.26
3600.00	0.00	7.36
762.71	0.00	30.67
2638.37	0.00	40.48
2633.86	0.09	35.32
1319.18	0.00	79.73
1317.79	0.11	73.48
2638.37	0.00	17.09
2638.37	0.00	16.86
2356.19	0.00	21.48
1754.61	0.00	32.42
626.64	0.00	46.34
2228.83	0.09	22.13
2356.19	0.00	8.98
2356.19	0.00	9.10
0.00	100.00	0.00
1877.13	0.00	9.55
0.00	100.00	0.00
1877.13	0.00	9.55
1706.48	0.00	56.23
1873.17	0.21	57.87
1473.91	0.00	28.72
2813.82	0.11	14.82
2845.55	0.14	7.18
2816.80	0.00	12.87
2849.55	0.00	7.22
817.69	0.14	23.65
2571.43	0.00	6.99
2571.43	0.00	3.38
2571.43	0.00	4.74
1285.71	0.00	5.86
1285.71	0.00	4.06
2571.43	0.00	5.41
3272.73	0.00	4.96
3272.73	0.00	2.71
3272.73	0.00	4.96
1636.36	0.00	5.41
1636.36	0.00	4.96
3272.73	0.00	2.93
2486.19	0.00	9.69
2486.19	0.00	10.48
2486.19	0.00	7.33
2486.19	0.00	7.43
2482.70	0.14	3.83
2486.19	0.00	10.93
2309.23	0.00	19.07
2302.56	0.00	25.01
834.26	0.00	42.40
3136.82	0.00	8.40
3130.14	0.00	15.87
3136.82	0.00	8.64
1285.71	0.00	9.47
1285.71	0.00	6.77
1285.71	0.00	9.92
2571.43	0.00	7.44
2571.43	0.00	7.44
1285.71	0.00	7.67
1442.14	0.00	45.95
2777.45	0.00	11.49
2830.86	0.00	11.70
1388.72	0.00	19.09
1335.31	0.00	25.71
1335.31	0.00	45.11
1571.71	0.20	9.98
1574.80	0.00	4.70
1574.80	0.00	6.71
1574.80	0.00	8.06
1574.80	0.00	5.16
1574.80	0.00	8.96
2189.78	0.00	11.12
2189.78	0.00	92.15
0.00	100.00	0.00
0.00	100.00	0.00
2187.47	0.11	4.26
2189.78	0.00	12.48
1251.50	0.00	57.71
2483.14	0.00	28.04
1241.57	0.00	64.34
2490.44	0.11	16.34
2493.07	0.00	16.17
2483.14	0.00	27.58
1759.39	0.11	8.43
1761.25	0.00	7.97
1761.25	0.00	3.71
1761.25	0.00	5.71
1761.25	0.00	6.61
1761.25	0.00	7.52
1815.45	0.00	27.59
1332.62	0.00	33.02
1834.76	0.00	11.75
502.15	0.00	40.77
1718.88	0.00	27.50
1796.14	0.00	20.37
18000.00	0.00	0.45
0.00	100.00	0.00
0.00	100.00	0.00
0.00	100.00	0.00
0.00	100.00	0.00
0.00	100.00	0.00
2494.75	0.00	37.21
1242.41	0.00	72.81
1252.35	0.00	56.07
2484.81	0.00	27.49
2494.75	0.00	14.95
2482.19	0.11	28.56
2120.18	0.14	39.28
1061.58	0.00	71.41
1061.58	0.00	53.89
2129.40	0.11	16.78
2123.16	0.00	16.45
2123.16	0.00	16.17
1442.31	0.00	8.44
1442.31	0.00	6.08
2884.62	0.00	6.64
2880.57	0.14	3.60
2884.62	0.00	3.27
2884.62	0.00	6.76
2170.99	0.00	45.80
2179.70	0.00	38.85
1089.85	0.00	51.09
2179.70	0.00	15.28
2176.22	0.16	15.96
1089.85	0.00	60.67
1470.59	0.00	4.62
1468.52	0.14	5.64
2941.18	0.00	2.99
2941.18	0.00	2.99
2941.18	0.00	8.51
2941.18	0.00	7.38
1200.00	50.00	44.21
2400.00	0.00	45.34
2400.00	0.00	7.67
1200.00	0.00	45.11
0.00	100.00	0.00
2397.82	0.09	7.77
788.69	0.00	73.44
4499.23	0.00	20.06
3716.59	0.00	35.18
4500.24	0.00	8.92
3711.55	0.00	9.76
4500.19	0.00	18.63
2073.21	0.14	6.83
2076.12	0.00	4.26
2076.12	0.00	4.26
2076.12	0.00	5.17
2072.05	0.20	6.27
2076.12	0.00	3.36
2586.21	0.00	7.17
2586.21	0.00	3.08
2579.73	0.25	5.83
1293.10	0.00	5.72
2586.21	0.00	3.59
1293.10	0.00	7.61
3148.51	0.12	1.11
3152.36	0.00	1.56
3152.36	0.00	1.56
3148.51	0.12	2.12
3147.32	0.16	2.68
3152.36	0.00	3.13
2831.11	0.11	34.14
2830.61	0.14	25.89
2834.58	0.00	20.66
2238.36	0.00	64.13
298.35	0.00	73.18
297.99	0.12	104.01
1553.64	0.00	21.91
2099.42	0.12	15.61
3625.16	0.00	14.05
2101.99	0.00	25.53
792.05	0.00	18.52
761.59	0.00	38.27
2132.70	0.00	6.61
2132.70	0.00	7.06
2132.70	0.00	3.25
2128.16	0.21	4.81
2132.70	0.00	3.81
2132.70	0.00	6.16
2383.82	0.00	9.22
216.71	0.00	41.74
2380.47	0.14	3.97
2381.30	0.11	45.82
0.00	100.00	0.00
2167.11	0.00	38.75
2445.35	0.00	32.91
1195.28	0.00	79.17
2030.95	0.00	53.03
2445.35	0.00	27.16
1247.00	0.25	83.06
428.11	0.00	71.28
786.38	0.00	143.44
786.38	0.00	167.90
786.38	0.00	129.87
786.38	0.00	129.91
1574.01	0.00	58.96
1570.92	0.20	60.25
463.42	0.00	95.46
1505.14	0.12	72.65
2184.69	0.00	28.01
217.77	0.00	91.91
2184.69	0.00	18.78
2186.44	0.00	9.73
1509.47	0.21	83.08
755.45	0.20	147.36
755.04	0.25	105.70
1512.67	0.00	84.66
1512.67	0.00	50.64
1512.67	0.00	52.49
2184.47	0.00	9.35
2184.47	0.00	6.54
2184.47	0.00	6.99
2184.47	0.00	4.17
2177.91	0.30	8.02
2184.47	0.00	7.44
1525.26	0.20	52.67
1927.57	0.25	25.12
1935.59	0.00	13.13
407.32	0.00	72.89
1930.28	0.11	25.69
1929.62	0.14	12.77
1604.25	0.09	12.48
1605.71	0.00	8.31
1605.71	0.00	8.76
1605.71	0.00	9.21
1605.71	0.00	5.51
1605.71	0.00	9.66
904.42	0.00	89.63
1808.84	0.00	44.79
1808.84	0.00	35.90
904.42	0.00	79.86
1799.70	0.11	34.38
1806.93	0.11	18.68
1132.08	0.00	11.00
1132.08	0.00	7.64
2260.97	0.14	4.38
2264.15	0.00	4.26
2264.15	0.00	8.25
2262.10	0.09	8.58
2135.23	0.00	9.96
2135.23	0.00	7.61
2131.04	0.20	7.62
2135.23	0.00	8.06
2132.23	0.14	4.37
2135.23	0.00	4.25
1501.82	0.20	41.10
2734.87	0.00	21.14
1492.83	0.00	45.77
2742.96	0.14	12.76
2734.87	0.00	22.19
2746.82	0.00	12.90
2279.44	0.21	10.14
2281.85	0.11	7.57
2284.26	0.00	8.36
2284.26	0.00	7.91
2281.85	0.11	4.11
2284.26	0.00	10.01
866.08	0.11	47.05
722.50	0.00	28.91
1300.49	0.00	34.37
1994.09	0.00	19.50
720.97	0.21	41.88
1994.09	0.00	20.19
2472.57	0.00	25.82
2475.76	0.00	20.82
1833.70	0.00	36.77
2492.77	0.00	21.16
664.38	0.00	64.96
2471.51	0.00	19.40
2246.63	0.00	33.83
2237.64	0.00	39.40
2255.62	0.00	38.86
1123.32	0.00	50.07
1123.32	0.00	74.43
2255.62	0.00	15.95
2578.02	0.11	12.29
2434.67	0.00	29.81
2483.36	0.00	22.84
1266.03	0.00	34.54
1217.33	0.00	45.34
17480.93	0.00	3.17
2000.00	0.00	6.32
2000.00	0.00	6.77
2000.00	0.00	4.51
2000.00	0.00	5.41
2000.00	0.00	4.51
2000.00	0.00	7.22
1581.95	0.00	59.82
1096.17	0.00	37.51
608.44	0.00	100.14
2170.93	0.00	25.03
2169.95	0.00	35.11
1094.35	0.08	64.96
1566.58	0.00	8.45
1566.58	0.00	5.07
1566.58	0.00	5.98
1566.58	0.00	8.90
1566.58	0.00	5.63
1561.88	0.30	7.57
1576.18	0.00	13.00
1576.18	0.00	9.75
1573.30	0.18	9.77
1576.18	0.00	10.20
1576.18	0.00	10.65
1576.18	0.00	5.60
18000.00	0.00	0.45
0.00	100.00	0.00
0.00	100.00	0.00
0.00	100.00	0.00
0.00	100.00	0.00
0.00	100.00	0.00
2250.00	0.00	9.02
2250.00	0.00	7.67
2250.00	0.00	6.32
2250.00	0.00	8.57
2250.00	0.00	4.06
2250.00	0.00	4.06
1888.14	0.00	61.02
2296.03	0.11	39.63
2296.03	0.11	36.06
400.71	0.00	66.51
2296.03	0.11	23.25
2299.10	0.00	12.09
1606.26	0.00	77.89
803.77	0.00	96.98
1603.69	0.00	24.85
803.04	0.09	136.99
1603.69	0.00	25.07
1601.11	0.00	62.92
3593.60	0.00	15.32
3593.60	0.00	14.19
2601.16	0.00	18.91
1000.44	0.00	23.46
3601.60	0.00	7.14
3593.60	0.00	6.66
1605.90	0.08	12.91
1607.14	0.00	8.75
1607.14	0.00	8.75
1607.14	0.00	9.20
1607.14	0.00	9.20
1607.14	0.00	9.65
2486.66	0.00	26.46
529.67	0.09	72.02
1970.57	0.14	41.47
1956.51	0.00	39.43
1973.34	0.00	36.38
525.94	0.00	46.68
415.89	0.00	118.87
1546.13	0.00	77.50
1895.26	0.00	32.70
1895.39	0.00	17.25
813.89	0.09	100.51
1080.63	0.00	86.74
2060.48	0.00	41.10
731.33	0.00	61.82
725.52	0.00	104.79
1331.92	0.23	53.74
2060.48	0.00	16.37
2054.68	0.00	30.33
2829.33	0.00	29.70
2837.18	0.12	14.06
2829.33	0.00	28.97
1414.67	0.00	41.32
2829.33	0.00	25.28
1412.94	0.12	50.62
18000.00	0.00	0.45
0.00	100.00	0.00
0.00	100.00	0.00
0.00	100.00	0.00
0.00	100.00	0.00
0.00	100.00	0.00
1036.87	0.00	15.56
1036.87	0.00	12.20
1036.87	0.00	19.48
2068.63	0.25	11.32
2071.54	0.11	8.84
2073.73	0.00	8.73
3000.00	0.00	7.22
3000.00	0.00	5.86
3000.00	0.00	7.67
3000.00	0.00	5.86
3000.00	0.00	6.32
3000.00	0.00	6.77
2183.40	0.11	48.70
2185.71	0.00	44.90
2192.72	0.00	20.88
1095.48	0.00	96.41
1095.48	0.00	74.71
2182.20	0.00	48.80
2344.68	0.09	9.92
2346.81	0.00	3.90
2344.32	0.11	4.01
2343.51	0.14	4.02
2344.68	0.09	4.01
2346.81	0.00	6.91
18000.00	0.00	0.45
0.00	100.00	0.00
0.00	100.00	0.00
0.00	100.00	0.00
0.00	100.00	0.00
0.00	100.00	0.00
2129.71	0.14	6.83
2132.70	0.00	4.47
2132.70	0.00	4.93
2130.45	0.11	6.38
2131.06	0.08	3.90
2132.70	0.00	3.81
1899.70	0.16	7.19
1902.75	0.00	7.63
1902.75	0.00	4.72
1901.02	0.09	5.72
1902.75	0.00	6.62
1902.75	0.00	7.07
2976.22	0.00	22.83
2348.85	0.00	31.37
631.85	0.09	42.83
2976.22	0.00	9.27
2976.22	0.00	9.36
2975.21	0.00	17.56
2075.62	0.00	45.00
2075.62	0.00	36.40
1048.74	0.14	33.54
2092.16	0.00	19.78
1033.67	0.00	79.31
1030.55	0.30	82.86
2890.83	0.11	6.34
1446.95	0.00	5.16
2893.89	0.00	4.66
2893.89	0.00	5.34
2893.89	0.00	3.03
1446.95	0.00	6.06
1363.64	0.00	14.71
1363.64	0.00	11.01
1363.64	0.00	10.56
1363.64	0.00	11.01
1362.58	0.08	11.56
1363.64	0.00	11.91
0.00	100.00	0.00
2064.22	0.00	50.36
2064.22	0.00	8.77
2064.22	0.00	8.77
2064.22	0.00	4.38
1031.31	0.08	12.59
3343.13	0.00	22.38
2762.22	0.00	45.29
581.47	0.00	69.23
3343.13	0.00	10.53
3342.76	0.00	20.10
3340.47	0.09	11.03
1659.73	0.00	44.16
2185.62	0.00	25.69
2187.03	0.11	11.01
2189.35	0.00	10.85
465.65	0.12	47.76
2180.21	0.08	19.22
2130.18	0.00	3.81
2130.18	0.00	7.52
2125.32	0.23	7.29
2130.18	0.00	7.62
2130.18	0.00	4.26
2130.18	0.00	4.26
1131.17	0.00	59.97
2244.39	0.00	29.32
2244.39	0.00	36.31
2235.41	0.00	40.08
1122.19	0.00	67.21
2244.39	0.00	31.13
2824.03	0.14	35.77
2816.78	0.00	28.41
2828.00	0.00	38.23
2828.00	0.00	15.30
1423.22	0.14	65.64
1402.78	0.00	68.39
1483.33	0.00	40.51
1476.77	0.00	45.26
833.55	0.00	52.23
832.38	0.14	35.36
2133.11	0.00	34.37
2156.33	0.14	30.27
2453.99	0.00	7.57
2453.99	0.00	3.31
2450.99	0.12	3.42
1225.88	0.09	8.08
2453.99	0.00	6.39
1226.99	0.00	4.16
1264.48	0.11	9.23
5063.29	0.00	2.05
2531.65	0.00	9.35
5063.29	0.00	2.05
2531.65	0.00	3.66
1265.82	0.00	8.67
396.58	0.00	107.08
1868.62	0.00	29.74
1868.62	0.00	30.03
1474.82	0.00	61.13
1865.23	0.18	31.02
1868.74	0.00	16.22
1083.78	0.14	65.35
1076.69	0.00	76.07
2153.38	0.00	31.55
2161.99	0.00	17.22
2151.42	0.09	32.16
2153.38	0.00	32.55
1568.48	0.14	9.00
1570.68	0.00	5.17
1569.02	0.11	4.37
1570.68	0.00	6.62
1570.68	0.00	7.52
1570.68	0.00	8.43
3010.00	0.00	35.64
1871.02	0.11	15.61
1771.48	0.00	15.18
3644.49	0.00	8.65
634.49	0.00	43.40
3643.47	0.00	8.33
2884.62	0.00	8.62
1442.31	0.00	11.60
2884.62	0.00	3.27
1442.31	0.00	5.97
2884.62	0.00	9.86
2880.57	0.14	3.38
0.00	100.00	0.00
1058.82	0.00	12.18
2117.65	0.00	48.72
2115.41	0.11	11.52
2117.65	0.00	8.57
2117.65	0.00	8.57
2400.00	0.00	7.22
1200.00	0.00	9.47
2400.00	0.00	6.99
1200.00	0.00	6.77
2400.00	0.00	9.25
2400.00	0.00	3.83
2271.12	0.00	175.13
574.18	0.00	104.81
2553.13	0.00	122.71
291.49	0.11	158.22
291.80	0.00	194.97
2844.99	0.00	44.72
745.85	0.00	50.50
2711.08	0.14	8.49
2685.05	0.00	17.91
745.06	0.11	35.52
2088.37	0.00	18.15
1342.53	0.00	25.31
793.24	0.14	6.73
1588.70	0.00	8.87
1588.70	0.00	11.83
1587.26	0.09	11.45
794.35	0.00	12.79
1588.70	0.00	12.91
1725.64	0.00	71.42
1362.64	0.00	107.02
1725.64	0.00	39.84
363.12	0.00	228.96
1374.03	0.00	103.81
1723.82	0.11	42.42
2191.88	0.00	37.51
465.13	0.00	90.19
2191.58	0.00	39.62
2192.03	0.00	14.45
1729.72	0.00	63.54
2192.03	0.00	14.93
2346.81	0.00	9.83
2346.81	0.00	7.82
2346.81	0.00	3.91
2341.46	0.23	8.04
2341.46	0.23	7.84
2343.51	0.14	4.02
1757.81	0.00	10.93
1755.35	0.14	5.53
3515.62	0.00	2.76
3515.62	0.00	2.76
3515.62	0.00	6.32
3515.62	0.00	2.76
2932.18	0.00	16.57
2932.18	0.00	17.60
1957.23	0.18	33.92
467.71	0.00	42.32
2950.17	0.00	7.47
449.72	0.00	41.66
1123.60	0.00	112.10
2247.19	0.00	31.13
1123.60	0.00	43.08
561.80	0.00	99.24
1123.60	0.00	29.10
561.80	0.00	116.83
3575.89	0.00	19.13
3583.93	0.00	15.42
2611.61	0.00	18.91
3616.07	0.00	7.27
3583.93	0.00	6.70
1012.50	0.00	23.72
2493.07	0.00	5.96
2493.07	0.00	5.96
2493.07	0.00	3.26
2490.44	0.11	6.52
2493.07	0.00	5.51
2493.07	0.00	3.26
3000.00	0.00	6.99
1500.00	0.00	5.86
3000.00	0.00	6.09
3000.00	0.00	3.16
1500.00	0.00	5.41
3000.00	0.00	7.44
2250.00	0.00	6.77
2250.00	0.00	3.61
2250.00	0.00	3.61
2250.00	0.00	3.61
2250.00	0.00	5.86
2250.00	0.00	4.06
2769.23	0.00	8.12
1384.62	0.00	8.57
2765.34	0.14	6.88
1384.62	0.00	6.32
2769.23	0.00	6.32
2769.23	0.00	6.54
1575.26	0.00	44.31
331.67	0.11	110.50
1572.60	0.00	47.93
1572.60	0.00	48.69
1242.45	0.11	71.67
1573.30	0.09	52.01
2884.62	0.00	5.18
2884.62	0.00	5.63
2884.62	0.00	4.17
2884.62	0.00	2.81
2884.62	0.00	3.27
2880.57	0.14	3.38
2884.62	0.00	5.18
2880.57	0.14	2.93
2884.62	0.00	2.81
2884.62	0.00	5.63
2884.62	0.00	4.73
2884.62	0.00	2.81
1435.66	0.00	35.06
403.20	0.00	119.33
1900.54	0.00	31.01
1432.37	0.21	70.55
1897.09	0.18	48.41
1897.87	0.14	31.67
2097.70	0.00	30.38
2097.70	0.00	30.66
1642.14	0.00	49.60
2097.70	0.00	24.02
2097.70	0.00	24.30
444.97	0.00	56.39
1001.11	0.00	16.67
998.30	0.28	13.44
2002.22	0.00	9.24
1996.22	0.30	11.30
2002.22	0.00	4.51
2002.22	0.00	9.24
2571.43	0.00	5.86
2571.43	0.00	4.06
2571.43	0.00	3.16
2571.43	0.00	5.41
2571.43	0.00	3.16
2571.43	0.00	3.16
1800.00	0.00	12.63
1800.00	0.00	12.18
1800.00	0.00	9.92
1800.00	0.00	4.96
1800.00	0.00	9.92
1800.00	0.00	9.92
605.83	0.00	78.04
3478.87	0.00	26.31
2873.86	0.00	46.12
3478.83	0.00	22.94
3478.68	0.00	28.20
3478.83	0.00	20.58
1167.32	0.00	9.21
1167.32	0.00	6.41
2334.63	0.00	7.36
2334.63	0.00	9.16
2332.51	0.09	7.91
2334.63	0.00	3.93
895.97	0.00	14.32
895.97	0.00	13.67
1790.04	0.11	13.61
1788.42	0.20	15.07
1791.94	0.00	9.96
1791.94	0.00	14.95
1906.04	0.00	60.63
1623.78	0.00	89.06
1905.77	0.00	34.36
282.44	0.00	137.13
1905.68	0.00	50.01
1905.68	0.00	50.21
1952.28	0.00	6.96
1952.28	0.00	7.87
1950.21	0.11	3.81
1952.28	0.00	7.42
1952.28	0.00	3.71
1952.28	0.00	6.51
2697.40	0.20	5.56
2702.70	0.00	3.99
2702.70	0.00	3.46
2699.40	0.12	4.55
2702.70	0.00	3.46
2702.70	0.00	3.46
1347.31	0.00	12.68
2020.96	0.00	6.57
2018.12	0.14	7.14
2020.96	0.00	7.55
2020.96	0.00	3.83
673.65	0.00	6.87
1950.21	0.11	7.42
1952.28	0.00	4.61
1952.28	0.00	4.61
1952.28	0.00	5.51
1952.28	0.00	4.16
1952.28	0.00	6.87
573.67	0.00	70.20
1522.43	0.00	45.87
2118.17	0.00	11.53
2093.16	0.14	22.26
551.61	0.00	68.50
551.61	0.00	68.04
1948.05	0.00	7.43
1945.32	0.14	4.73
1948.05	0.00	5.63
1948.05	0.00	6.53
1945.32	0.14	4.28
1948.05	0.00	4.62
2279.81	0.32	9.70
2287.17	0.00	4.00
2287.17	0.00	4.00
2287.17	0.00	8.03
2287.17	0.00	6.12
2285.09	0.09	7.23
2420.31	0.00	27.90
1913.57	0.00	45.62
2422.76	0.00	23.35
510.01	0.00	68.90
2416.94	0.11	22.50
2422.76	0.00	23.32
2482.37	0.00	21.70
2482.37	0.00	17.72
1796.82	0.00	26.47
691.08	0.00	33.00
2487.90	0.00	9.92
2478.89	0.14	9.30
1859.50	0.00	7.72
1857.54	0.11	4.81
1857.23	0.12	3.36
1854.93	0.25	5.48
1859.50	0.00	6.37
1859.50	0.00	7.27
1496.04	0.09	83.34
1494.66	0.18	82.30
1497.41	0.00	51.13
221.65	0.11	282.43
1275.57	0.00	140.10
1274.41	0.09	130.49
1815.87	0.23	10.61
1820.02	0.00	7.03
1820.02	0.00	4.01
1820.02	0.00	4.01
1820.02	0.00	9.49
1813.95	0.33	10.63
2189.78	0.00	6.96
2189.78	0.00	4.61
2189.78	0.00	5.51
2189.78	0.00	6.96
2187.47	0.11	4.26
2187.47	0.11	4.26
2723.15	0.00	11.93
2723.15	0.00	7.09
1361.57	0.00	9.67
2723.15	0.00	3.43
2723.15	0.00	6.87
1360.13	0.11	6.97
2125.15	0.00	10.56
2125.15	0.00	7.19
2125.15	0.00	7.64
2121.75	0.16	4.39
2122.90	0.11	4.38
2125.15	0.00	4.27
2805.01	0.00	32.81
2808.14	0.00	20.48
2319.91	0.00	48.05
2808.92	0.00	10.64
2806.76	0.08	11.09
488.58	0.09	56.70
1044.95	0.09	9.67
2091.81	0.00	7.09
2091.81	0.00	9.21
2091.81	0.00	7.76
1045.90	0.00	7.31
2091.81	0.00	7.99
2118.29	0.11	30.78
2119.81	0.00	34.00
2120.53	0.00	30.51
1673.53	0.00	44.26
449.40	0.11	57.00
2117.57	0.11	23.10
1950.21	0.11	10.28
1952.28	0.00	8.23
1952.28	0.00	7.69
1950.77	0.08	8.37
976.14	0.00	6.96
976.14	0.00	13.02
1234.83	0.00	32.97
1187.34	0.00	45.56
2327.18	0.00	28.54
1234.83	0.00	21.25
2422.16	0.00	11.94
1187.34	0.00	29.32
1110.64	0.00	80.27
1898.26	0.00	44.15
403.68	0.11	73.80
1894.54	0.20	31.12
788.26	0.00	99.11
1496.09	0.00	67.27
18000.00	0.00	0.45
0.00	100.00	0.00
0.00	100.00	0.00
0.00	100.00	0.00
0.00	100.00	0.00
0.00	100.00	0.00
869.82	0.11	78.20
1732.95	0.09	54.55
1741.49	0.00	46.60
1741.49	0.00	37.15
1748.45	0.00	20.12
870.74	0.00	85.05
2192.45	0.00	10.32
2190.46	0.09	7.17
2192.45	0.00	8.42
2192.45	0.00	4.15
2189.37	0.14	4.27
2192.45	0.00	7.52
0.00	100.00	0.00
2496.85	0.00	41.82
226.99	0.00	36.22
2267.09	0.12	39.07
2496.85	0.00	3.70
2496.85	0.00	7.41
755.24	0.00	69.54
1283.92	0.00	42.24
1888.11	0.00	26.92
1913.29	0.00	14.69
629.37	0.00	76.24
1888.11	0.00	27.52
2211.30	0.00	3.57
2206.59	0.21	6.91
2208.96	0.11	4.23
2204.67	0.30	6.26
2211.30	0.00	6.69
2209.30	0.09	7.34
1879.43	0.00	49.88
1886.97	0.00	41.97
943.49	0.00	57.04
1879.43	0.00	45.27
941.76	0.18	71.65
1877.13	0.12	31.13
1543.61	0.00	57.34
416.89	0.00	125.25
1143.29	0.00	70.32
1539.99	0.11	32.47
1539.46	0.14	34.12
1535.78	0.34	46.43
1295.46	0.11	35.24
1296.83	0.00	41.01
2591.31	0.09	7.59
1296.83	0.00	12.51
2593.66	0.00	3.35
2590.02	0.14	3.46
1916.69	0.00	35.66
2431.93	0.00	9.83
2431.93	0.00	9.92
515.24	0.00	43.22
2406.91	0.18	17.83
2427.81	0.00	9.56
2571.43	0.00	6.32
2571.43	0.00	4.51
2571.43	0.00	3.61
2571.43	0.00	3.61
2571.43	0.00	3.61
2571.43	0.00	3.61
3451.76	0.09	4.70
3454.89	0.00	4.61
3454.89	0.00	3.70
3454.89	0.00	2.71
3454.89	0.00	2.80
3454.89	0.00	4.06
1843.32	0.00	21.47
1841.37	0.11	13.23
919.85	0.20	18.65
1841.65	0.09	10.42
1843.32	0.00	10.03
920.37	0.14	9.38
1752.82	0.00	47.57
1383.81	0.00	50.85
371.47	0.14	68.16
1753.61	0.09	35.77
1752.82	0.00	27.20
1752.82	0.00	27.30
1096.22	0.00	14.81
1096.22	0.00	7.86
2192.45	0.00	4.15
2192.45	0.00	12.91
2190.46	0.09	8.41
2192.45	0.00	12.46
3000.02	0.00	15.26
1239.48	0.00	31.54
2999.98	0.00	28.97
449.20	0.00	161.45
1311.33	0.00	30.74
2553.77	0.00	82.74
2187.47	0.11	8.15
2189.78	0.00	6.01
1094.89	0.00	5.51
2189.78	0.00	8.59
1094.89	0.00	9.22
2189.78	0.00	4.16
2189.78	0.00	10.12
2187.10	0.12	7.33
2187.47	0.11	6.97
2189.78	0.00	7.42
2189.78	0.00	4.16
2189.78	0.00	4.16
2156.23	0.00	41.18
1781.74	0.00	72.72
2156.11	0.00	45.74
374.97	0.00	128.11
2156.11	0.00	31.38
2156.23	0.00	16.00
3600.00	0.00	6.32
3600.00	0.00	2.71
3600.00	0.00	2.71
3600.00	0.00	4.96
3600.00	0.00	6.32
3600.00	0.00	2.71
1451.31	0.00	49.74
1460.77	0.14	25.52
1439.79	0.00	57.08
2879.58	0.00	24.95
1438.27	0.11	22.07
2865.46	0.09	22.79
2036.29	0.00	30.72
2036.29	0.00	32.05
1594.07	0.00	51.82
2036.29	0.00	25.04
2036.29	0.00	25.13
431.48	0.11	59.51
2571.43	0.00	6.32
2571.43	0.00	6.32
2571.43	0.00	4.51
2571.43	0.00	3.16
2571.43	0.00	3.16
2571.43	0.00	5.86
1474.20	0.00	13.72
1474.20	0.00	10.56
1471.31	0.20	9.23
1474.20	0.00	11.92
1474.20	0.00	10.56
1474.20	0.00	5.96
2893.89	0.00	5.61
2890.83	0.11	2.91
2893.89	0.00	4.71
2893.89	0.00	2.81
2893.89	0.00	3.26
2893.89	0.00	2.81
1954.40	0.00	7.41
1954.40	0.00	4.61
1954.40	0.00	3.70
1954.40	0.00	3.70
1954.40	0.00	5.96
1952.62	0.09	6.96
2368.42	0.00	8.57
2368.42	0.00	7.49
2368.42	0.00	7.31
1894.74	0.00	8.12
2368.42	0.00	7.49
1894.74	0.00	10.94
1806.68	0.11	93.21
2189.85	0.00	43.10
2189.82	0.00	36.00
1808.61	0.00	19.14
2189.80	0.00	48.82
381.24	0.00	139.20
289.60	0.00	31.47
3185.58	0.00	32.56
1592.79	0.00	11.10
2895.99	4.76	34.49
1591.35	0.09	5.65
0.00	100.00	0.00
3000.00	0.00	4.96
3000.00	0.00	3.16
3000.00	0.00	2.26
3000.00	0.00	2.26
3000.00	0.00	4.06
3000.00	0.00	4.51
2605.26	0.00	12.30
2368.42	9.09	40.10
236.84	0.00	32.93
2605.26	0.00	10.62
2605.26	0.00	3.57
0.00	100.00	0.00
438.99	0.00	91.90
2068.41	0.00	26.58
2068.41	0.00	26.87
2068.55	0.00	27.73
1632.52	0.00	56.14
2062.21	0.30	27.95
1954.40	0.00	5.86
1954.40	0.00	4.51
1954.40	0.00	6.86
1954.40	0.00	5.41
1952.62	0.09	6.42
1954.40	0.00	7.31
453.69	0.00	102.26
2137.17	0.00	27.80
1686.66	0.00	65.73
2137.17	0.00	28.38
2137.31	0.00	31.11
2135.37	0.09	15.40
2993.33	0.00	24.36
3000.00	0.00	8.02
846.67	0.00	28.86
2993.33	0.00	14.82
2993.33	0.00	15.20
2166.67	0.00	24.12
951.80	0.00	46.43
2017.81	0.00	14.53
1979.74	0.00	14.85
950.79	0.11	54.68
1863.83	0.09	32.92
1903.59	0.00	26.03
1837.37	0.00	53.91
322.01	0.00	98.15
1517.91	0.00	72.41
1837.47	0.11	32.26
1518.35	0.11	72.06
319.67	0.09	110.23
2705.01	0.00	27.33
2704.09	0.00	21.23
2696.51	0.28	24.28
573.82	0.00	49.38
2131.19	0.00	39.97
2701.23	0.11	11.11
1762.98	0.00	11.56
1762.98	0.00	9.31
1761.38	0.09	8.86
1762.98	0.00	5.06
1762.98	0.00	9.21
1762.98	0.00	12.01
2974.17	0.00	21.31
2978.21	0.00	9.64
2347.23	0.00	31.27
630.31	0.11	42.39
2979.22	0.00	9.83
2973.16	0.00	17.28
1904.92	0.00	46.43
1900.24	0.25	36.00
331.72	0.00	126.31
1894.31	0.00	34.12
384.89	0.00	71.71
1509.53	0.00	95.30
2015.54	0.23	10.63
2017.37	0.14	7.60
2017.73	0.12	8.05
2020.20	0.00	8.49
2017.73	0.12	4.58
2014.14	0.30	8.62
2000.00	0.00	7.22
2000.00	0.00	4.51
2000.00	0.00	4.96
2000.00	0.00	4.06
2000.00	0.00	6.32
2000.00	0.00	3.61
1757.38	0.12	12.05
1759.53	0.00	9.68
1759.53	0.00	5.07
1759.53	0.00	5.07
1759.53	0.00	5.07
1759.53	0.00	9.23
2803.74	0.00	3.35
2803.74	0.00	1.35
2803.74	0.00	1.80
2800.31	0.12	2.36
2801.19	0.09	2.35
2801.19	0.09	2.90
2190.46	0.09	11.57
2192.45	0.00	4.15
1096.22	0.00	17.07
2192.45	0.00	14.04
2192.45	0.00	10.11
1096.22	0.00	13.82
2853.03	0.00	10.93
259.37	0.00	33.11
0.00	100.00	0.00
2593.66	0.00	34.13
2853.03	0.00	36.49
2588.18	0.21	7.09
975.44	0.00	131.29
974.41	0.11	96.06
1948.82	0.11	44.07
1952.45	0.00	23.76
1950.89	0.00	51.49
1950.89	0.00	44.75
1648.35	0.00	8.74
1643.40	0.30	5.40
1646.86	0.09	6.39
1648.35	0.00	4.83
1646.61	0.11	7.84
1648.35	0.00	5.38
403.32	0.09	100.65
1899.32	0.00	28.63
1898.68	0.00	42.04
1897.60	0.09	29.60
1496.92	0.00	65.31
1897.95	0.11	15.88
2181.82	0.00	6.99
2178.33	0.16	3.84
2181.82	0.00	3.72
2181.82	0.00	7.44
2179.15	0.12	3.83
2181.82	0.00	3.72
1988.00	0.00	48.82
421.27	0.14	90.02
1566.81	0.00	64.79
1988.68	0.00	34.53
1988.00	0.00	28.14
1988.68	0.00	15.02
2769.13	0.00	37.42
410.26	0.00	114.90
2358.37	0.00	74.82
2355.59	0.14	73.44
2768.64	0.00	14.64
410.24	0.00	95.20
411.94	0.00	103.73
1928.92	0.00	28.93
1929.57	0.00	15.27
1529.30	0.26	59.68
1125.36	0.23	70.40
799.17	0.23	91.25
1364.43	0.00	35.39
1364.43	0.00	31.49
1311.95	0.00	17.05
2676.38	0.00	10.84
1310.94	0.08	40.33
1364.43	0.00	21.34
18000.00	0.00	0.45
0.00	100.00	0.00
0.00	100.00	0.00
0.00	100.00	0.00
0.00	100.00	0.00
0.00	100.00	0.00
1762.98	0.00	11.02
1762.98	0.00	7.86
1761.38	0.09	11.57
1762.98	0.00	8.31
1762.98	0.00	4.61
1762.98	0.00	11.02
1287.04	0.00	77.47
1284.98	0.00	75.78
2569.96	0.00	34.73
1284.98	0.00	81.20
1284.98	0.00	65.86
2567.90	0.00	31.83
1601.42	0.00	8.23
1601.42	0.00	5.07
1599.18	0.14	8.80
1601.42	0.00	6.42
1601.42	0.00	4.17
1601.42	0.00	7.33
1175.66	0.00	82.36
2323.55	0.00	32.97
2330.34	0.11	18.61
1157.15	0.00	80.22
2314.29	0.00	45.85
2332.81	0.00	18.39
2990.07	0.00	32.13
3001.99	0.00	14.54
3001.99	0.00	14.77
1489.08	0.00	51.88
2990.07	0.00	27.41
1489.08	0.00	60.00
0.00	100.00	0.00
1980.00	0.00	57.00
1800.00	0.00	50.61
180.00	0.00	50.52
1980.00	0.00	4.55
1980.00	0.00	4.55
1824.17	0.00	50.28
1821.61	0.14	40.46
1824.17	0.00	39.97
1824.17	0.00	40.75
915.72	0.00	87.21
907.49	0.11	95.29
1720.31	0.14	40.83
2201.70	0.00	20.39
2201.70	0.00	20.39
2205.56	0.00	10.98
482.83	0.00	46.54
2182.38	0.00	26.50
2790.70	0.00	8.19
2790.70	0.00	3.36
2790.70	0.00	6.72
2790.70	0.00	6.72
2788.54	0.08	9.73
2786.23	0.16	3.48
2723.15	0.00	8.72
1361.57	0.00	9.22
2719.33	0.14	7.21
2723.15	0.00	3.43
1360.13	0.11	6.52
2723.15	0.00	6.64
1947.85	0.00	48.91
977.84	0.00	55.76
977.84	0.00	78.85
1947.85	0.00	51.18
1963.49	0.00	16.71
1954.16	0.08	17.14
1952.28	0.00	10.02
1952.28	0.00	6.77
1950.21	0.11	9.13
1950.21	0.11	4.16
1952.28	0.00	8.22
1952.28	0.00	4.61
1441.44	0.14	16.00
1443.46	0.00	17.99
1443.46	0.00	14.07
1443.46	0.00	14.97
1441.70	0.12	12.72
1443.46	0.00	12.71
3000.00	0.00	7.67
3000.00	0.00	6.32
3000.00	0.00	3.16
3000.00	0.00	7.67
3000.00	0.00	3.16
3000.00	0.00	5.86
4500.00	0.00	2.26
2250.00	0.00	5.86
2250.00	0.00	7.67
2250.00	0.00	6.77
4500.00	0.00	4.96
2250.00	0.00	8.12
1854.98	0.14	7.76
1857.59	0.00	4.73
1855.90	0.09	5.73
1857.59	0.00	6.63
1857.59	0.00	4.82
1854.98	0.14	4.94
1057.27	0.11	80.25
2122.99	0.11	36.27
1058.39	0.00	89.62
1066.85	0.00	50.89
2133.70	0.00	20.23
2142.17	0.00	19.93
1952.28	0.00	12.03
1950.21	0.11	11.70
1952.28	0.00	4.61
1952.28	0.00	9.22
1949.54	0.14	4.73
1952.28	0.00	9.22
2571.43	0.00	8.57
2571.43	0.00	6.32
2571.43	0.00	3.61
2571.43	0.00	8.12
2571.43	0.00	3.61
2571.43	0.00	4.06
3314.92	0.00	2.90
3314.92	0.00	2.90
3308.41	0.20	5.72
3314.92	0.00	2.90
3314.92	0.00	2.90
3314.92	0.00	2.90
2139.13	0.11	44.21
455.14	0.00	90.12
2141.39	0.00	25.80
1684.14	0.21	59.66
2142.12	0.00	13.57
2141.39	0.00	26.33
3143.53	0.11	7.75
9000.00	0.00	2.71
3146.85	0.00	31.87
3146.85	0.00	3.03
0.00	100.00	0.00
1573.43	0.00	8.42
2893.89	0.00	7.69
2893.89	0.00	6.24
1446.95	0.00	8.32
2890.83	0.11	6.57
1446.95	0.00	6.41
2893.89	0.00	6.24
1761.60	0.00	45.29
1752.96	0.09	49.20
880.80	0.00	62.13
1754.55	0.00	33.23
1761.60	0.00	18.38
880.80	0.00	76.04
2012.82	0.00	55.28
2553.90	0.00	22.29
2553.90	0.00	22.38
541.37	0.11	52.43
2554.77	0.00	11.38
2553.04	0.00	21.32
1604.28	0.00	11.48
1604.28	0.00	8.22
1604.28	0.00	10.47
1604.28	0.00	12.83
1602.58	0.11	9.68
1604.28	0.00	5.06
2191.82	0.00	34.93
2191.67	0.00	38.76
2191.67	0.00	41.63
465.00	0.00	84.36
2191.97	0.00	13.88
1729.80	0.00	56.39
1603.14	0.00	84.64
1603.14	0.00	89.65
801.57	0.00	123.08
801.57	0.00	144.32
1603.14	0.00	51.59
1601.44	0.11	52.77
2696.98	0.00	29.16
1477.48	0.00	41.73
2693.20	0.14	12.52
1464.42	0.09	47.27
2694.13	0.11	12.79
2685.25	0.00	22.60
1994.46	0.00	4.30
1994.46	0.00	7.37
1990.81	0.18	11.28
997.23	0.00	6.14
1994.46	0.00	10.48
996.33	0.09	8.05
507.23	0.11	60.32
846.27	0.00	49.23
846.27	0.00	56.70
2162.69	0.00	19.22
2181.50	0.00	10.31
2179.82	0.08	20.42
2489.63	0.00	8.42
2485.64	0.16	7.54
2489.63	0.00	6.06
2489.63	0.00	6.06
2489.63	0.00	6.51
2484.33	0.21	7.08
2796.12	0.11	32.43
486.97	0.09	89.36
2799.05	0.00	42.04
2799.08	0.00	12.73
2799.05	0.00	24.63
2312.29	0.00	55.52
1954.40	0.00	7.76
1952.62	0.09	5.06
1954.40	0.00	4.15
1954.40	0.00	4.15
1954.40	0.00	4.15
1954.40	0.00	7.31
1416.81	0.00	91.66
1714.96	0.14	35.07
1716.89	0.00	50.29
1715.44	0.14	18.64
1717.37	0.00	35.30
298.34	0.11	137.04
0.00	100.00	0.00
1296.83	0.00	12.42
0.00	100.00	0.00
2593.66	0.00	42.38
2590.92	0.11	37.99
2593.66	0.00	3.53
1569.31	0.00	11.80
1569.31	0.00	9.78
1569.31	0.00	9.33
1569.31	0.00	5.63
1565.14	0.27	10.02
1569.31	0.00	13.15
1543.08	0.00	36.55
771.54	0.00	42.69
1543.08	0.00	35.38
770.84	0.09	56.50
1419.63	0.00	28.40
1388.77	0.00	36.10
3535.08	0.09	31.13
1734.05	0.00	23.46
3081.77	0.00	72.83
3538.26	0.00	38.11
1804.27	0.00	23.26
456.55	0.00	118.77
2189.78	0.00	5.96
2189.78	0.00	3.16
2187.47	0.11	5.07
2189.78	0.00	4.51
2189.78	0.00	3.71
2189.78	0.00	6.87
1948.05	0.00	11.15
1945.32	0.14	8.00
1948.05	0.00	7.89
1948.05	0.00	8.79
1948.05	0.00	8.34
1948.05	0.00	4.62
2420.98	0.00	10.46
1210.49	0.00	8.06
1210.49	0.00	11.41
2420.98	0.00	8.16
1207.70	0.23	11.34
2418.79	0.09	3.90
1852.05	0.00	40.90
1461.65	0.00	70.57
392.50	0.11	98.48
1850.24	0.09	48.20
1849.09	0.16	16.27
1851.92	0.00	47.69
2571.43	0.00	4.96
2571.43	0.00	5.86
2571.43	0.00	4.06
2571.43	0.00	4.96
2571.43	0.00	4.51
2571.43	0.00	5.86
2481.80	0.00	31.53
1030.23	0.00	78.02
525.63	0.00	90.22
2498.62	0.00	13.10
2498.62	0.00	13.19
1450.73	0.00	42.99
1800.00	0.00	11.73
1800.00	0.00	9.47
1800.00	0.00	7.67
1800.00	0.00	8.57
1800.00	0.00	4.96
1800.00	0.00	9.02
1648.86	0.09	43.12
1650.36	0.00	32.69
347.42	0.00	97.54
1643.19	0.30	31.54
1648.14	0.00	31.24
1303.50	0.00	66.69
2650.73	0.00	28.67
2650.73	0.00	27.15
2093.81	0.00	13.70
2649.84	0.00	21.46
2092.92	0.00	39.44
557.81	0.00	69.47
2970.87	0.00	23.66
1514.56	0.00	31.23
1456.31	0.00	40.60
3029.13	0.00	11.06
3029.13	0.00	11.28
2970.87	0.00	10.39
2893.89	0.00	6.06
2893.89	0.00	3.26
2890.83	0.11	3.36
2893.89	0.00	3.26
2889.83	0.14	3.37
2893.89	0.00	3.26
2925.12	0.00	59.59
3886.40	0.00	16.30
344.10	0.00	86.16
2991.74	0.00	47.37
630.39	0.00	52.45
344.10	0.00	96.54
0.00	100.00	0.00
2047.99	0.00	11.97
2047.99	0.00	13.39
1856.59	9.35	50.61
2045.12	0.14	4.57
186.18	0.00	49.13
1996.27	0.00	44.90
426.81	0.00	70.60
1576.18	0.00	63.84
426.81	0.00	63.94
1999.63	0.00	33.83
1562.73	0.00	57.84
2034.08	0.11	44.51
354.08	0.14	119.97
1682.11	0.00	78.30
2036.21	0.00	32.55
2033.74	0.12	17.43
2036.21	0.00	50.54
1069.94	0.23	42.45
2103.53	0.00	27.05
2186.02	0.00	15.02
1031.14	0.00	49.45
1072.39	0.00	41.28
1030.05	0.11	52.12
1409.86	0.00	91.97
1406.86	0.21	92.95
208.87	0.00	340.90
1409.86	0.00	84.20
1199.92	0.09	139.63
1201.01	0.00	137.94
1945.32	0.14	11.17
1948.05	0.00	8.79
1948.05	0.00	8.79
1948.05	0.00	9.24
1948.05	0.00	12.50
1948.05	0.00	9.24
3272.73	0.00	4.96
3272.73	0.00	5.86
1636.36	0.00	3.61
1636.36	0.00	3.16
3272.73	0.00	4.96
3272.73	0.00	2.93
2646.53	0.00	20.30
2089.37	0.00	34.56
2646.53	0.00	17.14
561.66	0.00	39.70
2664.50	0.00	9.22
2646.53	0.00	17.90
1446.95	0.00	23.91
2890.83	0.11	15.27
2924.68	0.00	8.04
2124.24	0.00	22.09
1385.37	0.00	25.33
800.44	0.00	28.19
358.90	0.00	167.48
1689.51	0.11	37.08
1689.77	0.09	39.02
1691.30	0.00	39.15
1691.30	0.00	37.55
1334.69	0.00	91.19
187.05	0.00	51.48
0.00	100.00	0.00
0.00	100.00	0.00
1865.55	9.33	50.51
2057.57	0.00	53.74
2053.53	0.20	9.01
1576.18	0.00	12.56
1576.18	0.00	8.31
1574.75	0.09	8.86
1571.45	0.30	8.11
1574.75	0.09	11.67
1576.18	0.00	10.30
1543.45	0.00	44.20
2482.04	0.00	31.75
1439.17	0.00	45.76
542.29	0.00	52.92
2461.18	0.00	26.47
1522.60	0.00	38.62
1771.54	0.30	8.15
1776.90	0.00	5.01
1774.41	0.14	3.56
1776.90	0.00	5.91
1771.92	0.28	7.05
1776.90	0.00	4.36
1932.77	0.00	51.60
958.72	0.00	100.69
1917.43	0.00	54.70
1925.10	0.00	41.57
973.17	0.09	82.63
1923.07	0.11	44.84
1330.51	0.00	88.50
1685.88	0.00	34.29
357.66	0.00	105.82
1681.62	0.25	33.10
1685.77	0.00	32.79
1684.47	0.09	17.88
1690.19	0.09	8.70
1691.73	0.00	8.24
1691.73	0.00	5.34
1688.41	0.20	6.45
1691.73	0.00	4.80
1691.73	0.00	7.79
1452.23	0.28	14.86
1456.31	0.00	5.58
1452.99	0.23	10.38
1456.31	0.00	5.58
1456.31	0.00	13.73
1453.45	0.20	11.82
2898.55	0.00	6.96
2898.55	0.00	3.25
2898.55	0.00	6.96
2898.55	0.00	3.25
2898.55	0.00	6.05
2895.92	0.09	6.06
1418.44	0.00	10.89
1418.44	0.00	9.98
1416.94	0.11	10.44
1414.67	0.27	11.03
1416.94	0.11	11.46
1418.44	0.00	10.89
1293.23	0.00	54.43
2562.33	0.14	33.45
1282.97	0.00	62.40
2572.07	0.16	15.76
2576.19	0.00	15.54
2565.93	0.00	28.10
1520.27	0.00	12.03
1518.89	0.09	13.49
1519.10	0.08	8.68
1520.27	0.00	5.24
1520.27	0.00	9.04
1517.28	0.20	12.05
1035.34	0.26	11.87
2074.24	0.09	11.25
2076.12	0.00	13.14
1034.77	0.32	15.24
2073.21	0.14	4.48
2076.12	0.00	4.36
1954.40	0.00	10.11
1954.40	0.00	4.15
1954.40	0.00	8.21
1954.40	0.00	7.76
1954.40	0.00	4.61
1952.62	0.09	8.32
1193.27	0.23	73.47
1158.95	0.00	54.24
1158.95	0.00	69.56
2317.89	0.00	35.04
2317.89	0.00	31.61
1158.95	0.00	62.91
1954.40	0.00	10.11
1954.40	0.00	10.11
1954.40	0.00	6.86
1952.62	0.09	8.77
1954.40	0.00	4.61
1954.40	0.00	4.61
1966.14	0.00	12.07
983.07	0.00	8.16
1962.28	0.20	9.10
1966.14	0.00	9.16
980.83	0.23	8.64
983.07	0.00	12.07
4261.41	0.00	14.36
1202.66	0.00	21.75
3077.68	0.00	18.57
4261.41	0.00	6.36
4256.90	0.11	6.64
4248.66	0.08	11.84
2439.53	0.00	14.88
424.80	0.00	118.19
2442.17	0.00	29.00
2442.22	0.00	15.25
2437.57	0.08	28.23
2015.23	0.00	59.56
1471.44	0.11	13.85
1473.00	0.00	10.77
1473.00	0.00	10.12
1473.00	0.00	10.57
1473.00	0.00	11.02
1473.00	0.00	13.93
2000.00	0.00	6.77
2000.00	0.00	4.96
2000.00	0.00	7.67
2000.00	0.00	3.61
2000.00	0.00	5.86
2000.00	0.00	4.06
1757.81	0.00	7.78
1757.81	0.00	4.51
1755.35	0.14	5.08
1757.81	0.00	5.97
1757.81	0.00	4.62
1757.81	0.00	4.62
2486.19	0.00	5.97
2486.19	0.00	6.42
2486.19	0.00	3.16
2486.19	0.00	3.16
2486.19	0.00	3.16
2482.70	0.14	5.53
3417.30	0.14	28.03
3435.74	0.00	13.01
1731.50	0.00	47.65
3449.37	0.00	13.41
1704.24	0.00	55.50
3394.84	0.00	28.94
2552.32	0.00	36.44
1393.19	0.00	61.80
2563.47	0.00	25.74
2552.32	0.00	23.64
1393.19	0.00	36.54
3678.02	0.00	10.42
2886.10	0.00	19.23
2278.50	0.00	31.58
2882.57	0.12	18.72
2891.00	0.00	8.58
2886.10	0.00	17.96
612.50	0.00	36.88
306.24	0.12	29.88
3063.40	4.85	33.69
1686.40	0.00	8.23
1684.03	0.14	5.38
3372.80	0.00	5.72
3372.80	0.00	7.22
2188.92	0.14	28.40
1579.60	0.00	46.23
2184.82	0.11	22.11
2191.99	0.00	11.96
612.40	0.00	40.58
2182.27	0.00	20.25
1119.03	0.00	40.62
2151.98	0.00	23.10
1075.99	0.00	52.91
2192.70	0.11	13.68
2195.02	0.00	13.61
2195.02	0.00	13.61
1449.28	0.00	9.40
1447.74	0.11	5.26
1448.16	0.08	6.25
1449.28	0.00	7.15
1449.28	0.00	8.05
1449.28	0.00	5.60
2218.65	0.00	31.14
2218.65	0.00	34.57
1205.79	0.00	40.15
1205.79	0.00	55.94
2209.00	0.00	25.36
2209.00	0.00	38.41
1875.00	0.00	7.67
3000.00	0.00	7.67
1875.00	0.00	10.56
3750.00	0.00	2.62
3000.00	0.00	6.54
3000.00	0.00	7.78
1727.45	0.00	8.50
1727.45	0.00	5.15
1727.45	0.00	8.50
1725.88	0.09	4.35
1725.88	0.09	7.15
1727.45	0.00	8.05
1136.36	0.00	11.39
2272.73	0.00	4.02
2272.73	0.00	4.02
2268.61	0.18	11.78
2272.73	0.00	12.66
1136.36	0.00	7.60
1847.53	0.00	42.40
934.98	0.00	58.01
934.98	0.00	73.24
1869.97	0.00	40.30
1830.90	0.09	42.59
1857.26	0.28	35.88
1019.40	0.11	66.09
1012.38	0.00	76.32
2022.61	0.11	39.31
2032.85	0.00	18.14
2010.27	0.32	49.79
2022.92	0.09	33.90
2000.00	0.00	9.92
2000.00	0.00	10.38
2000.00	0.00	8.57
2000.00	0.00	4.51
2000.00	0.00	4.06
2000.00	0.00	8.12
2571.43	0.00	6.32
2571.43	0.00	3.16
2571.43	0.00	3.16
2571.43	0.00	3.16
2571.43	0.00	5.86
2571.43	0.00	3.61
1762.27	0.12	47.63
1771.49	0.00	47.58
882.21	0.00	103.00
1764.43	0.00	37.88
1764.43	0.00	40.31
879.42	0.32	68.84
2191.91	0.00	40.72
2174.44	0.00	41.20
1100.32	0.00	63.08
1091.59	0.00	73.81
2189.59	0.11	17.24
2183.17	0.00	31.47
2127.66	0.00	11.28
1063.83	0.00	55.21
1062.70	0.11	12.02
1063.83	0.00	8.19
1061.04	0.26	49.16
1063.83	0.00	15.72
3430.29	0.14	6.95
3435.11	0.00	7.73
1145.04	0.00	10.36
1145.04	0.00	7.54
1145.04	0.00	6.75
12595.42	0.00	1.10
1913.88	0.00	30.29
535.89	0.00	44.62
1378.57	0.27	40.90
1913.88	0.00	28.18
1913.88	0.00	12.37
1909.62	0.00	22.82
836.05	0.00	72.10
1672.09	0.00	48.73
1665.40	0.00	52.04
1672.09	0.00	39.83
1676.42	0.14	22.48
836.05	0.00	87.66
2738.66	0.00	34.09
1363.88	0.00	33.03
1361.96	0.14	36.72
1373.54	0.09	50.38
2721.45	0.23	27.19
1363.88	0.00	56.85
2192.45	0.00	8.13
2190.46	0.09	5.66
2192.45	0.00	6.28
1096.22	0.00	7.41
2192.45	0.00	6.96
1096.22	0.00	5.60
2359.53	0.00	29.01
1201.63	0.11	35.03
1156.63	0.00	38.04
1156.63	0.00	30.17
2452.06	0.00	13.38
1156.63	0.00	43.10
2190.38	0.00	31.67
628.49	0.11	37.00
1163.86	0.11	28.43
2188.06	0.11	32.62
2210.97	0.12	10.60
1048.58	0.00	42.96
2220.85	0.00	14.27
2220.85	0.00	10.79
2220.85	0.00	8.26
1109.42	0.09	8.32
1110.43	0.00	11.47
1110.43	0.00	12.01
1360.13	0.11	10.13
2723.15	0.00	10.52
2723.15	0.00	8.49
1361.57	0.00	8.67
1361.57	0.00	10.57
1361.57	0.00	9.67
1029.71	0.00	59.01
1796.01	0.00	35.84
2785.81	0.00	24.40
2634.15	0.00	10.42
2626.16	0.00	19.02
2634.15	0.00	10.94
1823.33	0.12	10.11
1821.97	0.20	8.56
1824.15	0.08	11.55
1825.56	0.00	4.90
1825.56	0.00	4.90
1825.56	0.00	4.90
1475.41	0.00	8.66
1475.41	0.00	35.82
2950.82	0.00	8.26
1475.41	0.00	9.20
1475.41	0.00	12.36
1474.27	0.08	36.75
18000.00	0.00	0.45
18000.00	0.00	0.45
0.00	100.00	0.00
0.00	100.00	0.00
0.00	100.00	0.00
0.00	100.00	0.00
1513.96	0.00	100.13
319.13	0.00	148.41
1833.08	0.00	36.05
1833.08	0.00	36.28
1503.75	0.00	35.52
1832.69	0.00	18.22
1542.42	0.00	12.88
1540.25	0.14	8.64
1540.79	0.11	9.19
1542.42	0.00	5.26
1542.42	0.00	9.53
1541.02	0.09	12.90
2021.15	0.00	31.23
2560.42	0.00	22.06
566.47	0.00	37.89
2564.95	0.00	15.94
2574.02	0.00	8.84
2560.42	0.00	22.65
1636.36	0.00	12.18
1636.36	0.00	4.96
1636.36	0.00	8.12
1636.36	0.00	8.57
1636.36	0.00	9.02
1636.36	0.00	12.18
4312.11	0.00	9.82
750.95	0.00	73.07
4311.82	0.00	18.46
4312.01	0.00	9.58
3562.07	0.00	43.55
4311.96	0.00	18.38
1947.78	0.12	9.80
1950.16	0.00	6.52
1950.16	0.00	6.97
1950.16	0.00	8.78
1950.16	0.00	9.68
1950.16	0.00	8.78
2161.10	0.00	11.27
0.00	100.00	0.00
1964.64	0.00	45.42
2159.14	0.09	8.52
2161.10	0.00	47.26
196.46	0.00	41.78
2898.55	0.00	7.41
1449.28	0.00	7.95
2895.92	0.09	10.54
2898.55	0.00	3.25
1449.28	0.00	9.31
2898.55	0.00	3.25
442.13	0.00	107.71
2078.53	0.20	30.98
1643.66	0.00	70.86
2082.82	0.00	15.32
2082.68	0.00	29.43
2082.68	0.00	30.96
1321.59	0.00	36.86
1321.59	0.00	49.15
1318.99	0.20	13.32
2635.72	0.28	7.28
2643.17	0.00	3.52
1319.97	0.12	6.71
2293.92	0.11	25.82
1500.28	0.00	37.86
918.54	0.00	42.40
2265.73	0.00	19.43
762.99	0.32	51.28
2870.02	0.28	19.78
1596.30	0.11	57.94
802.20	0.00	66.50
802.20	0.00	84.49
1604.40	0.00	19.70
1597.99	0.00	61.11
1597.99	0.00	35.88
2157.04	0.00	54.34
452.96	0.21	100.68
2157.04	0.00	25.18
2157.04	0.00	14.69
2609.51	0.00	34.51
2610.97	0.00	24.67
1952.28	0.00	6.32
1952.28	0.00	3.16
1948.44	0.20	7.33
1952.28	0.00	3.16
1952.28	0.00	5.41
1952.28	0.00	6.32
2266.76	0.26	6.72
2272.73	0.00	3.02
2267.55	0.23	5.25
2272.73	0.00	3.57
2272.73	0.00	3.57
2272.73	0.00	6.14
838.41	0.12	130.88
390.14	0.00	110.71
1400.93	0.00	97.44
1850.76	0.11	70.46
390.14	0.00	114.87
1850.45	0.12	72.29
1595.56	0.23	51.47
429.29	0.14	67.86
2026.95	0.11	28.09
2026.24	0.14	12.10
2029.09	0.00	11.92
2029.09	0.00	26.78
327.63	0.00	149.21
1879.26	0.11	36.44
1881.22	0.00	52.44
1881.24	0.00	38.21
1881.27	0.00	45.67
1554.08	0.00	92.26
2203.18	0.00	8.78
1101.59	0.00	4.71
2200.85	0.11	3.96
2198.16	0.23	7.16
1101.59	0.00	4.26
2203.18	0.00	4.14
2893.89	0.00	7.42
2893.89	0.00	3.71
2893.89	0.00	5.51
2890.83	0.11	5.62
2893.89	0.00	6.06
2893.89	0.00	7.87
2445.98	0.00	22.56
943.19	0.00	43.47
4430.14	0.00	18.86
3498.58	0.14	25.42
4439.17	0.00	7.24
1840.81	0.11	14.30
2191.86	0.00	37.13
2191.86	0.00	29.09
465.27	0.00	100.98
2191.71	0.00	28.04
2191.71	0.00	48.62
1729.71	0.00	67.67
226.96	0.00	39.93
2496.53	0.00	9.76
0.00	100.00	0.00
2269.58	9.09	41.38
2494.27	0.09	3.80
2496.53	0.00	7.41
2489.63	0.00	8.93
1244.81	0.00	17.76
2489.63	0.00	7.43
1243.68	0.09	12.25
2489.63	0.00	7.47
1242.82	0.16	7.10
1377.37	0.00	39.54
1485.47	0.14	18.46
2809.83	0.00	10.22
1374.23	0.23	26.19
1377.37	0.00	15.59
2699.64	0.00	16.30
1226.70	0.00	42.58
1827.54	0.00	31.21
1852.57	0.00	28.80
625.87	0.00	60.90
1827.54	0.00	32.29
726.01	0.00	27.22
1221.41	0.00	57.04
1645.03	0.00	52.37
2082.76	0.00	22.94
864.87	0.00	78.71
2078.98	0.18	23.85
441.26	0.00	68.08
0.00	100.00	0.00
2774.68	0.27	37.14
0.00	100.00	0.00
0.00	100.00	0.00
2782.07	0.00	3.37
2782.07	0.00	36.48
2379.57	0.00	30.49
3007.66	0.00	18.29
638.30	0.00	42.85
2992.34	0.00	16.74
2987.23	0.00	23.90
2992.34	0.00	7.79
2568.98	0.00	22.05
1855.38	0.00	33.14
713.61	0.00	44.21
2574.69	0.00	10.13
2563.27	0.00	17.46
2568.98	0.00	9.77
2125.05	0.00	34.90
2127.19	0.00	20.84
271.24	0.00	99.57
1374.84	0.20	63.56
961.08	0.00	20.77
480.54	0.00	77.21
2493.74	0.00	31.28
2476.94	0.00	23.24
1968.96	0.00	44.29
525.06	0.11	54.69
524.78	0.00	69.56
1952.17	0.00	51.05
309.12	0.00	24.91
3400.31	0.00	5.68
2472.95	0.00	28.42
3400.31	0.00	5.68
308.74	0.12	27.31
309.12	0.00	29.43
2450.65	0.00	11.00
1225.32	0.00	7.08
1224.21	0.09	6.73
2447.21	0.14	3.88
2450.65	0.00	3.76
2450.65	0.00	9.26
3000.00	0.00	3.16
3000.00	0.00	5.41
3000.00	0.00	3.16
3000.00	0.00	5.86
3000.00	0.00	3.16
3000.00	0.00	5.41
2189.78	0.00	8.32
2189.78	0.00	6.96
2189.78	0.00	7.42
2189.78	0.00	7.87
2189.78	0.00	6.41
2187.47	0.11	6.97
2130.45	0.11	5.17
2130.45	0.11	4.16
2132.70	0.00	4.06
2132.70	0.00	3.26
2132.70	0.00	5.61
2132.70	0.00	6.51
2486.50	0.00	9.80
2260.45	4.76	39.12
2486.50	0.00	3.72
225.64	0.18	40.79
1243.25	0.00	14.20
1241.94	0.11	10.71
841.54	0.00	45.52
701.28	0.00	37.43
1933.50	0.11	20.01
700.54	0.11	48.30
1935.54	0.00	29.88
1262.31	0.00	32.96
3924.62	0.14	2.63
3930.13	0.00	2.52
3930.13	0.00	2.52
1965.07	0.00	6.28
3925.33	0.12	5.09
1962.99	0.11	5.39
1498.70	0.00	84.87
1499.90	0.00	69.47
1498.70	0.00	74.04
749.95	0.00	105.11
1498.70	0.00	49.66
749.95	0.00	125.86
1125.00	0.00	12.18
2250.00	0.00	12.18
1125.00	0.00	11.28
2250.00	0.00	8.12
2250.00	0.00	8.35
2250.00	0.00	9.47
1096.31	0.00	63.32
1087.61	0.00	74.09
2183.93	0.00	16.85
2183.93	0.00	42.91
2166.53	0.00	41.44
2180.43	0.16	18.25
2790.70	0.00	8.38
2787.29	0.12	3.47
2790.70	0.00	3.36
2790.70	0.00	8.28
2787.75	0.11	3.46
2790.70	0.00	6.27
2493.07	0.00	8.32
2493.07	0.00	3.26
2490.44	0.11	6.07
2493.07	0.00	3.26
2493.07	0.00	3.26
2493.07	0.00	8.32
0.00	100.00	0.00
0.00	100.00	0.00
3236.88	0.00	29.69
2939.51	9.19	28.88
294.26	0.00	27.12
3229.21	0.24	6.20
2160.20	0.09	15.49
1079.76	0.12	13.14
2162.16	0.00	8.64
1081.08	0.00	13.12
1081.08	0.00	12.22
1081.08	0.00	15.47
2492.46	0.00	43.07
1244.91	0.11	65.99
1246.23	0.00	78.72
2490.47	0.00	32.27
2490.47	0.00	52.88
2492.46	0.00	17.64
3535.71	0.00	6.97
321.43	0.00	27.97
3535.71	0.00	2.75
3214.29	0.00	33.88
3535.71	0.00	5.54
0.00	100.00	0.00
2187.47	0.11	11.14
2189.78	0.00	8.32
2189.78	0.00	4.16
2189.78	0.00	12.03
2187.79	0.09	8.87
2189.78	0.00	4.16
1600.83	0.00	77.02
1602.11	0.00	64.00
1599.86	0.14	50.41
801.05	0.00	97.69
801.05	0.00	127.43
1595.70	0.00	63.98
1069.22	0.00	87.02
2104.77	0.00	47.14
1052.39	0.00	87.06
1052.39	0.00	56.39
2121.61	0.00	19.47
1052.39	0.00	46.46
2000.00	0.00	12.18
181.82	0.00	49.62
2000.00	0.00	15.79
2000.00	0.00	54.13
1818.18	0.00	47.32
0.00	100.00	0.00
1134.55	0.00	40.19
2269.09	0.00	12.02
1089.76	0.11	48.86
2181.82	0.00	22.53
2225.45	0.00	12.92
2181.82	0.00	23.43
3000.00	0.00	2.71
3000.00	0.00	4.96
3000.00	0.00	2.71
3000.00	0.00	2.71
3000.00	0.00	2.71
3000.00	0.00	5.41
1960.55	0.00	45.55
413.27	0.00	80.30
1961.21	0.00	34.41
1550.58	0.00	58.91
1947.98	0.00	26.13
1947.32	0.00	38.10
1651.80	0.11	52.19
2352.79	0.24	17.73
384.55	0.00	77.56
333.27	0.00	58.57
2345.74	0.00	16.59
1766.43	0.14	34.25
0.00	100.00	0.00
2055.43	0.00	48.31
2055.43	0.00	49.90
2053.57	0.09	8.91
1863.98	0.25	48.64
0.00	100.00	0.00
1810.88	0.00	63.37
2188.91	0.00	34.44
2189.52	0.00	13.91
2184.01	0.20	39.22
2182.34	0.30	30.41
380.78	0.08	106.36
18000.00	0.00	0.45
0.00	100.00	0.00
0.00	100.00	0.00
0.00	100.00	0.00
0.00	100.00	0.00
0.00	100.00	0.00
2324.58	0.09	28.19
2347.60	0.00	18.63
1699.27	0.00	29.41
2347.60	0.00	23.40
2350.34	0.11	10.66
653.56	0.00	35.23
2186.59	0.00	38.71
1093.29	0.00	51.81
1093.29	0.00	64.39
2184.28	0.11	16.08
2186.59	0.00	15.96
2186.59	0.00	16.19
778.70	0.00	68.29
2363.43	0.00	47.09
3424.83	0.12	13.49
341.54	0.00	60.33
3429.02	0.00	16.30
3434.49	0.00	6.99
1132.08	0.00	15.60
1132.08	0.00	10.89
3396.23	0.00	5.65
2258.99	0.23	11.97
1132.08	0.00	13.60
3396.23	0.00	2.84
3200.11	0.28	23.86
2650.42	0.00	42.19
3204.64	0.00	26.40
3205.53	0.00	18.39
3206.43	0.00	9.74
558.69	0.00	50.60
2571.53	0.00	28.90
2571.53	0.00	22.85
2123.84	0.00	59.91
447.69	0.00	77.59
2570.10	0.00	11.55
2567.95	0.00	31.22
744.71	0.00	75.18
1298.91	0.00	47.62
1899.29	0.00	23.48
1905.07	0.00	13.33
1899.29	0.00	24.17
1899.29	0.00	24.68
3360.15	0.00	19.93
2658.71	0.00	33.35
3252.67	0.00	8.43
3354.49	0.00	15.50
707.10	0.00	51.43
3360.15	0.00	8.26
1384.62	0.00	39.70
1384.62	0.00	39.25
2769.23	0.00	6.54
2769.23	0.00	6.54
1384.62	0.00	5.86
2769.23	0.00	6.54
0.00	100.00	0.00
1837.67	0.00	5.10
1833.79	0.21	58.81
0.00	100.00	0.00
916.74	0.23	14.69
1835.09	0.14	54.23
1600.00	0.00	14.66
1600.00	0.00	11.50
1600.00	0.00	11.05
1600.00	0.00	8.80
3194.88	0.16	3.11
3200.00	0.00	2.99
3576.22	0.00	33.68
1752.37	0.00	50.83
461.54	0.00	117.12
1823.85	0.00	24.56
3108.50	0.22	71.61
3576.22	0.00	13.57
1908.80	0.00	11.31
1907.07	0.09	8.97
1906.78	0.11	4.81
1908.80	0.00	4.70
1906.78	0.11	4.81
1908.80	0.00	8.96
1800.00	0.00	5.41
1800.00	0.00	6.77
3600.00	0.00	2.71
1800.00	0.00	4.96
3600.00	0.00	5.19
3600.00	0.00	5.19
1952.28	0.00	4.16
1952.28	0.00	10.12
1950.21	0.11	8.88
1952.28	0.00	9.22
1952.28	0.00	7.42
1952.28	0.00	9.77
1714.29	0.00	18.04
1714.29	0.00	62.93
857.14	0.00	15.79
1714.29	0.00	16.92
857.14	0.00	9.92
0.00	100.00	0.00
2769.23	0.00	41.50
0.00	100.00	0.00
1384.62	0.00	9.57
0.00	100.00	0.00
2769.23	0.00	36.48
2769.23	0.00	3.43
1672.36	0.00	46.66
3305.22	0.00	28.91
1644.53	0.09	57.04
3305.22	0.00	28.91
3301.72	0.11	12.90
3318.39	0.00	13.35
2117.65	0.00	10.15
1058.82	0.00	10.83
2117.65	0.00	10.15
2117.65	0.00	4.51
1058.82	0.00	10.38
2117.65	0.00	4.51
2486.19	0.00	6.53
2486.19	0.00	3.27
2486.19	0.00	5.63
2486.19	0.00	3.27
2482.70	0.14	3.38
2486.19	0.00	3.27
1944.75	0.00	57.40
1952.53	0.00	47.50
980.15	0.00	55.75
972.38	0.00	48.22
971.49	0.09	90.33
979.27	0.09	67.95
1586.52	0.00	67.02
2439.49	0.00	22.07
426.48	0.00	90.57
2439.49	0.00	23.43
494.72	0.00	60.33
2437.27	0.09	11.43
0.00	100.00	0.00
2989.13	0.00	6.34
2717.39	9.09	33.50
271.36	0.14	30.48
2989.13	0.00	33.50
0.00	100.00	0.00
405.92	0.00	100.65
1912.22	0.00	28.79
1912.22	0.00	29.08
1509.54	0.00	61.38
1911.26	0.08	33.30
1912.09	0.00	41.47
921.75	0.00	65.91
921.75	0.00	86.41
1840.92	0.14	35.87
1843.51	0.00	37.68
1836.13	0.00	49.82
1850.88	0.00	20.43
263.89	0.00	34.43
0.00	100.00	0.00
2902.80	0.00	34.47
1451.40	0.00	9.38
2902.80	0.00	3.25
2638.91	4.76	39.13
1500.00	0.00	8.57
3000.00	0.00	6.32
3000.00	0.00	6.99
1500.00	0.00	6.32
1500.00	0.00	5.86
1500.00	0.00	7.67
3000.00	0.00	4.06
3000.00	0.00	5.86
3000.00	0.00	4.51
3000.00	0.00	5.86
3000.00	0.00	3.16
3000.00	0.00	3.16
1971.52	0.00	4.93
3943.04	0.00	2.51
1969.11	0.12	6.14
3933.94	0.23	4.91
3943.04	0.00	4.75
1971.52	0.00	4.47
1938.98	0.20	12.87
968.46	0.30	12.04
971.40	0.00	9.36
1942.80	0.00	11.13
971.40	0.00	12.81
969.01	0.25	11.48
3809.53	0.11	6.17
1906.78	0.00	6.61
1906.78	0.00	7.06
3813.56	0.00	6.39
3813.56	0.00	5.39
3813.56	0.00	5.84
2250.00	0.00	8.57
2250.00	0.00	9.92
2250.00	0.00	7.22
2250.00	0.00	4.06
2250.00	0.00	7.22
2250.00	0.00	7.67
2130.18	0.00	10.18
2128.24	0.09	10.09
2130.18	0.00	3.81
2127.19	0.14	3.93
2130.18	0.00	9.73
2130.18	0.00	4.26
2412.87	0.00	8.08
2412.87	0.00	3.82
1206.43	0.00	5.06
2412.87	0.00	3.54
1206.43	0.00	7.52
2406.93	0.25	6.74
0.00	100.00	0.00
3461.54	0.00	2.80
3144.43	9.16	33.54
3461.54	0.00	2.80
314.69	0.00	26.71
3461.54	0.00	2.80
383.05	0.11	116.77
2201.79	0.00	49.31
2201.81	0.00	33.81
2201.81	0.00	29.72
1818.98	0.00	62.92
2201.79	0.00	42.74
2127.06	0.00	44.34
451.44	0.00	91.54
1678.80	0.00	57.12
2123.80	0.16	14.14
2127.06	0.00	30.67
2127.06	0.00	37.13
1019.36	0.00	56.96
2020.40	0.11	33.32
1010.49	0.08	56.34
1010.20	0.11	59.37
1008.96	0.23	69.72
2030.63	0.00	19.13
2031.96	0.00	47.73
1019.14	0.09	71.03
2038.27	0.09	37.64
2040.12	0.00	16.08
2040.12	0.00	16.36
1020.06	0.00	65.07
1677.47	0.20	45.13
1680.77	0.00	49.65
1694.22	0.00	24.18
1721.11	0.00	21.31
1705.86	0.11	22.06
1680.77	0.00	32.78
2050.67	0.11	160.71
2317.71	0.00	53.56
2317.71	0.00	42.99
264.88	0.00	214.23
264.89	0.00	225.95
2052.83	0.00	144.88
2135.95	0.00	30.62
1690.06	0.00	56.93
2130.42	0.09	34.07
2139.54	0.00	12.88
449.48	0.00	79.93
2135.95	0.00	12.22
2122.17	0.14	7.10
2125.15	0.00	6.08
2125.15	0.00	4.17
2125.15	0.00	3.27
2122.55	0.12	5.63
2125.15	0.00	6.53
1129.98	0.11	60.26
2235.41	0.00	44.39
2253.37	0.00	16.40
2244.39	0.00	30.45
1122.19	0.00	65.86
2253.37	0.00	17.30
1298.87	0.00	6.70
2361.58	4.76	37.89
2361.58	0.00	42.21
2597.74	0.00	7.15
1298.87	0.00	10.28
235.91	0.11	68.26
