264.28	0.16	3.22
472.88	5.42	2.16
837.21	0.00	1.04
264.71	0.00	1.43
500.00	0.00	0.96
837.21	0.00	0.96
264.71	0.00	0.95
500.00	0.00	0.93
837.21	0.00	0.91
264.71	0.00	0.95
500.00	0.00	0.91
837.21	0.00	0.93
264.71	0.00	0.48
498.10	0.38	0.65
833.43	0.45	1.11
264.71	0.00	1.42
500.00	0.00	1.49
837.21	0.00	1.46
264.71	0.00	1.04
500.00	0.00	0.90
837.21	0.00	2.31
264.71	0.00	1.53
500.00	0.00	2.42
836.03	0.14	1.56
264.71	0.00	1.55
500.00	0.00	1.00
837.21	0.00	1.41
263.61	0.41	1.12
499.98	0.00	1.40
837.21	0.00	0.93
255.23	3.58	2.27
500.00	0.00	0.93
837.21	0.00	1.81
264.71	0.00	1.87
500.00	0.00	0.90
808.10	3.48	1.78
255.50	3.48	2.45
500.00	0.00	1.49
837.21	0.00	1.42
264.71	0.00	1.43
499.98	0.00	1.89
837.21	0.00	0.46
264.71	0.00	0.47
500.00	0.00	0.96
837.21	0.00	0.92
262.91	0.68	1.80
499.30	0.14	2.94
837.21	0.00	1.02
264.71	0.00	1.57
500.00	0.00	2.01
837.21	0.00	1.51
264.71	0.00	1.40
500.00	0.00	1.91
837.21	0.00	0.48
264.71	0.00	0.95
500.00	0.00	0.92
837.21	0.00	0.93
264.71	0.00	2.04
500.00	0.00	1.07
837.21	0.00	1.95
264.71	0.00	1.41
500.00	0.00	1.00
837.21	0.00	1.40
264.71	0.00	2.04
499.98	0.00	2.10
837.21	0.00	1.51
264.71	0.00	1.50
472.88	5.42	2.16
837.21	0.00	1.51
264.71	0.00	1.90
499.30	0.14	1.52
837.21	0.00	0.48
264.71	0.00	1.01
500.00	0.00	1.50
837.21	0.00	0.99
264.71	0.00	1.58
443.75	11.25	2.63
837.21	0.00	1.03
264.71	0.00	0.92
499.20	0.16	1.99
837.21	0.00	0.96
264.71	0.00	1.93
500.00	0.00	1.44
833.43	0.45	1.57
264.71	0.00	1.52
500.00	0.00	2.93
837.21	0.00	1.03
264.33	0.14	2.02
500.00	0.00	2.54
834.04	0.38	1.66
255.50	3.48	2.53
500.00	0.00	1.52
837.21	0.00	1.02
264.71	0.00	1.91
500.00	0.00	1.50
837.21	0.00	1.46
264.71	0.00	1.48
497.74	0.45	1.12
837.21	0.00	0.91
264.71	0.00	2.54
497.74	0.45	1.71
837.21	0.00	1.95
264.71	0.00	0.47
500.00	0.00	0.98
837.21	0.00	0.95
255.23	3.58	3.38
500.00	0.00	1.17
807.22	3.58	2.49
254.64	3.80	2.61
500.00	0.00	1.03
837.21	0.00	2.38
264.71	0.00	1.94
500.00	0.00	1.01
807.22	3.58	1.34
264.71	0.00	1.01
500.00	0.00	0.49
837.18	0.00	0.98
264.71	0.00	0.51
500.00	0.00	1.45
837.21	0.00	2.79
264.71	0.00	2.11
500.00	0.00	2.02
837.21	0.00	1.50
264.10	0.23	1.62
500.00	0.00	2.49
835.87	0.16	1.58
264.71	0.00	1.46
500.00	0.00	1.43
837.21	0.00	1.43
264.71	0.00	1.87
500.00	0.00	0.45
837.21	0.00	0.47
264.71	0.00	0.49
499.20	0.16	1.93
837.21	0.00	0.92
264.71	0.00	1.51
500.00	0.00	1.53
808.10	3.48	1.84
264.03	0.26	1.68
500.00	0.00	1.99
837.21	0.00	0.99
264.71	0.00	1.64
500.00	0.00	1.60
837.21	0.00	2.43
264.71	0.00	1.49
500.00	0.00	0.90
837.21	0.00	1.40
264.71	0.00	0.48
500.00	0.00	1.01
837.21	0.00	2.33
255.50	3.48	2.97
500.00	0.00	1.95
837.21	0.00	1.49
264.71	0.00	1.54
500.00	0.00	1.50
837.21	0.00	1.44
264.71	0.00	2.58
499.98	0.00	1.66
808.10	3.48	2.40
264.71	0.00	0.90
500.00	0.00	1.38
837.21	0.00	0.47
264.71	0.00	0.99
478.82	4.24	2.91
807.22	3.58	2.50
264.71	0.00	2.64
498.86	0.23	1.67
837.21	0.00	1.99
255.23	3.58	3.05
500.00	0.00	1.47
837.21	0.00	1.49
255.23	3.58	3.22
500.00	0.00	1.60
802.69	4.12	2.73
264.71	0.00	0.96
500.00	0.00	0.48
837.21	0.00	0.47
264.71	0.00	1.48
500.00	0.00	1.38
833.43	0.45	1.10
255.23	3.58	3.02
500.00	0.00	1.04
837.21	0.00	1.47
264.71	0.00	0.90
500.00	0.00	1.48
837.21	0.00	1.43
264.71	0.00	1.57
500.00	0.00	2.03
837.21	0.00	1.02
264.71	0.00	1.53
500.00	0.00	1.48
837.18	0.00	1.45
264.71	0.00	0.45
500.00	0.00	0.95
837.21	0.00	0.94
255.50	3.48	2.72
500.00	0.00	0.99
837.21	0.00	1.42
264.71	0.00	0.90
500.00	0.00	0.93
837.21	0.00	0.94
255.23	3.58	2.91
500.00	0.00	1.41
837.21	0.00	0.98
264.28	0.16	1.02
482.09	3.58	3.32
837.21	0.00	0.97
264.71	0.00	0.45
499.98	0.00	0.50
837.21	0.00	1.36
264.71	0.00	1.05
500.00	0.00	1.57
837.21	0.00	2.83
264.71	0.00	1.61
500.00	0.00	2.02
837.21	0.00	1.97
264.71	0.00	2.42
500.00	0.00	1.43
834.04	0.38	1.12
263.61	0.41	1.10
499.98	0.00	1.91
837.21	0.00	0.47
264.71	0.00	1.90
500.00	0.00	0.49
837.21	0.00	1.41
264.28	0.16	1.65
500.00	0.00	1.45
836.03	0.14	1.57
264.71	0.00	0.95
500.00	0.00	1.81
837.21	0.00	0.92
264.71	0.00	2.39
500.00	0.00	1.07
806.04	3.72	1.50
264.71	0.00	1.38
500.00	0.00	1.48
837.21	0.00	0.97
264.71	0.00	0.45
500.00	0.00	0.47
837.21	0.00	0.92
264.71	0.00	2.03
499.30	0.14	1.60
837.21	0.00	1.46
264.71	0.00	0.96
500.00	0.00	1.89
808.10	3.48	1.78
264.71	0.00	2.01
500.00	0.00	1.47
837.21	0.00	0.49
264.33	0.14	1.06
500.00	0.00	0.99
837.21	0.00	0.47
264.71	0.00	0.49
500.00	0.00	1.36
837.21	0.00	1.38
264.71	0.00	1.66
500.00	0.00	1.59
837.21	0.00	2.86
264.71	0.00	1.80
500.00	0.00	0.95
837.21	0.00	0.94
264.71	0.00	0.96
500.00	0.00	0.91
837.21	0.00	0.94
264.71	0.00	1.43
499.30	0.14	1.08
831.61	0.67	1.69
264.71	0.00	1.50
498.10	0.38	1.59
837.21	0.00	0.97
255.50	3.48	2.69
500.00	0.00	0.95
837.21	0.00	0.94
264.71	0.00	1.53
500.00	0.00	0.90
807.22	3.58	2.75
255.50	3.48	2.89
500.00	0.00	1.47
837.21	0.00	0.99
264.71	0.00	0.92
499.20	0.16	1.11
836.03	0.14	1.07
264.71	0.00	0.49
499.20	0.16	1.54
837.21	0.00	1.40
262.91	0.68	1.97
500.00	0.00	2.11
820.02	2.05	2.40
264.71	0.00	1.54
500.00	0.00	1.97
837.21	0.00	1.96
264.70	0.00	1.86
500.00	0.00	1.88
837.21	0.00	0.49
264.71	0.00	1.97
500.00	0.00	0.92
836.03	0.14	1.07
264.33	0.14	1.11
500.00	0.00	1.05
837.21	0.00	1.44
264.71	0.00	1.00
500.00	0.00	1.50
837.21	0.00	1.50
264.71	0.00	2.63
480.61	3.88	2.71
837.21	0.00	2.49
264.71	0.00	0.95
482.62	3.48	2.29
837.21	0.00	0.45
264.71	0.00	1.54
500.00	0.00	1.01
835.87	0.16	1.98
253.49	4.24	2.67
500.00	0.00	1.45
837.21	0.00	1.01
264.71	0.00	1.61
500.00	0.00	2.10
837.21	0.00	2.00
264.71	0.00	2.14
500.00	0.00	1.58
837.21	0.00	1.94
264.71	0.00	3.11
500.00	0.00	1.04
833.74	0.41	2.11
264.71	0.00	1.45
473.64	5.27	0.94
837.21	0.00	0.46
264.71	0.00	0.47
500.00	0.00	0.97
836.03	0.14	1.07
264.71	0.00	0.95
500.00	0.00	0.99
837.21	0.00	1.44
264.71	0.00	1.55
500.00	0.00	1.96
837.21	0.00	1.46
264.71	0.00	1.05
482.09	3.58	2.43
837.21	0.00	1.02
264.71	0.00	1.93
499.30	0.14	1.07
837.21	0.00	1.88
264.28	0.16	1.57
500.00	0.00	0.48
836.03	0.14	1.06
264.71	0.00	1.55
500.00	0.00	1.41
836.03	0.14	1.97
254.64	3.80	1.98
500.00	0.00	2.04
837.21	0.00	1.97
263.61	0.41	1.79
500.00	0.00	3.01
837.21	0.00	1.51
264.71	0.00	1.88
482.62	3.48	2.28
837.21	0.00	0.92
264.71	0.00	0.45
499.98	0.00	0.96
837.21	0.00	0.45
264.71	0.00	0.96
500.00	0.00	1.93
837.21	0.00	1.45
264.71	0.00	1.97
500.00	0.00	1.41
837.21	0.00	1.38
264.71	0.00	1.03
500.00	0.00	2.05
837.21	0.00	1.97
264.71	0.00	0.95
499.20	0.16	1.53
837.21	0.00	0.93
264.71	0.00	1.55
500.00	0.00	0.99
837.21	0.00	2.79
264.71	0.00	1.49
500.00	0.00	0.96
837.21	0.00	1.42
255.50	3.48	2.55
500.00	0.00	1.08
837.21	0.00	1.93
264.71	0.00	2.09
500.00	0.00	2.02
837.21	0.00	1.49
264.71	0.00	1.00
500.00	0.00	1.01
837.21	0.00	0.96
259.69	1.90	0.74
482.62	3.48	2.84
837.21	0.00	1.01
264.28	0.16	1.98
481.38	3.72	2.58
837.21	0.00	1.49
263.61	0.41	1.61
500.00	0.00	1.44
837.21	0.00	0.90
264.71	0.00	1.49
500.00	0.00	1.35
837.21	0.00	1.40
264.71	0.00	1.51
500.00	0.00	1.50
837.21	0.00	0.49
264.71	0.00	0.94
500.00	0.00	0.96
837.21	0.00	0.97
262.94	0.67	1.84
500.00	0.00	2.47
836.03	0.14	2.02
264.71	0.00	1.51
500.00	0.00	1.49
837.18	0.00	1.01
264.71	0.00	1.41
500.00	0.00	0.91
837.21	0.00	0.47
264.71	0.00	0.96
500.00	0.00	0.98
837.21	0.00	0.96
264.71	0.00	0.46
479.39	4.12	2.66
837.21	0.00	1.45
264.71	0.00	2.43
499.20	0.16	2.07
837.21	0.00	0.98
264.71	0.00	1.61
499.30	0.14	2.22
835.87	0.16	1.63
255.50	3.48	2.89
499.20	0.16	2.62
837.21	0.00	1.52
255.50	3.48	2.52
500.00	0.00	0.53
837.21	0.00	1.46
263.61	0.41	1.15
500.00	0.00	2.45
807.22	3.58	2.85
263.70	0.38	1.67
500.00	0.00	1.02
837.21	0.00	0.97
264.28	0.16	2.14
500.00	0.00	1.62
837.21	0.00	1.96
264.71	0.00	1.39
500.00	0.00	1.84
837.18	0.00	0.52
264.71	0.00	0.96
500.00	0.00	2.31
837.21	0.00	0.46
264.71	0.00	0.96
499.20	0.16	1.54
837.21	0.00	0.94
264.71	0.00	1.63
500.00	0.00	2.04
837.18	0.00	1.99
264.71	0.00	1.52
499.30	0.14	2.07
837.21	0.00	1.95
264.71	0.00	2.47
500.00	0.00	1.03
837.21	0.00	1.44
264.71	0.00	1.03
500.00	0.00	1.03
837.21	0.00	1.87
264.71	0.00	1.42
500.00	0.00	2.83
837.21	0.00	0.97
264.71	0.00	1.95
500.00	0.00	2.39
837.21	0.00	0.95
264.71	0.00	1.50
500.00	0.00	1.98
837.21	0.00	1.89
264.70	0.00	1.47
500.00	0.00	1.60
807.22	3.58	2.40
264.71	0.00	1.00
500.00	0.00	0.49
837.21	0.00	1.85
264.71	0.00	1.08
500.00	0.00	0.55
837.21	0.00	2.78
264.71	0.00	2.08
499.30	0.14	2.09
837.21	0.00	1.01
264.71	0.00	1.07
499.20	0.16	1.56
807.22	3.58	2.32
264.71	0.00	2.39
500.00	0.00	1.06
807.22	3.58	1.36
264.71	0.00	0.99
500.00	0.00	1.44
837.21	0.00	1.37
264.28	0.16	1.59
500.00	0.00	1.44
837.21	0.00	0.93
264.71	0.00	1.47
500.00	0.00	1.94
837.21	0.00	0.98
264.71	0.00	1.54
500.00	0.00	1.46
837.21	0.00	1.89
264.71	0.00	0.97
500.00	0.00	0.97
837.21	0.00	1.41
264.70	0.00	2.01
499.20	0.16	1.62
837.21	0.00	1.45
264.71	0.00	0.96
499.20	0.16	1.62
837.21	0.00	1.45
255.23	3.58	2.44
500.00	0.00	1.92
837.21	0.00	1.44
264.71	0.00	1.98
500.00	0.00	1.05
837.21	0.00	1.45
264.71	0.00	1.06
500.00	0.00	2.05
837.21	0.00	1.94
264.70	0.00	1.41
500.00	0.00	0.48
837.21	0.00	0.46
264.71	0.00	1.01
500.00	0.00	1.48
837.21	0.00	0.97
264.71	0.00	2.01
500.00	0.00	1.44
837.21	0.00	0.94
264.71	0.00	1.06
500.00	0.00	1.55
837.21	0.00	1.90
255.50	3.48	2.82
500.00	0.00	0.99
837.18	0.00	1.87
264.71	0.00	1.85
500.00	0.00	0.46
837.21	0.00	0.48
264.71	0.00	1.58
500.00	0.00	2.01
837.21	0.00	1.49
264.71	0.00	1.37
500.00	0.00	0.95
837.21	0.00	0.94
264.71	0.00	1.45
500.00	0.00	1.95
837.21	0.00	0.96
264.71	0.00	1.58
499.98	0.00	1.92
837.21	0.00	1.89
264.71	0.00	0.99
500.00	0.00	0.47
837.21	0.00	1.86
264.70	0.00	1.89
482.62	3.48	3.24
837.21	0.00	0.50
264.71	0.00	1.43
500.00	0.00	0.93
837.21	0.00	1.39
264.71	0.00	1.56
500.00	0.00	2.09
807.22	3.58	3.33
264.71	0.00	0.95
500.00	0.00	0.90
837.21	0.00	1.37
264.71	0.00	1.00
500.00	0.00	1.41
837.21	0.00	0.93
264.70	0.00	1.44
500.00	0.00	0.53
807.22	3.58	2.30
264.71	0.00	1.98
500.00	0.00	1.91
837.21	0.00	0.91
264.71	0.00	1.42
500.00	0.00	1.55
808.10	3.48	2.77
264.71	0.00	1.45
500.00	0.00	1.43
837.21	0.00	0.90
264.71	0.00	1.57
497.93	0.41	1.18
837.21	0.00	0.99
264.28	0.16	2.16
500.00	0.00	1.46
837.21	0.00	1.43
264.28	0.16	2.08
500.00	0.00	1.51
837.21	0.00	1.95
264.71	0.00	0.99
499.98	0.00	1.42
837.21	0.00	1.38
264.71	0.00	2.20
500.00	0.00	2.05
801.74	4.24	2.70
264.71	0.00	1.85
500.00	0.00	0.48
837.21	0.00	0.46
255.23	3.58	2.37
500.00	0.00	0.47
837.21	0.00	1.40
264.71	0.00	1.92
500.00	0.00	1.47
837.21	0.00	0.96
264.71	0.00	1.43
500.00	0.00	1.84
837.21	0.00	1.85
264.71	0.00	1.63
500.00	0.00	1.62
837.21	0.00	2.87
264.71	0.00	1.50
500.00	0.00	1.01
837.21	0.00	0.98
264.28	0.16	0.59
500.00	0.00	0.49
837.21	0.00	0.91
264.71	0.00	1.89
499.30	0.14	2.16
837.21	0.00	1.99
264.71	0.00	1.93
500.00	0.00	0.96
837.21	0.00	1.44
264.71	0.00	1.40
500.00	0.00	1.41
837.21	0.00	0.46
264.71	0.00	0.90
482.62	3.48	3.28
837.21	0.00	0.98
264.71	0.00	0.98
500.00	0.00	1.02
837.21	0.00	2.79
263.61	0.41	1.72
500.00	0.00	2.05
837.21	0.00	1.53
264.71	0.00	0.95
500.00	0.00	1.41
834.04	0.38	1.51
264.71	0.00	1.43
500.00	0.00	1.41
837.21	0.00	0.48
254.26	3.95	2.46
500.00	0.00	1.92
837.21	0.00	0.46
264.28	0.16	2.60
500.00	0.00	1.52
837.21	0.00	2.42
262.91	0.68	1.73
499.30	0.14	2.04
837.21	0.00	0.98
264.71	0.00	1.56
500.00	0.00	1.03
836.03	0.14	1.54
264.71	0.00	1.45
500.00	0.00	0.96
837.21	0.00	0.90
264.71	0.00	1.49
500.00	0.00	1.43
833.43	0.45	1.08
264.71	0.00	1.43
500.00	0.00	1.46
837.21	0.00	0.49
264.71	0.00	1.95
500.00	0.00	0.90
837.21	0.00	1.40
264.71	0.00	0.98
500.00	0.00	1.44
837.21	0.00	1.39
264.71	0.00	1.98
500.00	0.00	1.01
837.21	0.00	0.97
264.33	0.14	1.58
498.10	0.38	1.58
837.21	0.00	0.48
264.71	0.00	0.47
500.00	0.00	0.45
837.21	0.00	0.91
264.71	0.00	1.57
500.00	0.00	2.42
837.21	0.00	1.52
264.71	0.00	2.06
500.00	0.00	1.55
837.21	0.00	1.50
264.71	0.00	0.97
500.00	0.00	1.39
837.21	0.00	1.38
264.71	0.00	1.00
500.00	0.00	1.46
837.21	0.00	1.42
264.71	0.00	1.44
500.00	0.00	0.94
837.21	0.00	0.47
264.71	0.00	1.47
482.09	3.58	2.26
835.87	0.16	1.49
264.71	0.00	1.49
500.00	0.00	2.46
837.21	0.00	1.46
264.71	0.00	2.49
482.09	3.58	1.88
837.21	0.00	1.47
264.71	0.00	1.35
482.09	3.58	2.25
835.87	0.16	0.57
264.71	0.00	2.82
500.00	0.00	1.02
837.18	0.00	1.92
264.70	0.00	1.89
500.00	0.00	1.48
808.10	3.48	1.82
264.71	0.00	1.48
500.00	0.00	0.90
837.21	0.00	1.84
264.71	0.00	2.16
500.00	0.00	1.08
837.21	0.00	2.84
264.71	0.00	0.96
500.00	0.00	1.39
837.21	0.00	1.40
255.23	3.58	2.75
498.10	0.38	0.63
836.03	0.14	1.03
255.50	3.48	2.90
482.62	3.48	2.85
837.21	0.00	1.35
264.28	0.16	2.07
500.00	0.00	1.45
837.21	0.00	1.42
264.71	0.00	1.35
500.00	0.00	0.91
808.10	3.48	1.30
264.71	0.00	1.38
500.00	0.00	0.45
837.21	0.00	0.47
264.71	0.00	1.61
498.10	0.38	1.79
808.10	3.48	2.42
264.71	0.00	2.16
500.00	0.00	1.57
837.21	0.00	1.49
264.71	0.00	1.96
500.00	0.00	1.49
837.21	0.00	1.48
264.71	0.00	0.45
500.00	0.00	0.45
837.21	0.00	1.36
264.71	0.00	1.40
500.00	0.00	0.48
837.21	0.00	0.45
264.71	0.00	1.54
482.62	3.48	2.97
834.04	0.38	1.67
264.71	0.00	1.46
500.00	0.00	1.54
837.21	0.00	1.93
264.71	0.00	1.44
500.00	0.00	0.99
837.21	0.00	1.87
264.28	0.16	1.69
499.20	0.16	1.64
837.21	0.00	1.44
264.71	0.00	0.95
500.00	0.00	0.48
837.21	0.00	0.90
264.71	0.00	0.99
500.00	0.00	2.02
837.21	0.00	1.48
255.50	3.48	2.49
500.00	0.00	2.01
837.21	0.00	1.51
255.23	3.58	2.96
500.00	0.00	1.06
837.21	0.00	1.94
264.71	0.00	0.90
500.00	0.00	0.93
837.21	0.00	0.47
264.71	0.00	0.99
500.00	0.00	0.48
835.87	0.16	1.03
264.71	0.00	0.52
500.00	0.00	0.96
808.10	3.48	1.79
264.71	0.00	0.96
500.00	0.00	1.41
837.21	0.00	0.90
264.71	0.00	0.93
499.30	0.14	1.50
837.21	0.00	0.93
259.69	1.90	1.75
500.00	0.00	1.85
837.21	0.00	0.95
264.71	0.00	2.11
500.00	0.00	0.52
837.21	0.00	2.81
264.71	0.00	0.45
500.00	0.00	0.47
837.21	0.00	0.92
264.71	0.00	1.99
500.00	0.00	0.90
837.21	0.00	1.41
250.40	5.40	2.20
499.98	0.00	1.61
837.21	0.00	1.92
264.71	0.00	0.94
500.00	0.00	1.88
837.21	0.00	0.49
264.71	0.00	1.65
500.00	0.00	1.60
837.21	0.00	1.98
264.71	0.00	0.45
500.00	0.00	1.41
837.21	0.00	1.37
264.71	0.00	1.45
500.00	0.00	0.96
837.21	0.00	0.97
264.71	0.00	1.56
482.62	3.48	2.46
837.21	0.00	1.94
264.71	0.00	2.08
500.00	0.00	1.04
837.21	0.00	1.49
264.33	0.14	2.07
500.00	0.00	1.89
837.21	0.00	0.47
264.71	0.00	1.01
500.00	0.00	1.46
837.21	0.00	1.41
264.71	0.00	1.52
500.00	0.00	1.46
837.21	0.00	1.46
264.71	0.00	1.62
500.00	0.00	2.99
837.21	0.00	1.52
264.71	0.00	2.49
472.98	5.40	2.11
837.21	0.00	1.52
262.94	0.67	1.75
500.00	0.00	1.45
837.21	0.00	0.90
264.71	0.00	1.49
499.30	0.14	1.65
837.18	0.00	1.49
264.71	0.00	1.03
500.00	0.00	1.55
837.21	0.00	1.48
264.71	0.00	0.46
500.00	0.00	0.48
837.21	0.00	0.46
264.71	0.00	1.38
500.00	0.00	1.05
808.10	3.48	2.34
264.71	0.00	1.62
500.00	0.00	0.55
837.21	0.00	2.37
264.71	0.00	2.40
500.00	0.00	0.96
837.21	0.00	0.47
253.49	4.24	2.87
499.98	0.00	2.05
808.10	3.48	2.92
264.33	0.14	2.27
500.00	0.00	1.10
835.87	0.16	2.10
264.71	0.00	0.95
482.09	3.58	2.32
837.21	0.00	0.95
264.71	0.00	1.11
500.00	0.00	1.58
837.21	0.00	2.43
255.50	3.48	0.82
500.00	0.00	1.05
837.21	0.00	2.78
264.28	0.16	1.64
500.00	0.00	1.07
837.21	0.00	1.93
264.71	0.00	1.04
482.62	3.48	2.43
837.21	0.00	1.91
264.71	0.00	0.96
500.00	0.00	0.96
837.21	0.00	1.44
264.71	0.00	2.10
500.00	0.00	1.05
808.10	3.48	1.86
264.71	0.00	0.47
499.30	0.14	2.03
837.21	0.00	0.97
255.23	3.58	2.44
500.00	0.00	1.02
837.21	0.00	1.48
264.71	0.00	1.94
500.00	0.00	0.99
837.21	0.00	1.45
264.28	0.16	1.48
500.00	0.00	1.40
835.87	0.16	0.58
264.71	0.00	0.91
500.00	0.00	1.43
837.21	0.00	1.39
264.28	0.16	2.01
500.00	0.00	1.43
837.21	0.00	0.48
264.71	0.00	0.45
500.00	0.00	1.41
837.21	0.00	1.41
264.71	0.00	2.12
482.62	3.48	2.47
837.21	0.00	1.06
264.71	0.00	0.95
500.00	0.00	0.99
836.03	0.14	1.49
264.71	0.00	1.45
500.00	0.00	0.97
833.43	0.45	1.08
263.61	0.41	1.17
500.00	0.00	1.06
837.21	0.00	1.45
264.71	0.00	0.97
500.00	0.00	1.86
837.21	0.00	0.97
264.71	0.00	1.80
500.00	0.00	0.96
837.18	0.00	0.98
264.71	0.00	0.96
500.00	0.00	0.96
837.21	0.00	0.92
255.50	3.48	1.81
500.00	0.00	2.41
837.21	0.00	1.43
255.50	3.48	1.38
479.39	4.12	2.63
837.21	0.00	1.39
264.71	0.00	1.48
500.00	0.00	0.95
837.21	0.00	1.39
264.71	0.00	1.44
500.00	0.00	1.50
837.21	0.00	1.42
250.75	5.27	1.45
500.00	0.00	0.93
837.21	0.00	0.95
255.50	3.48	2.75
500.00	0.00	0.48
837.21	0.00	0.91
264.71	0.00	0.48
482.62	3.48	2.37
837.21	0.00	1.00
255.50	3.48	2.35
500.00	0.00	2.40
837.21	0.00	1.48
264.33	0.14	1.60
500.00	0.00	1.87
808.10	3.48	2.25
264.33	0.14	2.42
500.00	0.00	1.46
837.21	0.00	0.48
264.71	0.00	1.38
500.00	0.00	0.46
837.21	0.00	0.94
264.71	0.00	2.31
500.00	0.00	0.93
837.21	0.00	0.47
264.71	0.00	1.59
500.00	0.00	2.99
837.21	0.00	1.98
255.23	3.58	2.95
500.00	0.00	1.48
837.21	0.00	0.93
264.71	0.00	2.05
472.98	5.40	2.06
837.21	0.00	1.44
264.71	0.00	1.40
500.00	0.00	1.38
807.22	3.58	1.80
250.75	5.27	0.96
500.00	0.00	2.45
837.21	0.00	1.47
264.71	0.00	1.57
499.98	0.00	1.57
837.21	0.00	1.90
254.64	3.80	2.73
500.00	0.00	2.01
837.21	0.00	1.53
264.71	0.00	2.26
500.00	0.00	1.90
833.74	0.41	0.64
264.71	0.00	1.89
500.00	0.00	0.98
837.21	0.00	0.93
264.71	0.00	1.09
500.00	0.00	1.05
837.21	0.00	1.92
253.79	4.12	2.71
500.00	0.00	1.97
835.87	0.16	1.99
264.71	0.00	1.45
500.00	0.00	0.90
837.21	0.00	0.93
264.71	0.00	0.96
500.00	0.00	1.52
837.21	0.00	1.92
264.71	0.00	0.94
499.98	0.00	1.48
837.21	0.00	1.86
264.71	0.00	2.63
500.00	0.00	1.05
837.21	0.00	2.41
262.91	0.68	1.88
499.98	0.00	2.00
837.21	0.00	1.92
264.70	0.00	1.94
500.00	0.00	0.96
837.21	0.00	0.91
264.71	0.00	0.96
500.00	0.00	1.38
836.03	0.14	1.49
255.23	3.58	2.90
499.30	0.14	1.12
837.21	0.00	1.89
264.71	0.00	0.54
500.00	0.00	2.44
837.21	0.00	1.50
264.71	0.00	1.06
500.00	0.00	1.52
837.21	0.00	1.47
264.71	0.00	2.26
500.00	0.00	2.61
808.10	3.48	2.43
264.71	0.00	1.55
497.93	0.41	2.13
837.21	0.00	0.51
264.71	0.00	1.50
500.00	0.00	0.93
835.87	0.16	1.05
264.71	0.00	0.45
500.00	0.00	1.49
807.22	3.58	3.25
264.71	0.00	2.03
500.00	0.00	1.51
837.21	0.00	1.00
264.71	0.00	0.95
500.00	0.00	1.49
833.74	0.41	1.57
264.71	0.00	1.35
499.20	0.16	1.51
837.21	0.00	0.47
264.71	0.00	0.90
500.00	0.00	0.93
837.21	0.00	0.47
264.71	0.00	0.45
500.00	0.00	0.93
837.21	0.00	0.45
255.23	3.58	2.92
499.98	0.00	2.03
837.21	0.00	1.48
264.10	0.23	1.07
500.00	0.00	0.96
837.21	0.00	0.94
264.71	0.00	0.98
500.00	0.00	1.90
837.21	0.00	0.48
264.71	0.00	0.95
500.00	0.00	0.45
837.21	0.00	1.37
264.28	0.16	1.02
500.00	0.00	1.44
837.21	0.00	1.40
264.71	0.00	1.49
500.00	0.00	0.90
837.21	0.00	1.40
264.71	0.00	1.55
500.00	0.00	2.06
808.10	3.48	2.37
264.70	0.00	1.99
500.00	0.00	1.41
837.21	0.00	0.92
264.33	0.14	2.02
500.00	0.00	1.41
821.34	1.90	0.75
264.71	0.00	2.07
500.00	0.00	1.56
837.21	0.00	1.49
264.71	0.00	1.49
500.00	0.00	2.40
837.21	0.00	1.45
264.10	0.23	1.08
500.00	0.00	1.42
837.21	0.00	0.90
264.71	0.00	0.95
500.00	0.00	1.45
837.21	0.00	1.38
264.71	0.00	1.61
500.00	0.00	1.06
831.52	0.68	1.75
264.71	0.00	1.04
499.98	0.00	1.95
834.04	0.38	2.48
264.71	0.00	1.88
500.00	0.00	2.45
837.21	0.00	1.46
264.71	0.00	1.55
500.00	0.00	1.46
837.21	0.00	0.98
264.71	0.00	1.45
482.09	3.58	1.82
837.21	0.00	1.85
264.71	0.00	1.52
500.00	0.00	0.98
837.21	0.00	2.77
264.71	0.00	0.98
499.20	0.16	1.56
837.21	0.00	0.48
264.71	0.00	1.49
500.00	0.00	1.57
836.03	0.14	1.60
264.71	0.00	0.91
500.00	0.00	1.47
837.21	0.00	0.96
264.71	0.00	1.43
500.00	0.00	0.93
837.21	0.00	0.46
264.71	0.00	1.83
500.00	0.00	0.46
837.18	0.00	1.42
255.50	3.48	0.82
500.00	0.00	0.99
837.18	0.00	1.46
264.71	0.00	1.45
500.00	0.00	1.84
837.21	0.00	0.94
264.71	0.00	1.42
500.00	0.00	0.90
837.21	0.00	0.94
264.71	0.00	1.66
500.00	0.00	2.68
833.74	0.41	2.70
264.71	0.00	1.45
500.00	0.00	1.48
837.21	0.00	1.85
264.71	0.00	0.50
500.00	0.00	2.76
837.21	0.00	0.48
264.71	0.00	2.10
500.00	0.00	1.51
837.21	0.00	1.88
264.71	0.00	1.58
500.00	0.00	1.41
837.21	0.00	1.87
264.71	0.00	2.04
500.00	0.00	1.02
833.74	0.41	1.14
264.33	0.14	1.02
498.86	0.23	0.58
837.21	0.00	0.93
264.71	0.00	1.99
473.64	5.27	0.97
835.87	0.16	1.09
264.71	0.00	2.49
500.00	0.00	1.56
837.21	0.00	1.96
264.70	0.00	1.88
500.00	0.00	1.02
837.21	0.00	1.43
264.71	0.00	1.47
500.00	0.00	1.47
836.03	0.14	1.50
264.33	0.14	1.55
500.00	0.00	1.95
834.04	0.38	1.61
262.91	0.68	1.84
500.00	0.00	1.03
837.21	0.00	0.99
264.71	0.00	0.95
500.00	0.00	1.38
837.21	0.00	0.90
264.71	0.00	1.02
500.00	0.00	2.86
837.21	0.00	0.99
264.71	0.00	1.98
500.00	0.00	1.45
835.87	0.16	1.54
264.71	0.00	0.93
500.00	0.00	1.88
837.21	0.00	0.96
264.71	0.00	1.93
480.61	3.88	2.50
837.21	0.00	0.49
264.71	0.00	1.01
500.00	0.00	1.43
835.87	0.16	1.52
264.71	0.00	2.06
500.00	0.00	1.01
836.03	0.14	1.54
264.71	0.00	1.00
500.00	0.00	0.96
835.87	0.16	1.50
264.71	0.00	1.50
497.93	0.41	1.14
837.21	0.00	0.49
264.71	0.00	1.66
500.00	0.00	2.53
837.21	0.00	2.01
264.71	0.00	2.15
500.00	0.00	2.04
836.03	0.14	2.09
264.71	0.00	0.90
500.00	0.00	2.38
837.21	0.00	1.42
264.71	0.00	1.49
500.00	0.00	1.91
837.21	0.00	1.44
264.33	0.14	1.57
500.00	0.00	1.47
837.21	0.00	0.96
255.23	3.58	1.31
500.00	0.00	0.99
837.21	0.00	1.41
264.71	0.00	1.07
500.00	0.00	1.05
837.21	0.00	1.44
264.71	0.00	1.99
500.00	0.00	1.00
808.10	3.48	2.80
264.71	0.00	0.98
500.00	0.00	1.92
837.21	0.00	0.99
264.71	0.00	1.49
482.62	3.48	2.80
837.21	0.00	0.52
264.28	0.16	1.54
500.00	0.00	0.47
837.21	0.00	0.95
264.71	0.00	0.94
480.99	3.80	2.03
837.21	0.00	2.36
264.71	0.00	1.51
499.20	0.16	1.67
837.21	0.00	1.50
255.23	3.58	2.79
499.98	0.00	1.02
837.18	0.00	1.93
264.71	0.00	0.95
500.00	0.00	1.52
837.21	0.00	1.45
264.28	0.16	1.06
500.00	0.00	1.50
834.04	0.38	1.59
264.33	0.14	1.63
500.00	0.00	1.44
837.21	0.00	0.98
264.71	0.00	1.46
500.00	0.00	1.99
837.21	0.00	1.96
255.50	3.48	2.98
500.00	0.00	1.43
808.10	3.48	2.87
264.33	0.14	2.01
500.00	0.00	2.00
837.21	0.00	1.00
264.71	0.00	0.49
500.00	0.00	1.50
834.04	0.38	1.12
264.71	0.00	1.07
499.20	0.16	1.70
837.18	0.00	1.54
264.71	0.00	0.90
500.00	0.00	1.46
837.21	0.00	1.87
264.71	0.00	1.52
500.00	0.00	1.98
837.21	0.00	0.99
264.71	0.00	0.90
500.00	0.00	0.99
837.21	0.00	1.41
264.71	0.00	0.48
500.00	0.00	0.51
837.21	0.00	2.28
264.33	0.14	3.10
500.00	0.00	1.39
836.03	0.14	1.55
264.70	0.00	1.92
500.00	0.00	1.96
837.21	0.00	0.97
264.71	0.00	2.01
482.09	3.58	2.78
837.21	0.00	0.92
264.71	0.00	1.48
500.00	0.00	1.48
837.21	0.00	0.96
264.71	0.00	1.42
500.00	0.00	0.45
835.87	0.16	0.58
264.70	0.00	1.51
499.28	0.14	2.05
837.21	0.00	1.37
264.71	0.00	1.04
500.00	0.00	1.03
837.21	0.00	1.43
264.70	0.00	1.99
500.00	0.00	0.96
837.21	0.00	0.91
264.71	0.00	0.96
500.00	0.00	0.96
837.21	0.00	0.98
264.71	0.00	1.94
500.00	0.00	0.93
837.21	0.00	0.94
264.71	0.00	1.68
482.62	3.48	2.90
837.21	0.00	1.44
264.71	0.00	1.46
500.00	0.00	1.41
837.21	0.00	0.92
264.71	0.00	0.96
500.00	0.00	1.86
837.21	0.00	0.97
264.71	0.00	0.97
499.20	0.16	1.55
837.21	0.00	1.40
264.71	0.00	0.45
500.00	0.00	1.00
837.18	0.00	1.45
263.70	0.38	1.62
500.00	0.00	1.47
837.21	0.00	0.97
264.71	0.00	0.90
500.00	0.00	1.38
808.10	3.48	2.69
264.71	0.00	1.46
500.00	0.00	1.01
834.04	0.38	1.58
264.71	0.00	0.95
500.00	0.00	0.96
837.21	0.00	0.90
264.71	0.00	0.49
499.30	0.14	1.11
837.21	0.00	1.41
264.71	0.00	1.65
482.62	3.48	2.91
835.87	0.16	1.59
264.71	0.00	1.50
500.00	0.00	2.29
837.21	0.00	0.97
264.71	0.00	1.00
500.00	0.00	0.96
837.21	0.00	2.31
264.71	0.00	1.00
500.00	0.00	1.46
837.21	0.00	0.96
263.61	0.41	1.08
500.00	0.00	0.50
837.21	0.00	1.84
264.71	0.00	1.57
500.00	0.00	1.01
835.87	0.16	2.04
264.71	0.00	2.38
499.98	0.00	1.91
807.22	3.58	1.80
264.71	0.00	2.00
500.00	0.00	0.99
837.21	0.00	0.98
264.71	0.00	1.36
500.00	0.00	1.01
837.21	0.00	1.41
264.71	0.00	2.12
499.20	0.16	1.13
837.21	0.00	2.81
264.71	0.00	1.97
500.00	0.00	0.96
837.21	0.00	1.42
264.71	0.00	1.53
482.09	3.58	2.12
807.22	3.58	2.49
264.71	0.00	1.91
500.00	0.00	2.02
837.21	0.00	1.48
255.23	3.58	3.41
482.62	3.48	2.99
835.87	0.16	1.57
264.71	0.00	2.95
500.00	0.00	0.99
835.87	0.16	2.00
264.71	0.00	1.45
500.00	0.00	1.35
837.21	0.00	0.93
264.71	0.00	1.39
500.00	0.00	1.86
837.21	0.00	1.43
264.71	0.00	0.99
498.10	0.38	1.58
835.87	0.16	1.05
264.71	0.00	2.31
499.20	0.16	1.02
837.21	0.00	0.47
264.71	0.00	0.97
500.00	0.00	1.51
837.21	0.00	1.93
264.71	0.00	0.98
500.00	0.00	1.45
837.21	0.00	1.89
264.71	0.00	1.05
500.00	0.00	1.05
837.21	0.00	2.80
264.71	0.00	0.45
500.00	0.00	1.83
837.21	0.00	0.47
264.71	0.00	1.02
499.30	0.14	1.58
807.22	3.58	2.30
264.71	0.00	0.51
500.00	0.00	2.29
807.22	3.58	1.31
264.71	0.00	1.80
500.00	0.00	1.46
837.21	0.00	1.44
254.85	3.72	2.58
500.00	0.00	2.04
837.21	0.00	1.02
264.71	0.00	1.50
500.00	0.00	0.98
837.21	0.00	0.49
263.61	0.41	1.55
499.98	0.00	1.40
835.29	0.23	0.59
264.71	0.00	1.36
482.62	3.48	2.91
837.21	0.00	1.51
264.71	0.00	1.64
500.00	0.00	1.03
808.10	3.48	2.36
264.71	0.00	1.90
500.00	0.00	1.51
837.21	0.00	1.93
264.70	0.00	2.00
500.00	0.00	0.96
837.21	0.00	0.47
264.71	0.00	1.45
499.20	0.16	2.07
837.21	0.00	1.42
264.71	0.00	1.35
500.00	0.00	0.94
837.21	0.00	0.47
264.33	0.14	2.10
500.00	0.00	1.92
837.21	0.00	1.42
264.71	0.00	2.51
500.00	0.00	0.99
837.21	0.00	1.49
264.71	0.00	1.52
499.20	0.16	1.07
807.22	3.58	1.82
255.50	3.48	2.33
500.00	0.00	1.50
837.21	0.00	0.95
264.71	0.00	0.49
497.93	0.41	1.11
837.21	0.00	1.39
253.79	4.12	2.69
500.00	0.00	0.90
837.21	0.00	1.43
264.71	0.00	1.46
500.00	0.00	0.94
837.21	0.00	1.42
264.71	0.00	0.94
500.00	0.00	1.02
837.21	0.00	1.43
264.71	0.00	2.00
500.00	0.00	0.50
837.21	0.00	1.42
264.71	0.00	0.46
500.00	0.00	0.48
837.21	0.00	0.47
264.71	0.00	1.45
479.39	4.12	2.72
835.87	0.16	1.59
264.71	0.00	1.61
500.00	0.00	1.04
837.21	0.00	1.93
264.71	0.00	1.52
500.00	0.00	1.48
837.21	0.00	0.97
264.71	0.00	1.60
482.62	3.48	2.42
837.21	0.00	1.48
264.71	0.00	1.44
499.20	0.16	1.08
837.21	0.00	0.48
264.71	0.00	1.48
500.00	0.00	1.90
837.18	0.00	1.91
264.28	0.16	2.08
499.30	0.14	2.02
837.21	0.00	1.42
264.71	0.00	1.05
500.00	0.00	1.58
837.21	0.00	2.83
264.70	0.00	1.55
500.00	0.00	1.47
837.21	0.00	1.90
264.71	0.00	1.50
500.00	0.00	0.50
837.21	0.00	0.95
