961.98	0.00	47.28
926.35	0.00	60.56
890.72	0.00	35.24
1817.07	0.00	30.61
925.51	0.09	45.72
1745.81	0.00	37.90
1033.23	0.00	50.41
889.78	0.11	31.29
889.91	0.09	53.96
1204.25	0.00	186.78
1595.05	0.00	32.60
307.45	0.12	226.40
757.97	0.00	64.50
292.00	0.00	229.49
1315.67	0.00	89.26
98.92	0.00	257.29
1187.17	0.11	168.99
98.92	0.00	250.62
699.25	0.00	174.23
1375.28	0.00	47.43
1367.69	0.00	55.42
239.49	0.00	171.06
1373.82	0.11	56.13
699.09	0.00	182.16
1367.54	0.00	65.94
1366.25	0.11	24.33
1136.09	0.00	108.96
1180.45	0.09	48.24
1509.72	0.00	15.80
1493.31	0.00	29.98
1493.31	0.00	30.36
1081.54	0.14	46.12
426.66	0.00	55.92
442.13	0.21	72.20
1181.52	0.00	19.34
409.01	0.30	77.61
1295.11	0.20	56.64
1017.14	0.00	66.42
285.07	0.00	77.88
513.13	0.00	93.77
1299.94	0.00	39.47
739.25	0.26	66.25
1255.46	0.09	17.73
513.13	0.00	85.26
740.52	0.09	66.59
1056.55	0.00	67.98
586.97	0.00	75.62
1637.34	0.09	48.95
586.97	0.00	73.53
1638.83	0.00	30.57
1643.53	0.00	38.94
1549.61	0.00	31.19
1638.83	0.00	29.22
1054.15	0.23	51.54
1423.54	0.00	51.75
300.05	0.00	121.96
1423.54	0.00	50.14
1420.60	0.11	19.85
1421.14	0.00	54.76
1418.62	0.21	38.11
1422.10	0.00	19.94
1423.06	0.00	38.17
1123.97	0.00	76.23
1320.50	0.00	16.99
1320.50	0.00	24.14
1242.83	0.00	112.01
77.68	0.00	104.98
1320.50	0.00	118.25
1320.50	0.00	18.45
0.00	100.00	0.00
1319.30	0.09	14.77
1316.80	0.28	14.36
1800.00	0.00	11.82
1800.00	0.00	8.21
1800.00	0.00	4.96
1798.37	0.09	8.67
1800.00	0.00	9.02
1800.00	0.00	9.47
1800.00	0.00	4.96
1800.00	0.00	4.96
1800.00	0.00	4.96
2200.49	0.00	4.14
2197.40	0.14	4.26
2197.40	0.14	4.26
2200.49	0.00	4.14
1100.24	0.00	7.83
1099.08	0.11	11.86
2198.49	0.09	4.24
2198.79	0.08	11.31
2200.49	0.00	4.14
1027.58	0.00	146.72
2029.57	0.14	91.33
1026.14	0.14	98.83
1884.61	0.00	297.58
1026.49	0.11	65.00
1003.93	0.09	142.52
2032.42	0.00	67.98
147.81	0.00	489.08
2030.58	0.09	34.80
850.51	0.16	14.83
1703.74	0.00	86.69
1703.74	0.00	10.43
1703.74	0.00	10.43
851.87	0.00	9.98
851.87	0.00	23.43
1703.74	0.00	11.53
0.00	100.00	0.00
1700.14	0.21	10.65
1604.82	0.00	34.90
1604.82	0.00	35.36
1604.82	0.00	27.74
628.92	0.00	46.28
542.17	0.00	65.86
628.92	0.00	66.89
1062.65	0.00	52.24
1604.82	0.00	28.50
1062.65	0.00	42.58
1446.95	0.00	15.93
1446.95	0.00	11.22
1446.95	0.00	13.13
1445.42	0.11	6.17
1446.95	0.00	6.06
1446.95	0.00	6.06
1446.95	0.00	11.22
1445.42	0.11	6.17
1446.95	0.00	11.67
1194.59	0.00	24.80
1259.40	0.00	36.35
1193.22	0.00	37.08
2451.26	0.00	37.66
2453.99	0.00	13.48
427.76	0.00	71.95
1258.72	0.00	47.07
2022.82	0.00	62.85
2452.62	0.00	13.25
229.71	0.00	179.42
1318.67	0.00	55.91
1318.60	0.00	45.31
1089.04	0.00	123.71
1318.67	0.00	23.48
1318.60	0.00	45.63
1318.67	0.00	23.72
1318.60	0.00	74.21
1318.52	0.00	66.13
619.15	0.00	141.54
1979.23	0.00	30.80
1979.43	0.00	27.86
1979.43	0.00	20.95
1032.80	0.00	33.35
1233.18	7.66	103.71
946.63	0.00	34.46
127.65	0.21	171.85
1979.23	0.00	20.74
654.49	0.11	158.06
656.24	0.00	126.63
656.24	0.00	66.04
655.19	0.00	169.49
655.19	0.00	132.45
1311.42	0.00	68.08
655.19	0.00	137.91
1311.42	0.00	68.98
655.19	0.00	183.07
2256.28	0.00	24.24
2263.15	0.14	10.66
2249.95	0.28	19.80
1130.65	0.00	18.14
1130.65	0.00	20.14
2258.13	0.14	11.12
1633.17	0.00	29.36
2261.31	0.00	11.10
628.14	0.00	37.26
1985.12	0.00	18.29
1977.24	0.00	18.36
1969.37	0.00	33.93
1974.47	0.14	19.29
984.68	0.00	75.97
1977.24	0.00	19.31
1977.24	0.00	17.46
984.68	0.00	69.09
1969.37	0.00	17.76
371.88	0.00	101.41
2109.09	0.00	40.32
1749.08	0.00	69.47
371.29	0.00	93.36
1378.98	0.00	91.97
2106.86	0.11	15.72
2108.50	0.00	29.72
2109.09	0.00	15.55
370.69	0.00	126.49
1162.87	0.12	16.88
1162.87	0.12	11.81
1164.29	0.00	12.14
1163.06	0.11	7.08
1164.29	0.00	18.22
1164.29	0.00	16.31
1164.29	0.00	15.41
1164.29	0.00	13.50
1164.29	0.00	7.43
766.20	0.09	89.78
687.56	0.00	85.35
661.11	0.00	47.36
1214.96	0.12	33.86
793.34	0.00	32.16
2036.23	0.00	14.87
2009.78	0.00	14.03
1983.34	0.00	26.33
1983.34	0.00	26.78
1430.71	0.00	116.52
1138.19	0.00	135.78
2554.41	0.09	60.25
2930.34	0.00	31.61
362.02	0.00	177.94
2930.34	0.00	24.91
1488.63	0.00	22.89
2930.34	0.00	12.52
1441.71	0.00	22.81
1573.52	0.00	54.80
871.45	0.09	30.82
439.14	0.11	83.23
1636.32	0.00	62.41
2077.22	0.11	14.85
2009.64	0.00	14.31
2075.93	0.00	33.23
436.12	0.00	99.89
2006.82	0.14	14.76
636.69	0.00	106.55
1480.58	0.00	44.62
1522.13	0.00	34.58
843.89	0.00	90.91
324.57	0.00	135.87
1480.06	0.00	36.03
1205.23	0.18	82.70
1207.42	0.00	68.32
1520.00	0.11	35.42
1468.94	0.00	42.89
1489.07	0.00	35.81
583.55	0.00	48.61
1468.94	0.00	44.28
503.06	0.00	66.73
1507.07	0.14	16.57
1509.19	0.00	16.43
983.42	0.26	44.77
1486.98	0.14	15.20
826.09	0.00	151.45
1098.52	0.00	91.36
816.30	0.12	135.22
553.66	0.00	99.37
1101.37	0.14	34.18
274.05	0.21	273.93
1098.52	0.00	98.32
1102.92	0.00	33.95
1100.72	0.00	65.22
1205.33	0.00	33.86
1866.67	0.00	33.79
1864.97	0.09	34.37
1872.00	0.00	14.81
1200.00	0.00	21.35
666.67	0.00	60.76
1200.00	0.00	22.11
1731.50	0.11	32.57
666.67	0.00	40.69
2169.95	0.00	28.43
2169.95	0.00	56.40
184.68	0.00	355.07
1985.28	0.00	227.64
2167.99	0.09	28.83
2169.95	0.00	55.89
2169.95	0.00	28.23
1099.18	0.00	52.95
1099.18	0.00	79.93
1206.69	0.00	86.33
710.66	0.00	101.13
710.66	0.00	107.86
1802.88	0.00	37.97
1092.22	0.00	76.75
1173.30	0.00	30.74
1802.88	0.00	39.31
596.19	0.00	103.75
1805.11	0.14	21.13
1513.57	0.00	41.19
1511.96	0.00	45.57
1312.08	0.00	32.07
201.49	0.00	83.90
201.49	0.00	146.16
235.34	0.00	101.96
1110.59	0.00	91.50
1304.02	0.00	69.21
1513.57	0.00	32.49
0.00	100.00	0.00
111.97	0.00	75.32
951.73	0.00	8.98
1903.46	0.00	79.57
1903.46	0.00	4.72
0.00	100.00	0.00
1787.70	0.21	78.60
1903.46	0.00	9.43
1903.46	0.00	82.37
822.85	0.00	67.11
1615.22	0.00	18.24
1584.75	0.00	18.59
761.90	0.00	83.33
1551.45	0.18	35.82
1584.75	0.00	19.55
1584.75	0.00	19.77
1523.80	0.00	48.12
1554.27	0.00	36.86
1612.73	0.09	59.34
1955.42	0.09	14.70
1602.68	0.00	58.57
342.45	0.00	76.33
1945.69	0.00	13.81
342.69	0.09	65.23
1953.36	0.00	37.67
1955.55	0.00	26.81
1956.10	0.00	14.21
358.34	82.20	633.41
172.35	0.00	443.09
1508.00	0.00	212.17
1680.35	0.00	61.25
1321.97	0.00	286.82
1676.53	0.23	83.23
826.91	0.00	87.07
826.91	0.00	58.49
1680.31	0.00	30.69
1762.98	0.00	13.82
1762.98	0.00	10.11
1762.98	0.00	10.11
1762.98	0.00	5.06
1762.98	0.00	5.06
1762.98	0.00	5.06
1761.38	0.09	10.22
1762.98	0.00	15.17
1762.98	0.00	15.62
1221.46	0.00	58.89
953.01	0.00	65.94
1218.86	0.21	54.33
1543.60	0.00	46.09
348.99	0.00	49.69
1557.02	0.00	29.37
348.99	0.00	66.31
362.41	0.00	54.72
335.57	0.00	108.86
1783.01	0.00	52.28
474.51	0.00	106.57
473.75	0.00	96.77
1782.26	0.00	37.53
1782.26	0.00	37.53
1778.19	0.23	38.70
1702.03	0.00	62.99
851.40	0.00	76.28
472.50	0.11	118.84
563.38	0.00	134.14
1131.26	0.00	29.70
563.38	0.00	122.65
1122.24	0.00	82.91
1125.17	0.14	56.82
563.38	0.00	95.88
1121.06	0.11	50.74
1122.24	0.00	50.97
563.38	0.00	119.51
900.00	0.00	19.85
1798.10	0.11	9.81
1800.00	0.00	11.73
1800.00	0.00	9.70
900.00	0.00	13.98
1800.00	0.00	9.70
900.00	0.00	18.04
1800.00	0.00	9.92
1800.00	0.00	4.96
270.82	0.00	295.63
1825.70	0.00	116.88
1825.28	0.00	114.49
2096.17	0.00	19.66
2096.12	0.00	19.60
1825.63	0.00	105.27
2094.54	0.08	39.01
2096.09	0.00	38.31
270.47	0.00	168.35
1433.32	0.00	75.78
249.55	0.00	210.84
1433.48	0.00	21.53
1182.78	0.09	100.31
1433.40	0.00	21.53
1183.86	0.00	93.07
1432.02	0.09	42.10
1433.40	0.00	21.86
1433.32	0.00	42.12
0.00	100.00	0.00
1800.00	0.00	82.10
0.00	100.00	0.00
1800.00	0.00	4.96
0.00	100.00	0.00
0.00	100.00	0.00
1694.12	0.00	83.45
1800.00	0.00	15.79
1800.00	0.00	82.10
1317.07	0.00	62.24
339.29	0.00	175.45
1310.34	0.11	63.26
1314.40	0.00	45.07
921.68	0.00	121.19
1311.37	0.23	46.25
1317.07	0.00	24.04
1314.40	0.00	45.83
710.63	0.00	84.56
1579.40	0.00	49.94
1626.55	0.00	39.56
2168.73	0.00	18.88
564.36	0.25	49.14
306.45	0.00	64.37
1626.55	0.00	42.20
294.66	0.00	80.97
2154.66	0.11	18.33
2168.73	0.00	9.65
1012.58	0.00	88.63
1017.73	0.00	72.67
1230.54	0.00	64.32
1225.39	0.00	38.02
214.53	0.00	167.91
1229.84	0.20	49.64
1227.11	0.00	19.97
1222.57	0.09	54.58
1232.26	0.00	20.22
1896.27	0.00	24.51
1899.75	0.00	18.57
891.75	0.00	28.08
889.42	0.00	79.16
866.17	0.00	76.60
145.33	0.00	129.01
1902.08	0.00	9.58
889.42	0.00	35.16
1896.27	0.00	9.30
947.74	0.00	57.91
1822.06	0.00	95.39
947.64	0.00	35.75
1191.08	0.00	44.52
1190.88	0.00	62.05
947.74	0.00	36.35
1190.88	0.00	55.69
2138.82	0.00	34.28
316.86	0.00	155.18
711.11	0.14	73.46
764.86	0.00	70.15
1213.22	0.00	19.85
1898.96	0.00	13.78
1186.85	0.00	28.24
659.36	0.00	69.65
1925.33	0.00	13.90
1872.58	0.00	25.88
1872.58	0.00	27.15
1158.76	0.00	62.30
1600.87	0.00	38.86
1158.76	0.00	51.23
445.68	0.00	68.45
449.24	0.00	53.75
1599.42	0.09	26.68
1604.44	0.00	28.82
1608.00	0.00	15.14
1602.98	0.09	14.66
1996.55	0.00	29.95
1996.55	0.00	23.68
1996.55	0.00	29.95
2000.99	0.00	12.63
1996.55	0.00	23.81
2000.99	0.00	12.88
1441.95	0.00	43.55
2000.99	0.00	13.25
559.03	0.00	45.20
745.55	0.00	99.73
2060.52	0.00	29.79
2060.52	0.00	29.79
1320.85	0.00	58.50
2058.65	0.09	33.48
733.80	0.00	92.57
2072.27	0.00	16.52
2066.39	0.00	16.85
739.68	0.00	81.19
1583.96	0.27	86.24
1687.44	0.00	5.26
0.00	100.00	0.00
1687.44	0.00	39.40
1588.18	15.79	93.32
1685.65	0.11	5.37
0.00	100.00	0.00
99.26	0.00	82.25
0.00	100.00	0.00
1517.61	0.09	5.45
1518.99	0.00	5.35
1518.99	0.00	5.80
1518.99	0.00	10.14
1517.82	0.08	9.15
1517.38	0.11	9.70
1517.38	0.11	10.25
1518.99	0.00	5.80
1518.99	0.00	10.69
1403.59	0.09	35.33
1389.42	0.00	37.70
1402.89	0.14	27.68
1404.86	0.00	27.84
1651.87	0.00	24.20
385.95	0.00	70.10
1003.47	0.00	48.22
401.39	0.00	50.77
694.71	0.00	59.65
653.34	0.00	136.78
1365.02	0.00	48.72
90.76	0.00	219.27
1365.74	0.00	13.48
565.46	0.00	152.29
1365.02	0.00	26.68
1364.30	0.00	39.65
710.24	9.21	136.13
711.65	0.11	127.98
2300.32	0.00	8.74
2300.32	0.00	8.51
1149.12	0.09	4.71
1150.16	0.00	4.25
2300.32	0.00	3.76
1150.16	0.00	9.41
1150.16	0.00	8.96
2297.89	0.11	4.08
2300.32	0.00	3.98
1984.40	0.00	26.76
1984.40	0.00	26.84
1978.45	0.30	20.66
951.78	0.00	19.81
1132.18	0.25	103.79
1982.36	0.00	29.18
128.95	0.00	146.20
721.51	0.00	105.72
948.73	0.21	29.33
1643.76	0.00	20.65
1643.40	0.00	57.15
1643.58	0.00	19.97
285.81	0.14	208.84
1357.36	0.00	85.01
1641.27	0.14	20.54
1641.18	0.14	51.62
1356.13	0.09	94.39
1641.75	0.11	39.41
827.43	0.11	61.03
1674.24	0.00	33.81
1216.03	0.00	48.40
1674.24	0.00	26.37
1691.86	0.00	14.01
458.21	0.00	64.27
1674.24	0.00	26.73
1602.05	0.11	26.08
793.06	0.00	61.74
1565.36	0.14	41.22
1567.56	0.00	31.64
1565.61	0.09	47.10
1569.69	0.00	16.93
1556.33	0.14	30.38
1237.13	0.00	57.91
1568.62	0.00	16.75
1568.03	0.11	17.24
332.56	0.00	76.29
1650.32	0.00	47.08
1660.95	0.00	35.30
350.33	0.09	83.50
1300.24	0.00	78.39
1647.71	0.09	47.41
1646.28	0.21	34.53
1650.88	0.00	18.05
1650.88	0.00	17.84
1650.32	0.00	18.08
1500.00	0.00	15.79
1500.00	0.00	5.86
1500.00	0.00	18.50
1500.00	0.00	11.73
1500.00	0.00	5.86
1500.00	0.00	17.14
1500.00	0.00	5.86
1500.00	0.00	5.86
1500.00	0.00	11.73
0.00	100.00	0.00
1457.49	0.00	6.02
1453.09	0.30	106.45
1457.49	0.00	22.28
0.00	100.00	0.00
1457.49	0.00	6.02
1456.37	0.08	12.14
1457.49	0.00	102.73
728.74	0.00	17.39
1619.27	0.00	124.75
816.54	0.12	154.47
1516.46	0.00	493.36
1619.27	0.00	139.00
1619.27	0.00	93.37
817.54	0.00	131.90
817.54	0.00	88.86
102.81	0.00	686.86
1619.27	0.00	94.97
900.00	0.00	13.98
1800.00	0.00	10.38
900.00	0.00	22.10
1800.00	0.00	4.96
1800.00	0.00	4.96
1800.00	0.00	10.83
1800.00	0.00	15.34
900.00	0.00	9.47
900.00	0.00	18.04
1247.40	0.00	16.47
1247.40	0.00	11.31
1246.08	0.11	6.62
1247.40	0.00	11.76
1246.08	0.11	6.62
1247.40	0.00	6.51
1247.40	0.00	15.02
1246.27	0.09	13.13
1247.40	0.00	13.92
2104.57	0.00	55.47
1304.91	0.00	37.27
2551.93	0.00	11.47
2548.34	0.14	11.83
2551.21	0.00	22.16
2552.64	0.00	11.65
1232.73	0.00	35.21
446.64	0.00	60.25
2537.63	0.00	11.14
1515.84	0.11	30.75
1516.50	0.00	21.87
118.39	0.00	139.51
699.26	0.11	93.02
1516.50	0.00	21.95
698.27	0.25	100.73
1517.44	0.00	11.39
1515.13	0.09	22.28
1516.50	0.00	22.22
132.59	0.00	585.24
1062.28	0.00	60.50
864.18	5.72	235.71
1062.28	0.00	43.36
65.55	0.09	378.64
1061.35	0.08	42.71
1059.75	0.23	43.10
1062.07	0.00	62.66
1061.15	0.11	22.05
1192.40	0.00	36.90
2252.32	0.00	27.65
1148.24	0.00	36.56
2249.16	0.14	12.64
2252.32	0.00	12.54
2252.32	0.00	29.64
1102.08	0.18	49.76
1104.08	0.00	31.30
2252.32	0.00	12.77
1491.59	0.00	52.90
1825.20	0.00	34.77
1828.40	0.00	25.29
464.70	0.09	63.99
1831.61	0.00	13.49
1889.35	0.00	26.07
1423.69	0.26	47.65
400.97	0.00	59.12
1892.56	0.00	27.49
243.85	0.00	267.20
1150.68	0.00	26.93
671.49	0.20	138.21
1150.60	0.00	52.42
477.36	0.09	180.23
1149.46	0.11	27.92
906.83	0.00	143.78
1150.60	0.00	53.02
906.83	0.00	113.81
1556.79	0.00	59.46
1553.50	0.21	60.90
781.49	0.00	105.48
1556.79	0.00	49.51
781.49	0.00	62.71
1550.59	0.00	43.87
774.59	0.09	111.23
1562.99	0.00	25.79
1556.79	0.00	24.22
1345.96	0.00	52.03
283.62	0.00	113.54
1336.43	0.00	51.52
1336.88	0.00	38.94
1064.15	0.00	83.12
1336.43	0.00	52.29
1343.86	0.12	39.67
1345.96	0.00	19.91
1345.50	0.00	37.29
1762.98	0.00	10.56
1762.98	0.00	10.47
1762.98	0.00	12.37
1762.98	0.00	8.21
1762.98	0.00	5.06
1761.38	0.09	8.77
1762.98	0.00	8.67
1762.98	0.00	5.06
1762.98	0.00	9.21
0.00	100.00	0.00
1360.54	0.00	12.85
1360.54	0.00	6.42
0.00	100.00	0.00
1280.51	5.88	111.69
1360.54	0.00	19.27
1360.54	0.00	114.85
1357.65	0.21	13.43
1360.54	0.00	6.42
1528.18	0.00	87.97
1623.69	0.00	5.45
95.51	0.00	90.88
1623.69	0.00	10.91
1432.66	16.67	97.31
95.27	0.25	167.05
1528.18	0.00	90.66
95.51	0.00	85.47
0.00	100.00	0.00
1939.69	0.00	35.20
1942.95	0.00	14.25
1936.43	0.00	45.30
1940.90	0.11	14.77
1940.90	0.11	14.88
1929.91	0.00	13.96
1936.43	0.00	39.61
413.44	0.14	65.47
1515.89	0.00	58.32
1523.64	0.00	72.89
1839.71	0.11	25.65
176.46	0.12	197.31
1838.30	0.11	25.12
1844.48	0.00	13.01
830.86	0.20	107.88
831.74	0.09	123.62
1838.83	0.00	36.23
1841.66	0.00	12.86
1862.57	0.14	48.28
1862.91	0.12	48.73
911.69	0.00	52.84
326.54	0.00	131.55
1865.19	0.00	37.02
1875.61	0.00	36.92
1549.10	0.00	85.46
953.49	0.00	52.14
1865.19	0.00	18.43
2243.36	0.00	47.09
1953.90	0.00	103.17
289.48	0.00	130.02
1099.41	0.00	51.65
2241.31	0.09	35.66
1142.66	0.11	48.95
1951.83	0.11	98.41
289.47	0.00	124.32
2243.34	0.00	35.49
703.37	0.00	95.10
2087.59	0.00	14.87
2076.34	0.00	41.21
2081.97	0.00	35.01
2087.59	0.00	14.87
701.88	0.21	75.51
2081.97	0.00	28.61
2087.59	0.00	15.51
1378.60	0.00	48.52
1188.72	0.26	62.77
1201.31	0.00	50.73
1191.85	0.00	31.13
2362.63	0.09	31.14
2374.23	0.00	16.30
2362.27	0.11	30.44
2374.23	0.00	17.02
2374.23	0.00	16.97
1182.39	0.00	65.43
1467.59	0.00	44.41
1465.38	0.11	56.36
411.32	0.00	105.64
1480.09	0.00	34.61
1480.09	0.00	35.99
1480.75	0.00	18.78
1069.43	0.00	23.19
1480.75	0.00	18.90
1069.43	0.00	60.42
1597.41	0.00	33.36
1596.73	0.00	56.77
425.39	0.00	91.30
2008.51	0.00	31.69
426.75	0.00	68.50
1581.01	0.09	63.55
2006.37	0.14	15.23
2008.51	0.00	14.86
2007.15	0.00	41.21
1599.18	0.14	13.88
1601.42	0.00	13.97
1601.42	0.00	5.52
1601.42	0.00	9.69
1601.42	0.00	5.52
1601.42	0.00	13.06
1601.42	0.00	11.71
1601.42	0.00	5.52
1601.42	0.00	5.52
1903.46	0.00	37.98
1904.00	0.00	15.01
1580.89	0.00	64.68
333.77	0.00	67.44
1914.13	0.00	15.09
333.24	0.00	80.34
1900.79	0.14	14.77
1902.93	0.00	27.66
1568.80	0.09	58.74
704.20	0.00	246.88
1583.99	0.09	124.06
1079.99	0.00	202.79
703.44	0.11	245.44
1820.32	0.00	22.34
1820.32	0.00	22.34
1820.32	0.00	22.40
1116.06	0.00	195.33
234.89	0.00	161.88
1317.31	0.00	60.49
1088.60	0.00	105.10
229.08	0.00	175.01
1314.29	0.09	61.24
1316.21	0.00	22.23
1316.21	0.00	22.31
675.54	0.11	138.18
639.60	0.00	138.72
1316.95	0.00	43.33
647.51	0.14	83.30
1849.18	0.00	32.72
600.38	0.00	65.91
1224.78	0.00	56.95
624.40	0.00	86.84
599.12	0.21	81.61
624.40	0.00	81.86
720.46	0.00	90.05
600.38	0.00	94.66
1440.50	0.00	50.25
1894.93	0.11	29.50
1897.50	0.14	12.40
1896.93	0.00	23.23
1900.17	0.00	12.32
404.07	0.14	54.67
1893.69	0.00	21.29
1891.69	0.11	22.00
1893.69	0.00	21.58
816.70	0.00	104.66
1646.46	0.00	20.81
1633.39	0.00	39.02
823.23	0.00	41.17
816.70	0.00	36.09
1633.39	0.00	39.70
1633.39	0.00	40.37
816.70	0.00	68.57
1626.86	0.00	37.37
2000.00	0.00	9.25
2000.00	0.00	3.83
2000.00	0.00	6.54
1000.00	0.00	7.67
1000.00	0.00	5.86
1000.00	0.00	7.67
2000.00	0.00	7.67
2000.00	0.00	4.29
1000.00	0.00	10.38
1896.32	0.00	55.72
955.69	0.00	101.23
1888.80	0.00	39.31
948.16	0.00	58.18
1893.66	0.14	21.35
1881.27	0.00	54.81
940.64	0.00	103.43
1888.80	0.00	41.11
948.16	0.00	40.72
1870.13	0.00	72.94
1870.13	5.88	74.52
116.88	0.00	77.14
1987.01	0.00	4.56
1987.01	0.00	74.51
1987.01	0.00	4.56
1987.01	0.00	4.56
116.88	0.00	70.37
0.00	100.00	0.00
900.00	0.00	12.18
900.00	0.00	8.12
900.00	0.00	12.63
1800.00	0.00	9.25
1800.00	0.00	9.25
900.00	0.00	9.02
1800.00	0.00	9.47
1800.00	0.00	13.08
1800.00	0.00	4.96
1442.14	0.00	45.95
2777.45	0.00	11.49
1442.14	0.00	18.80
1388.72	0.00	19.09
1335.31	0.00	25.71
1335.31	0.00	45.11
2724.04	0.00	22.11
2830.86	0.00	12.55
1388.72	0.00	21.69
1164.91	0.20	84.28
1176.58	0.00	29.18
585.95	0.00	91.14
1171.89	0.00	66.33
1157.83	0.00	26.58
1167.21	0.00	75.10
1157.83	0.00	27.04
1148.46	0.00	64.16
585.95	0.00	109.96
2042.95	0.00	37.48
982.19	0.00	51.61
1060.76	0.00	51.73
982.19	0.00	55.86
2040.79	0.11	16.09
982.19	0.00	62.28
2042.95	0.00	15.97
1020.40	0.11	28.23
1060.76	0.00	62.12
0.00	100.00	0.00
2135.23	0.00	8.51
2135.23	0.00	70.90
2132.97	0.11	4.36
2135.23	0.00	4.25
2135.23	0.00	9.05
1067.62	0.00	8.06
2135.23	0.00	8.51
2133.29	0.09	4.35
1149.68	0.11	17.74
1150.90	0.00	17.37
1150.90	0.00	6.96
1150.90	0.00	11.57
1150.90	0.00	12.02
1150.90	0.00	12.47
1148.81	0.18	16.50
1150.90	0.00	6.96
1150.90	0.00	17.82
775.19	0.00	26.01
1459.19	3.03	93.16
1550.39	0.00	5.69
91.20	0.00	89.48
1550.39	0.00	100.86
1550.39	0.00	11.38
775.19	0.00	17.34
0.00	100.00	0.00
775.19	0.00	16.44
831.41	0.00	5.16
1662.82	0.00	9.32
1662.82	0.00	5.11
830.65	0.09	13.58
831.41	0.00	13.02
1661.06	0.11	5.21
1662.82	0.00	5.11
1662.82	0.00	9.54
1662.82	0.00	13.75
1685.59	0.00	38.81
698.77	0.00	101.67
986.83	0.00	71.99
1337.64	0.00	54.65
1697.00	0.00	15.50
709.42	0.11	85.05
359.37	0.00	70.18
982.01	0.20	70.61
1680.96	0.11	28.55
1896.49	0.14	44.01
949.58	0.00	79.08
949.58	0.00	59.75
1904.73	0.11	18.35
1899.15	0.00	18.03
1899.15	0.00	17.75
1891.55	0.00	32.54
1899.15	0.00	18.25
1891.55	0.00	33.22
1426.10	0.00	30.67
1342.65	0.00	33.05
1924.33	0.00	46.18
2434.83	0.14	12.56
2439.08	0.00	12.28
2437.43	0.00	23.34
2439.08	0.00	12.00
516.40	0.00	68.93
1012.98	0.00	25.15
791.62	0.00	103.13
791.62	0.00	93.50
791.62	0.00	102.44
1583.25	0.00	26.00
1580.71	0.16	26.79
785.34	0.00	87.04
1583.25	0.00	26.73
785.34	0.00	118.59
784.24	0.14	99.65
986.84	0.00	8.68
985.46	0.14	8.80
1973.68	0.00	4.57
1973.68	0.00	4.57
1973.68	0.00	16.23
986.84	0.00	15.55
986.84	0.00	17.36
1973.68	0.00	9.13
1973.68	0.00	10.03
863.55	0.00	100.24
860.09	0.00	94.03
1291.87	0.00	46.44
431.77	0.00	140.17
431.77	0.00	128.32
1290.69	0.09	48.15
1291.87	0.00	49.05
1293.74	0.12	25.93
1288.69	0.25	48.81
450.70	0.00	120.29
2571.57	0.00	34.98
2123.87	0.00	61.38
2571.69	0.00	14.13
2120.99	0.00	15.80
2571.66	0.00	33.56
2571.11	0.00	13.66
2571.11	0.00	13.74
2571.54	0.00	26.45
1510.45	0.14	50.11
1194.27	0.00	75.30
1512.57	0.00	37.64
1512.06	0.00	35.48
1509.09	0.20	36.38
1194.78	0.00	22.87
1510.72	0.12	19.31
318.30	0.00	118.97
1512.57	0.00	19.17
132.04	0.00	65.99
2244.72	0.00	4.07
2239.09	0.25	66.61
1122.36	0.00	7.69
1122.36	0.00	7.69
1122.36	0.00	11.62
2244.72	0.00	8.14
2112.68	3.03	66.47
0.00	100.00	0.00
1461.14	0.12	19.61
2709.13	0.00	9.32
2709.13	0.00	9.32
2759.93	0.12	9.94
2704.79	0.16	10.16
2709.13	0.00	10.10
2704.79	0.16	10.16
2763.31	0.00	10.13
1354.56	0.00	26.71
1571.68	0.11	20.66
1571.14	0.14	15.40
1573.35	0.00	11.22
1388.25	11.76	93.80
92.55	0.00	88.19
92.44	0.12	176.69
1479.23	0.11	98.16
0.00	100.00	0.00
1573.35	0.00	11.22
929.75	0.00	34.27
1256.36	0.12	24.77
929.75	0.00	34.95
1257.90	0.00	40.89
473.99	0.00	28.77
455.76	0.00	62.49
2169.42	0.00	10.25
1256.76	0.09	25.47
2169.42	0.00	10.35
1349.33	0.00	9.92
1349.33	0.00	10.37
1349.33	0.00	4.35
1346.45	0.21	5.92
1349.33	0.00	4.91
1349.33	0.00	7.26
1346.01	0.25	8.39
1346.47	0.21	9.49
1349.33	0.00	5.92
1244.81	0.00	19.57
73.22	0.00	118.31
1243.07	0.14	7.09
1243.50	0.11	125.52
0.00	100.00	0.00
1171.59	0.00	113.10
1244.81	0.00	20.92
0.00	100.00	0.00
1244.81	0.00	13.95
1564.29	0.00	38.03
782.15	0.00	91.20
1149.04	0.00	81.01
1564.29	0.00	33.65
780.22	0.25	101.73
208.46	0.00	82.02
208.27	0.09	125.35
1562.62	0.00	28.22
1562.62	0.00	42.93
0.00	100.00	0.00
0.00	100.00	0.00
1247.40	0.00	125.48
1247.40	0.00	128.38
1174.02	0.00	111.97
1244.95	0.20	14.14
0.00	100.00	0.00
1247.40	0.00	6.96
0.00	100.00	0.00
1298.89	0.00	63.00
562.16	0.12	80.31
1477.27	0.00	56.67
216.48	0.00	88.31
2074.76	0.00	18.63
2076.49	0.00	9.67
2076.49	0.00	9.76
2076.49	0.00	9.71
597.49	0.00	60.03
1292.61	0.21	106.16
466.82	0.20	376.64
825.57	0.25	244.45
1295.35	0.00	106.57
1128.24	0.00	166.30
1295.39	0.00	61.96
1295.39	0.00	59.75
167.16	0.00	224.34
794.23	0.00	278.98
1890.75	0.00	40.85
1890.75	0.00	41.15
416.16	0.00	92.66
1894.03	0.00	16.30
1881.81	0.30	33.74
1887.47	0.00	29.90
735.74	0.21	74.51
737.29	0.00	81.57
1890.75	0.00	15.94
1380.42	0.20	57.60
1744.52	0.25	27.49
1751.77	0.00	14.36
368.64	0.00	80.11
1738.14	0.11	29.27
1737.54	0.14	13.98
722.53	0.00	67.89
1739.98	0.00	13.80
1017.44	0.00	59.07
1291.89	0.09	91.51
766.18	0.00	110.78
1567.48	0.00	33.85
1567.48	0.00	34.09
1567.92	0.00	17.68
1567.48	0.00	34.33
757.40	0.00	100.26
1568.36	0.00	17.99
274.42	0.00	96.96
571.85	0.00	527.35
1406.22	0.00	115.77
1124.98	0.00	204.54
506.60	0.00	342.14
1404.72	0.11	87.02
1404.74	0.11	43.09
1406.22	0.00	42.51
1406.20	0.00	83.25
281.24	0.00	594.79
866.63	0.00	12.85
866.63	0.00	8.39
1730.84	0.14	5.25
1733.27	0.00	5.14
1733.27	0.00	9.50
1731.70	0.09	9.93
1729.87	0.20	13.64
865.58	0.12	8.84
866.63	0.00	9.82
1540.01	0.00	25.53
1540.01	0.00	20.35
1122.52	0.20	36.74
1540.01	0.00	20.89
1572.41	0.14	11.44
1557.32	0.00	11.57
1555.67	0.11	11.92
1540.01	0.00	21.42
432.59	0.00	41.31
910.99	0.20	65.83
1658.95	0.00	32.65
905.54	0.00	74.53
1663.86	0.14	19.01
1658.95	0.00	33.70
1666.20	0.00	19.15
1666.20	0.00	19.40
1658.95	0.00	34.44
1663.53	0.16	20.56
1294.09	0.21	16.56
1295.46	0.11	11.28
1296.83	0.00	14.88
1296.83	0.00	11.62
1295.46	0.11	6.82
1296.83	0.00	13.72
1296.83	0.00	12.07
1296.83	0.00	12.52
1296.83	0.00	12.97
481.90	0.11	89.07
1253.51	0.00	37.07
1705.54	0.00	53.61
1728.33	0.00	33.76
488.97	0.21	98.27
1253.51	0.00	55.92
1633.37	0.00	53.10
474.82	0.00	63.39
474.82	0.00	124.72
1737.63	0.00	37.11
1737.63	0.00	28.72
1290.28	0.00	51.39
1737.63	0.00	29.20
476.92	0.00	91.88
1663.69	0.00	27.69
465.83	0.00	51.51
1200.46	0.09	46.37
1737.63	0.00	14.79
1602.06	0.00	35.75
1157.04	0.00	56.45
1602.06	0.00	36.62
801.03	0.00	55.07
801.03	0.00	79.01
1605.62	0.00	15.25
1600.36	0.11	29.44
1605.62	0.00	15.90
445.02	0.00	71.21
1523.04	0.11	31.85
760.50	0.00	145.91
1521.00	0.00	53.80
761.72	0.00	115.46
760.50	0.00	153.17
1531.95	0.00	32.40
1521.00	0.00	54.92
1522.22	0.00	29.90
759.81	0.09	135.53
1416.21	0.00	22.48
1416.21	0.00	17.20
1416.21	0.00	12.37
1416.21	0.00	13.05
1416.21	0.00	12.37
708.10	0.00	18.33
1414.92	0.09	18.67
1416.21	0.00	13.27
708.10	0.00	24.29
1201.47	0.00	181.12
1200.14	0.00	52.84
209.00	0.00	376.76
1410.42	0.00	52.15
1410.41	0.00	77.47
1199.21	0.08	152.96
1410.42	0.00	61.18
1410.42	0.00	26.88
1410.41	0.00	76.22
1310.75	0.00	44.24
1329.75	0.00	29.27
1329.75	0.00	30.08
474.91	0.00	81.73
1367.74	0.00	15.58
852.27	0.30	46.72
1329.75	0.00	30.56
474.91	0.00	69.11
474.91	0.00	78.35
1341.28	0.00	15.71
1341.28	0.00	11.56
1338.83	0.18	11.58
1341.28	0.00	12.01
1341.28	0.00	10.56
1341.28	0.00	6.50
1341.28	0.00	6.50
1341.28	0.00	6.50
1341.28	0.00	12.46
2088.17	0.00	4.34
1044.08	0.00	11.39
2088.17	0.00	8.45
1044.08	0.00	12.40
2088.17	0.00	4.34
2088.17	0.00	4.34
1042.62	0.14	8.35
2088.17	0.00	4.34
1044.08	0.00	12.29
1905.31	0.00	68.70
1902.11	0.00	71.98
1428.83	0.00	114.03
491.73	0.00	137.25
1905.31	0.00	26.17
1905.31	0.00	26.28
476.48	0.00	181.79
857.67	0.00	83.95
1905.16	0.00	50.77
514.99	0.00	68.18
1419.86	0.11	41.28
1419.86	0.11	37.34
514.99	0.00	40.90
1358.13	0.11	24.95
1050.57	0.00	18.09
535.59	0.00	29.56
1418.57	0.20	27.20
1338.96	0.00	32.92
1189.30	0.00	62.69
739.29	0.00	70.50
1221.44	0.00	21.38
465.65	0.09	109.88
1221.44	0.00	21.52
466.08	0.00	102.14
1219.73	0.14	22.32
803.58	0.00	60.65
401.79	0.00	117.24
1664.53	0.00	37.97
1672.98	0.00	38.64
1320.92	0.00	52.90
354.87	0.00	68.92
1675.79	0.00	15.45
1664.53	0.00	14.69
1661.71	0.00	27.91
1658.90	0.00	39.35
1672.98	0.00	32.66
1448.16	0.08	17.14
1449.28	0.00	10.98
1449.28	0.00	12.65
1449.28	0.00	11.21
724.64	0.00	15.91
1449.28	0.00	11.43
724.64	0.00	12.11
1447.74	0.11	6.16
1449.28	0.00	6.05
1567.59	0.00	49.99
332.23	0.09	119.40
1235.44	0.14	79.09
650.73	0.00	118.24
982.20	0.00	83.29
332.00	0.00	103.84
1567.59	0.00	18.88
1567.06	0.00	36.02
649.02	0.26	106.69
934.62	0.00	83.56
919.90	0.00	77.04
1847.16	0.00	41.01
927.26	0.00	38.34
926.42	0.09	89.52
919.90	0.00	77.04
927.26	0.00	42.91
1859.26	0.14	23.79
919.90	0.00	82.10
1544.06	0.00	33.07
109.36	0.00	217.08
473.03	0.00	148.00
1051.27	0.23	71.26
1544.06	0.00	12.22
1543.19	0.00	23.86
767.43	0.09	122.83
1433.40	0.09	50.83
1544.06	0.00	12.33
1631.14	0.00	56.88
241.49	0.12	142.93
1631.14	0.00	58.88
908.47	0.00	159.44
1389.42	0.00	102.00
721.70	0.12	192.25
1388.04	0.08	136.08
241.64	0.00	135.65
1631.06	0.00	42.81
338.69	0.00	76.63
1572.17	0.14	16.69
1229.10	0.11	69.76
1569.53	0.14	31.78
333.40	0.00	79.55
1574.38	0.00	16.86
1240.99	0.00	65.71
1577.03	0.00	16.53
1571.74	0.00	32.08
719.71	0.00	25.11
719.71	0.00	17.65
719.71	0.00	30.84
1435.88	0.25	16.51
1437.90	0.11	12.30
1439.42	0.00	12.18
1439.42	0.00	12.18
719.06	0.09	11.84
1437.90	0.11	12.52
1639.34	0.00	47.37
1639.34	0.00	39.02
1639.34	0.00	48.49
1639.34	0.00	39.02
819.67	0.00	65.86
1639.34	0.00	45.34
1606.56	0.00	46.03
819.67	0.00	83.00
1632.79	0.00	35.78
1602.58	0.11	13.39
1604.28	0.00	15.18
1604.28	0.00	5.51
0.00	100.00	0.00
1604.28	0.00	93.59
802.14	0.00	21.60
1604.28	0.00	16.54
0.00	100.00	0.00
802.14	0.00	21.60
1557.70	0.09	15.33
1559.12	0.00	5.66
1557.47	0.11	5.54
1556.93	0.14	5.37
1557.70	0.09	5.53
1559.12	0.00	9.79
778.85	0.09	9.81
1559.12	0.00	13.41
778.85	0.09	9.26
18000.00	0.00	0.45
0.00	100.00	0.00
0.00	100.00	0.00
0.00	100.00	0.00
0.00	100.00	0.00
0.00	100.00	0.00
0.00	100.00	0.00
0.00	100.00	0.00
0.00	100.00	0.00
1686.19	0.14	8.84
1688.56	0.00	5.48
1688.56	0.00	5.93
1686.77	0.11	7.38
1687.25	0.08	4.90
1688.56	0.00	4.81
1686.77	0.11	5.36
1688.56	0.00	5.26
1688.56	0.00	5.26
1442.31	0.16	9.45
1444.62	0.00	9.89
1444.62	0.00	5.62
1443.31	0.09	6.62
1444.62	0.00	7.52
1444.62	0.00	7.97
1444.62	0.00	6.07
1444.62	0.00	6.07
1444.62	0.00	9.32
1499.48	0.00	43.72
1183.93	0.00	58.28
320.31	0.09	77.74
1491.91	0.00	16.30
1491.91	0.00	16.40
1489.38	0.00	31.11
1491.91	0.00	16.49
1489.38	0.00	31.39
1486.86	0.00	43.95
1514.41	0.00	64.17
2020.58	0.00	31.64
921.23	0.14	33.58
2028.74	0.00	16.38
510.25	0.00	113.58
1501.70	0.30	68.30
510.25	0.00	108.07
2024.66	0.00	16.83
1002.76	0.14	29.60
1108.57	0.11	67.57
1109.74	0.00	7.77
1109.74	0.00	12.38
2219.48	0.00	8.49
2219.48	0.00	4.38
1109.74	0.00	13.73
1109.74	0.00	77.63
1109.74	0.00	8.32
2219.48	0.00	8.77
1230.97	0.00	61.96
1230.89	0.00	65.37
1230.97	0.00	46.29
1230.97	0.00	46.58
1230.02	0.08	47.17
261.15	0.00	146.52
1230.89	0.00	66.97
971.49	0.00	100.30
1229.86	0.09	23.71
490.34	0.14	108.76
954.78	0.00	77.62
1457.50	0.00	41.45
1457.50	0.00	41.90
1461.40	0.00	22.62
486.76	0.08	108.03
969.34	0.11	73.28
1441.91	0.00	39.24
1453.61	0.00	39.38
1298.10	0.00	46.87
1031.88	0.00	66.80
275.02	0.00	120.76
1300.30	0.00	17.37
1295.90	0.00	32.85
1296.93	0.09	17.85
1292.27	0.28	33.80
1022.00	0.11	55.89
1295.90	0.00	33.70
936.32	0.00	42.24
1789.41	0.00	23.47
1808.30	0.11	10.52
1810.22	0.00	10.45
519.54	0.12	34.87
1767.24	0.08	16.95
1766.73	0.11	16.70
1789.41	0.00	9.76
1789.41	0.00	9.89
1324.58	0.00	25.30
1308.81	0.00	63.61
1311.07	0.23	48.95
657.03	0.00	81.97
1324.58	0.00	26.74
1324.58	0.00	26.47
1308.81	0.00	43.19
1306.97	0.14	44.25
657.03	0.00	99.69
874.16	0.00	78.58
1734.44	0.00	37.14
1734.44	0.00	46.63
1727.50	0.00	51.42
867.22	0.00	89.11
1734.44	0.00	39.38
1730.17	0.25	41.58
1741.38	0.00	21.47
1741.38	0.00	21.75
1537.61	0.14	66.98
1533.66	0.00	48.25
775.99	0.00	127.59
1539.77	0.00	25.78
774.90	0.14	123.13
763.77	0.00	127.35
1533.66	0.00	49.37
1539.77	0.00	27.12
762.16	0.21	99.47
754.09	0.00	94.63
1040.64	0.00	76.95
383.08	0.00	76.21
382.54	0.14	54.01
1402.60	0.00	63.58
1412.68	0.14	57.42
1788.69	0.00	40.47
1402.60	0.00	57.40
380.06	0.00	69.11
1731.62	0.00	57.00
2099.55	0.00	12.82
2096.98	0.12	13.24
1018.19	0.09	44.52
1731.62	0.00	44.28
1080.44	0.00	23.84
365.01	0.00	102.93
2096.63	0.00	12.60
2093.69	0.14	25.01
463.65	0.11	309.38
232.11	0.00	234.45
1345.77	0.00	110.83
2727.24	0.00	22.26
1345.77	0.00	41.45
688.46	0.00	101.72
2727.24	0.00	22.26
2227.44	0.00	220.09
2495.14	0.00	172.96
725.36	0.00	17.24
1450.72	0.00	12.10
1450.72	0.00	12.10
725.36	0.00	20.13
1362.91	6.05	102.48
1450.72	0.00	6.05
85.34	0.00	191.20
0.00	100.00	0.00
725.36	0.00	17.69
796.98	0.14	87.28
791.77	0.00	102.68
1583.54	0.00	41.70
1589.87	0.00	22.62
1582.10	0.09	42.31
1583.54	0.00	42.70
1589.87	0.00	23.79
1583.54	0.00	42.14
1589.87	0.00	44.55
1336.47	0.14	63.24
1338.35	0.00	46.54
233.17	0.11	132.16
1336.86	0.00	44.97
233.05	0.00	135.83
1337.97	0.00	44.93
1105.30	0.00	104.03
1337.97	0.00	45.09
1103.81	0.00	112.67
1831.12	0.00	55.54
1126.50	0.11	24.73
1077.67	0.00	24.03
386.60	0.00	58.58
385.99	0.00	69.54
2204.75	0.00	12.69
2204.75	0.00	12.77
1818.77	0.00	51.54
2202.42	0.11	13.24
1604.28	0.00	14.73
802.14	0.00	17.54
1604.28	0.00	5.51
802.14	0.00	10.57
1604.28	0.00	14.96
1602.03	0.14	5.63
802.14	0.00	10.57
800.40	0.22	16.22
1604.28	0.00	11.02
500.00	0.00	606.28
916.67	0.00	154.77
1000.00	0.00	519.44
1498.41	0.11	177.85
983.33	0.00	520.22
1500.00	0.00	131.12
1500.00	0.00	67.21
583.33	0.00	832.09
1500.00	0.00	67.51
699.30	0.00	132.75
693.79	0.00	75.18
1387.58	0.00	64.44
688.28	0.00	64.06
1376.57	0.00	69.69
1387.58	0.00	28.19
1387.58	0.00	28.42
1376.57	0.00	71.27
688.28	0.00	127.21
980.84	0.00	62.99
1072.38	0.00	35.02
1503.95	0.00	51.31
1066.89	0.11	24.09
544.91	0.00	71.82
1072.38	0.00	35.99
980.84	0.00	32.63
1961.67	0.00	23.74
983.99	0.12	24.63
466.86	0.00	130.97
1354.84	0.14	17.94
1354.84	0.00	41.71
237.94	0.11	132.24
695.52	0.00	89.29
886.08	0.00	74.59
657.41	0.00	97.80
1112.55	0.20	65.58
1351.03	0.00	46.16
779.50	0.14	52.68
1530.70	0.00	47.75
1524.60	0.00	65.26
779.89	0.09	80.52
762.30	0.00	79.51
762.30	0.00	94.80
1548.99	0.00	26.18
762.30	0.00	120.88
1536.79	0.00	62.89
1247.31	0.00	98.57
984.93	0.00	147.65
1247.31	0.00	53.51
262.46	0.00	317.38
993.16	0.00	142.91
1245.99	0.11	56.09
1247.31	0.00	54.40
1247.40	0.00	27.52
1247.31	0.00	54.69
1464.07	0.00	38.56
94.76	0.00	235.85
1463.76	0.00	40.47
1464.22	0.00	14.03
457.90	0.00	179.37
1464.22	0.00	14.17
1463.92	0.00	27.76
1464.07	0.00	14.23
910.90	7.78	141.42
1686.97	0.00	11.19
1686.97	0.00	8.73
1686.97	0.00	5.26
1683.13	0.23	9.41
1683.13	0.23	10.31
1684.61	0.14	5.38
1686.97	0.00	5.26
1686.97	0.00	4.81
1686.97	0.00	8.73
1181.10	0.00	10.93
1179.44	0.14	7.90
2362.20	0.00	4.11
2362.20	0.00	4.11
1181.10	0.00	11.04
2362.20	0.00	4.11
1181.10	0.00	10.48
2362.20	0.00	8.23
2362.20	0.00	4.11
2151.97	0.00	23.10
2151.97	0.00	24.14
1436.44	0.18	45.42
343.26	0.00	56.88
2165.18	0.00	9.77
330.06	0.00	55.99
1541.38	0.21	34.22
607.31	0.00	30.92
2151.97	0.00	9.49
1252.17	33.33	89.22
1878.26	0.00	9.62
626.09	0.00	19.96
313.04	0.00	100.57
626.09	0.00	13.42
313.04	0.00	100.46
0.00	100.00	0.00
626.09	0.00	13.65
1252.17	0.00	31.52
1538.57	0.00	40.40
1542.03	0.00	32.72
1123.68	0.00	39.39
1555.86	0.00	14.25
1542.03	0.00	12.90
435.64	0.00	48.65
1533.40	0.34	41.84
1537.18	0.09	23.83
1538.57	0.00	24.03
1604.28	0.00	31.94
1593.56	0.00	31.14
1607.85	0.00	13.91
1602.58	0.11	31.56
1161.23	0.00	41.15
1607.85	0.00	14.16
1604.28	0.00	26.34
446.63	0.00	49.61
1589.99	0.00	23.99
1948.05	0.00	10.93
974.03	0.00	6.98
1948.05	0.00	8.11
1948.05	0.00	4.39
974.03	0.00	8.34
1948.05	0.00	11.10
1948.05	0.00	8.11
1945.32	0.14	4.73
1948.05	0.00	8.79
1905.92	0.00	53.94
282.42	0.00	175.02
1905.62	0.00	19.99
1905.91	0.00	20.05
1905.90	0.00	39.17
1905.91	0.00	20.25
1905.91	0.00	20.32
1623.57	0.00	97.54
1905.90	0.00	57.22
2176.80	0.00	46.30
1213.41	0.00	46.09
2173.74	0.14	46.55
963.39	0.00	55.63
322.85	0.00	143.90
2426.81	0.00	32.29
2176.80	0.00	35.06
1856.01	0.00	87.34
2176.80	0.00	17.66
453.14	0.00	134.65
449.10	0.11	89.75
1248.81	0.00	58.60
802.81	0.00	81.89
1172.64	0.11	65.70
1604.15	0.09	53.27
1255.94	0.00	23.44
802.81	0.00	76.38
446.00	0.00	131.03
1187.82	0.00	33.47
1370.56	0.00	39.43
1142.13	0.00	36.27
2284.26	0.00	11.55
2284.26	0.00	11.77
2281.06	0.14	12.10
1142.13	0.00	36.05
2238.58	0.00	22.82
1142.13	0.00	23.66
285.43	0.00	172.01
1912.50	0.14	20.41
1915.21	0.00	20.10
1924.30	0.00	53.47
1915.17	0.00	39.08
1915.19	0.00	20.10
796.81	0.00	195.42
1915.19	0.00	20.23
1126.01	0.00	143.14
904.21	0.00	46.85
345.64	0.00	96.99
1247.09	0.00	39.38
896.78	0.21	75.58
1242.06	0.18	59.75
1245.34	0.14	40.08
351.18	0.00	73.33
1247.09	0.00	19.66
898.68	0.00	75.97
1415.97	0.00	45.47
1415.97	0.00	45.76
536.35	0.00	101.25
1415.97	0.00	34.46
1415.97	0.00	34.74
300.36	0.00	81.90
1370.68	0.00	17.75
831.94	0.00	72.22
1404.05	0.00	46.05
0.00	100.00	0.00
653.66	0.28	19.65
1311.00	0.00	13.29
1307.06	0.30	16.27
1311.00	0.00	6.64
1311.00	0.00	13.29
1311.00	0.00	119.93
1311.00	0.00	13.29
1311.00	0.00	13.40
1899.13	0.00	43.95
949.57	0.00	58.24
1899.13	0.00	17.21
1891.54	0.00	31.50
1899.13	0.00	17.21
1899.13	0.00	39.22
948.41	0.12	69.46
1899.13	0.00	18.16
1896.47	0.14	18.59
1793.09	0.00	32.31
1791.17	0.00	41.45
1793.09	0.00	24.48
1795.01	0.00	12.77
1793.09	0.00	24.72
1315.06	0.00	62.59
1791.17	0.00	23.70
239.97	0.00	72.05
239.64	0.14	90.53
294.92	0.00	149.77
1693.18	0.00	52.50
1398.73	0.00	93.14
1691.30	0.00	40.00
1691.20	0.00	52.99
869.20	0.00	127.67
822.09	0.00	126.11
1688.92	0.25	38.99
1693.09	0.00	37.92
830.17	0.00	90.11
830.18	0.00	149.02
1664.87	0.00	83.70
1496.07	0.00	239.92
1663.36	0.09	63.23
1664.87	0.00	31.55
169.70	0.11	441.75
468.46	0.09	265.35
1190.55	0.00	268.70
719.71	0.00	17.65
719.71	0.00	16.55
1437.90	0.11	16.94
1436.60	0.20	18.18
1439.42	0.00	12.18
1439.42	0.00	18.05
1438.12	0.09	6.19
1439.42	0.00	6.09
1437.12	0.16	6.21
1469.20	0.00	41.79
1031.18	0.00	62.17
1441.83	0.00	23.62
228.14	0.00	71.92
1432.70	0.00	33.50
1432.70	0.00	33.71
1478.33	0.00	12.56
227.90	0.11	90.27
1478.33	0.00	12.63
1315.79	0.00	15.17
1315.79	0.00	16.52
1314.40	0.11	6.18
1315.79	0.00	14.62
1315.79	0.00	6.08
1315.79	0.00	10.80
1313.68	0.16	6.20
1314.60	0.09	14.73
1315.79	0.00	11.80
981.14	0.20	74.50
1966.14	0.00	9.16
1966.14	0.00	4.58
1963.73	0.12	9.73
983.07	0.00	8.72
1966.14	0.00	4.58
1966.14	0.00	9.16
983.07	0.00	80.06
1964.35	0.09	4.68
1153.11	0.00	20.39
1729.66	0.00	8.96
1727.23	0.14	9.31
1729.66	0.00	9.45
864.83	0.00	9.05
576.55	0.00	13.80
864.83	0.00	12.58
1729.66	0.00	5.15
1729.66	0.00	5.15
1589.88	0.11	33.60
1591.56	0.00	26.15
1591.56	0.00	26.15
1152.02	0.00	44.79
1595.11	0.00	14.38
1591.56	0.00	26.78
1595.11	0.00	14.75
1598.65	0.00	14.97
442.38	0.16	51.75
0.00	100.00	0.00
1413.02	11.76	103.77
94.20	0.00	86.65
1599.18	0.14	11.17
0.00	100.00	0.00
1601.42	0.00	93.52
1507.22	0.00	89.35
1601.42	0.00	11.04
0.00	100.00	0.00
1184.84	0.00	78.61
1183.18	0.14	60.50
1184.84	0.00	60.74
594.78	0.00	105.18
1183.18	0.14	30.19
1184.84	0.00	29.93
1180.12	0.00	54.87
588.90	0.20	141.29
1176.81	0.28	57.19
1293.59	0.32	16.27
1297.77	0.00	6.71
1297.77	0.00	6.71
1297.77	0.00	11.87
1297.77	0.00	9.96
1296.59	0.09	11.08
1297.77	0.00	11.52
1297.77	0.00	6.71
1297.77	0.00	11.97
1446.53	0.00	55.71
1233.32	0.00	123.43
1447.83	0.00	49.56
214.58	0.00	197.47
426.92	0.11	206.97
1447.83	0.00	49.53
1447.76	0.00	75.36
1446.30	0.11	25.28
1017.64	0.00	179.26
1595.79	0.00	31.32
1595.79	0.00	24.49
1171.38	0.00	36.62
441.39	0.00	46.32
1612.77	0.00	13.39
779.82	0.14	24.16
1526.50	0.09	23.53
763.01	0.12	21.51
1510.91	0.00	31.57
770.55	0.00	94.84
1539.47	0.11	11.55
1539.21	0.12	5.83
1537.31	0.25	11.68
1541.10	0.00	11.44
1541.10	0.00	95.74
770.55	0.00	10.99
770.55	0.00	101.46
0.00	100.00	0.00
1054.04	0.09	147.12
1274.77	0.18	83.35
1277.17	0.00	51.33
222.15	0.11	244.62
1055.00	0.00	128.18
1054.04	0.09	119.63
1277.46	0.00	25.37
222.19	0.12	140.58
1277.39	0.00	49.10
1486.60	0.23	28.23
1015.90	0.00	37.75
1535.14	0.00	12.87
1512.57	0.00	12.89
1467.42	0.00	29.93
1462.52	0.33	31.36
563.79	0.11	46.68
1580.29	0.00	13.38
1489.99	0.00	12.16
1470.22	0.00	57.36
1858.93	0.00	25.34
1858.93	0.00	25.63
1858.93	0.00	29.06
1860.10	0.11	14.06
1860.10	0.11	14.06
391.85	0.00	76.05
1856.33	0.14	13.30
1858.93	0.00	13.00
1401.87	0.00	22.27
1401.87	0.00	12.49
700.93	0.00	16.75
1401.87	0.00	6.24
1401.87	0.00	12.26
700.19	0.11	12.15
1400.16	0.12	6.35
1401.87	0.00	17.83
1401.87	0.00	12.49
1714.30	0.00	48.92
483.81	0.00	85.45
1718.11	0.00	39.52
1715.36	0.16	15.18
1716.29	0.11	15.30
1718.11	0.00	15.15
1714.30	0.00	28.24
1714.30	0.00	28.62
1238.10	0.00	51.91
1953.90	0.00	16.62
1953.90	0.00	75.71
1838.96	0.00	73.90
1953.90	0.00	4.61
1952.39	0.08	4.70
114.83	0.09	71.26
0.00	100.00	0.00
1953.90	0.00	4.61
1953.90	0.00	4.61
984.39	0.09	13.31
115.92	0.00	75.06
1970.57	0.00	13.71
1970.57	0.00	75.95
985.29	0.00	8.69
1970.57	0.00	9.14
0.00	100.00	0.00
1970.57	0.00	4.57
1970.57	0.00	4.57
1578.05	0.11	66.43
937.25	0.00	232.20
1579.68	0.00	61.59
1375.89	0.00	132.71
203.63	0.11	183.21
1578.00	0.11	48.38
609.40	0.28	277.45
1579.68	0.00	24.63
1579.66	0.00	70.38
1983.79	0.11	40.13
1985.33	0.00	52.16
1641.91	0.00	64.94
1640.64	0.08	68.18
1020.87	0.00	29.61
965.02	0.00	54.86
1986.44	0.00	16.00
345.27	0.11	83.56
345.77	0.12	87.03
1090.90	0.00	216.69
688.01	0.00	300.35
1779.21	0.00	82.20
907.24	0.00	44.62
1779.21	0.00	23.92
907.24	0.00	65.71
1549.64	0.00	127.65
1777.33	0.11	24.51
229.58	0.00	210.52
303.35	0.00	284.62
1719.04	0.00	42.63
107.28	0.11	218.98
1715.66	0.20	29.71
1415.86	0.00	144.14
1175.89	6.79	167.22
329.73	0.00	191.95
817.04	0.00	28.56
107.05	0.00	211.67
18000.00	0.00	0.45
0.00	100.00	0.00
0.00	100.00	0.00
0.00	100.00	0.00
0.00	100.00	0.00
0.00	100.00	0.00
0.00	100.00	0.00
0.00	100.00	0.00
0.00	100.00	0.00
638.49	0.11	105.52
1272.05	0.09	74.93
1278.32	0.00	63.53
1278.32	0.00	49.24
1283.44	0.00	26.62
639.16	0.00	117.10
1281.63	0.14	28.00
1278.32	0.00	50.87
1273.21	0.00	45.21
1474.20	0.00	21.97
1472.86	0.09	12.08
1474.20	0.00	13.10
737.10	0.00	11.58
1472.13	0.14	6.08
1474.20	0.00	12.20
737.10	0.00	16.29
1474.20	0.00	12.09
1474.20	0.00	5.96
487.99	0.00	88.74
487.99	0.00	75.90
507.51	0.00	35.09
877.31	0.12	48.16
1385.89	0.00	15.94
1366.37	0.00	29.04
878.38	0.00	50.00
1366.37	0.00	29.52
1364.45	0.14	30.28
690.61	0.00	100.50
924.96	0.00	111.38
236.24	0.00	159.14
1349.52	0.00	22.75
424.55	0.00	150.56
1349.14	0.00	44.07
657.39	0.23	141.92
1120.45	0.00	117.58
658.53	0.00	154.82
1240.72	0.00	25.87
1243.05	0.21	49.93
1254.34	0.11	27.71
1222.09	0.30	45.15
1225.77	0.00	47.01
622.28	0.09	83.53
622.09	0.12	103.58
1218.39	0.20	64.00
1220.78	0.00	60.08
891.16	0.00	59.57
962.45	0.00	45.76
891.16	0.00	36.37
1746.67	0.00	33.61
889.53	0.18	49.72
890.07	0.12	33.41
891.16	0.00	44.91
1817.97	0.00	15.35
890.35	0.09	39.75
511.79	0.00	202.58
512.61	0.00	147.64
1085.00	0.00	106.73
1431.51	0.11	50.70
1431.01	0.14	52.89
1427.39	0.34	75.23
1432.21	0.00	71.28
512.61	0.00	145.73
1433.84	0.00	28.02
2218.37	0.11	30.06
781.94	0.00	51.50
1468.72	0.09	27.54
781.94	0.00	43.03
2408.38	0.00	11.64
1561.69	0.14	17.58
1438.77	0.00	16.93
907.05	0.00	35.02
781.94	0.00	46.84
1633.80	0.00	43.08
2091.70	0.00	11.72
2091.70	0.00	11.82
457.90	0.00	50.40
1188.37	0.18	42.71
827.89	0.00	24.78
824.23	0.00	61.82
824.23	0.00	34.11
2022.10	0.00	11.92
1604.28	0.00	9.12
1604.28	0.00	5.41
1604.28	0.00	4.51
1604.28	0.00	4.51
1604.28	0.00	4.51
1604.28	0.00	5.06
1602.58	0.11	7.32
1604.28	0.00	5.06
1604.28	0.00	8.67
2064.72	0.09	10.89
2066.59	0.00	9.71
2066.59	0.00	7.86
2066.59	0.00	10.34
1033.30	0.00	6.96
2066.59	0.00	7.86
2066.59	0.00	8.53
1033.30	0.00	8.76
2066.59	0.00	4.38
1307.66	0.00	29.59
1306.28	0.11	18.65
652.55	0.20	25.89
1306.48	0.09	14.03
1307.66	0.00	13.64
652.91	0.14	13.00
1307.66	0.00	6.66
1307.66	0.00	19.98
1307.66	0.00	13.32
1509.47	0.00	21.53
1420.68	5.88	98.09
88.67	0.14	92.45
1508.10	0.09	15.04
1509.47	0.00	11.66
1509.47	0.00	11.66
0.00	100.00	0.00
754.74	0.00	11.22
754.74	0.00	16.85
977.20	0.00	17.07
977.20	0.00	9.21
1954.40	0.00	4.61
1954.40	0.00	14.94
1952.62	0.09	9.54
1954.40	0.00	14.94
1954.40	0.00	4.61
1954.40	0.00	4.61
1954.40	0.00	4.83
2000.37	0.00	14.04
122.26	0.00	209.43
1999.78	0.00	27.26
149.41	0.00	316.58
122.07	0.00	180.89
1755.65	0.00	101.43
1606.43	0.00	146.95
1999.98	0.00	13.96
1999.98	0.00	27.73
1425.16	0.11	43.94
382.47	0.00	88.17
682.98	0.00	43.65
1426.67	0.00	45.26
682.98	0.00	47.57
1426.67	0.00	16.93
1423.64	0.00	31.83
1047.24	0.00	59.48
1422.34	0.09	32.56
1599.76	0.00	45.16
1601.37	0.12	37.35
1601.63	0.11	28.69
1603.33	0.00	28.84
448.93	0.00	53.34
1606.89	0.00	15.40
1599.76	0.00	26.34
1157.96	0.00	47.97
1603.33	0.00	14.53
1901.80	0.00	45.87
1571.50	0.00	81.56
1901.70	0.00	51.18
330.73	0.00	144.28
1901.70	0.00	34.99
1901.80	0.00	17.86
924.20	0.14	33.86
1901.80	0.00	18.01
976.30	0.00	33.26
2374.67	0.00	24.81
2469.66	0.00	11.49
2469.66	0.00	11.28
2374.67	0.00	21.20
2327.18	0.00	27.39
1234.83	0.00	22.55
1187.34	0.00	36.09
2374.67	0.00	11.05
2374.67	0.00	10.83
1770.00	0.00	32.84
1335.04	0.14	14.80
847.34	0.00	39.58
1675.85	0.00	33.34
1316.69	0.11	15.96
1298.08	0.09	33.50
470.75	0.00	56.06
489.58	0.00	42.39
1318.09	0.00	39.78
1520.54	0.00	41.54
1520.54	0.00	42.87
1190.32	0.00	67.22
1520.54	0.00	32.54
1520.54	0.00	32.63
322.20	0.11	77.86
1523.10	0.00	16.38
1517.98	0.00	30.86
1517.98	0.00	30.88
1184.21	0.00	16.42
1184.21	0.00	11.01
2368.42	0.00	7.76
2368.42	0.00	3.88
2368.42	0.00	3.88
2368.42	0.00	7.98
1183.30	0.08	15.17
2368.42	0.00	3.88
2368.42	0.00	3.88
708.10	0.00	22.84
1416.21	0.00	19.68
1413.43	0.20	18.36
708.10	0.00	20.13
1416.21	0.00	12.59
1416.21	0.00	6.18
708.10	0.00	27.09
1416.21	0.00	12.59
1416.21	0.00	6.18
2135.23	0.00	10.96
2132.97	0.11	4.36
1067.62	0.00	11.41
2135.23	0.00	4.48
2135.23	0.00	4.25
2135.23	0.00	4.25
1067.62	0.00	12.86
2135.23	0.00	8.61
2133.29	0.09	4.35
724.05	0.00	17.72
1448.11	0.00	12.12
1448.11	0.00	6.06
1448.11	0.00	16.77
1448.11	0.00	12.12
1446.80	0.09	12.22
1448.11	0.00	19.72
1446.58	0.11	6.16
724.05	0.00	23.78
1909.12	0.00	43.13
1919.70	0.00	33.61
1919.70	0.00	33.69
976.11	0.00	50.08
1585.92	0.00	71.65
975.89	0.00	59.57
1919.81	0.00	17.64
334.21	0.00	117.16
1907.10	0.11	17.37
931.18	0.11	127.59
1182.75	0.00	67.78
1182.75	0.00	53.49
932.25	0.00	31.04
1182.67	0.00	73.62
250.58	0.00	198.40
1182.67	0.00	76.35
1182.67	0.00	48.20
1182.67	0.00	48.48
535.88	0.00	108.26
814.91	0.00	202.11
1024.20	0.00	76.33
1338.13	0.00	163.44
1023.27	0.09	38.46
1024.20	0.00	195.12
272.51	0.00	290.60
1024.20	0.00	54.53
1566.60	0.00	121.17
2400.00	0.00	10.15
2400.00	0.00	3.83
2400.00	0.00	3.83
2400.00	0.00	3.83
2400.00	0.00	7.67
1200.00	0.00	11.28
2400.00	0.00	3.83
1200.00	0.00	14.89
2400.00	0.00	3.83
692.31	0.00	20.75
1954.75	5.88	138.19
122.17	0.00	66.91
2076.92	0.00	13.08
2076.92	0.00	4.36
0.00	100.00	0.00
692.31	0.00	20.30
122.17	93.18	79.69
692.31	0.00	12.18
460.21	0.00	90.72
1266.14	0.00	36.91
2166.01	0.00	27.63
460.21	0.00	91.33
1709.47	0.00	54.65
2158.78	0.30	27.27
899.88	0.00	29.55
898.61	0.14	30.80
1702.93	0.21	58.70
1341.28	0.00	15.72
1341.28	0.00	11.02
1341.28	0.00	13.82
1341.28	0.00	11.47
1340.06	0.09	12.02
1341.28	0.00	14.36
1340.06	0.09	12.57
1341.28	0.00	6.50
1341.28	0.00	6.50
182.96	0.00	286.73
1417.68	0.00	57.02
1234.95	0.00	189.43
1417.68	0.00	57.37
1417.91	0.00	69.89
1416.39	0.09	29.82
401.93	0.00	440.96
987.41	0.00	258.99
1417.90	0.00	29.64
1612.43	0.00	40.05
1645.34	0.00	13.08
888.48	0.00	27.98
1612.43	0.00	23.25
1612.43	0.00	23.94
822.67	0.00	44.66
1612.43	0.00	24.63
1612.43	0.00	25.32
1645.34	0.00	14.21
248.65	0.00	371.97
1926.64	0.00	23.42
1926.90	0.00	23.42
1676.21	0.11	157.15
248.42	0.09	247.18
1926.63	0.00	45.18
1678.37	0.00	134.67
1926.63	0.00	45.20
1678.05	0.00	130.53
1560.55	0.00	62.41
177.55	0.00	162.52
1387.28	0.00	99.14
829.49	0.11	161.68
1262.19	0.11	123.59
148.61	0.09	180.28
730.41	0.00	175.43
148.75	0.00	177.65
1560.55	0.00	34.55
1899.37	0.00	37.60
1899.37	0.00	29.14
1894.04	0.28	35.76
403.05	0.00	68.66
1496.96	0.00	56.96
402.63	0.11	69.25
1899.37	0.00	28.52
1496.96	0.00	57.09
1899.37	0.00	14.71
1452.22	0.00	38.57
511.35	0.00	62.36
1430.47	0.09	28.18
1452.22	0.00	14.80
1431.77	0.00	27.66
1411.32	0.00	37.00
511.35	0.00	77.82
1472.68	0.00	15.37
1450.91	0.09	16.02
1944.00	0.00	27.45
1948.33	0.00	11.71
1407.13	0.00	32.53
540.63	0.11	40.73
1952.66	0.00	11.93
1926.68	0.00	19.99
1926.68	0.00	20.20
1944.00	0.00	11.36
1928.97	0.11	11.15
535.53	0.00	174.33
1594.12	0.25	49.76
978.82	0.00	61.58
1598.05	0.00	49.50
979.67	0.00	41.59
619.24	0.00	122.01
1599.76	0.00	26.67
1045.19	0.11	113.30
619.24	0.00	86.12
1473.08	0.23	52.52
1474.42	0.14	52.81
312.86	0.12	121.69
1476.39	0.00	37.11
1474.69	0.12	19.93
1471.96	0.30	38.28
1474.13	0.16	20.08
1476.39	0.00	37.64
1165.26	0.00	75.57
1278.18	0.00	52.13
1278.18	0.00	38.57
1278.18	0.00	39.91
1279.96	0.00	20.20
1055.66	0.00	70.71
1055.66	0.00	82.00
222.02	0.23	164.72
1276.40	0.00	37.11
1276.40	0.00	37.35
1634.96	0.12	30.42
1131.94	0.00	43.65
1654.38	0.00	12.83
1654.38	0.00	12.95
1654.38	0.00	13.07
1636.97	0.00	24.34
452.78	0.00	46.44
870.73	0.00	22.52
783.65	0.00	21.71
1891.65	0.00	46.15
2321.94	0.00	11.38
515.54	0.00	41.57
2396.14	0.12	11.51
2396.89	0.09	11.49
2396.89	0.09	11.60
507.42	0.00	61.41
1806.41	0.00	43.25
2317.88	0.00	11.11
1511.80	0.09	58.57
1513.25	0.00	22.36
776.79	0.00	105.95
263.14	0.00	242.80
1513.17	0.00	43.89
776.79	0.00	61.15
1250.03	0.00	101.49
1250.03	0.00	100.80
734.69	0.00	60.99
2646.57	5.88	56.75
165.41	0.00	53.70
0.00	100.00	0.00
2646.57	5.88	54.91
2811.98	0.00	54.40
2640.98	0.21	50.90
2811.98	0.00	7.26
165.41	0.00	52.80
165.41	0.00	46.73
666.38	0.00	136.49
665.67	0.11	96.19
1331.35	0.11	48.64
1338.09	0.00	26.49
1332.76	0.00	59.59
1332.76	0.00	49.42
1332.76	0.00	50.10
1336.21	0.14	28.32
1338.09	0.00	28.11
1176.61	0.00	50.15
1173.08	0.30	38.56
1175.54	0.09	38.68
1179.22	0.00	20.73
1175.36	0.11	39.22
1179.22	0.00	21.13
329.45	0.00	73.40
1173.99	0.00	35.66
848.23	0.18	65.80
269.89	0.09	164.17
1550.64	0.00	40.46
1550.55	0.00	60.01
1549.23	0.09	41.35
1280.68	0.00	106.94
753.01	0.11	40.61
1281.03	0.00	88.32
796.92	0.00	39.82
269.29	0.25	145.73
1743.99	0.00	18.20
1741.20	0.16	5.23
1743.99	0.00	5.11
1743.99	0.00	12.51
0.00	100.00	0.00
1743.99	0.00	5.11
1641.40	5.88	85.23
1743.99	0.00	5.11
102.49	0.09	85.68
949.32	0.00	87.85
239.89	0.14	293.23
1621.50	0.00	145.30
1861.42	0.00	52.59
1861.42	0.00	43.74
1861.42	0.00	22.45
1861.42	0.00	22.28
1621.20	0.00	118.32
949.31	0.00	62.40
1577.41	0.00	52.68
274.68	0.00	186.85
809.55	0.00	71.69
1300.91	0.14	87.17
1577.41	0.00	19.66
809.99	0.00	54.26
764.17	0.20	68.84
1302.74	0.00	85.18
1576.97	0.00	38.27
81.92	0.00	105.83
696.34	0.00	18.17
1392.68	0.00	6.28
1307.32	3.28	109.47
1389.51	0.23	106.29
0.00	100.00	0.00
696.34	0.00	24.67
1390.98	0.12	6.39
1392.68	0.00	12.56
797.07	0.00	78.02
797.07	0.00	77.76
790.74	0.00	37.20
1587.81	0.00	22.31
790.13	0.08	102.76
797.07	0.00	46.16
1580.05	0.09	42.37
1578.38	0.20	43.49
1587.81	0.00	41.96
2739.73	0.00	3.41
2739.73	0.00	3.41
2739.73	0.00	3.41
2737.24	0.09	3.51
1369.86	0.00	9.40
2739.73	0.00	6.42
2739.73	0.00	3.41
2735.88	0.14	3.53
1367.94	0.14	8.40
737.10	0.00	15.62
1474.20	0.00	11.24
1472.86	0.09	15.41
737.10	0.00	10.56
1474.20	0.00	5.96
1474.20	0.00	15.12
1474.20	0.00	12.14
1474.20	0.00	12.14
737.10	0.00	11.47
771.74	0.00	127.66
770.51	0.00	121.90
771.74	0.00	114.04
770.51	0.00	144.61
771.74	0.00	146.74
1541.02	0.00	54.33
1541.02	0.00	54.33
769.00	0.20	146.86
1537.23	0.25	58.77
1264.04	0.00	16.56
1264.04	0.00	11.15
1262.27	0.14	15.79
1264.04	0.00	11.60
1264.04	0.00	6.87
1264.04	0.00	12.05
1264.04	0.00	12.50
1262.50	0.12	6.99
1264.04	0.00	12.95
908.51	0.00	72.94
1716.08	0.00	31.56
1747.88	0.11	17.73
841.22	0.00	73.36
841.22	0.00	49.66
1749.73	0.00	17.61
874.86	0.00	33.92
1716.08	0.00	33.16
1781.49	0.11	18.98
2486.82	0.00	38.06
1248.36	0.00	28.34
2496.72	0.00	17.13
1238.45	0.00	60.74
2486.82	0.00	31.87
1238.45	0.00	71.06
1248.36	0.00	31.57
2484.19	0.11	16.69
2496.72	0.00	16.18
811.88	0.00	153.73
494.51	0.00	184.60
1305.51	0.00	104.81
275.17	0.00	172.80
1572.77	0.00	21.12
1572.33	0.00	21.13
1570.12	0.14	21.62
1572.33	0.00	21.13
1077.38	0.00	97.81
1470.59	0.00	16.56
1468.52	0.14	12.07
1470.59	0.00	11.95
1470.59	0.00	11.95
1470.59	0.00	100.29
0.00	100.00	0.00
86.51	0.00	94.32
1384.08	0.00	99.39
1470.59	0.00	5.97
986.28	0.14	50.30
1502.97	0.00	27.04
1502.97	0.00	27.18
1524.44	0.00	15.00
536.78	0.00	40.79
1395.62	0.00	32.46
1501.38	0.11	14.03
1499.55	0.23	29.01
1501.38	0.11	14.42
1522.87	0.00	47.85
1523.94	0.00	18.85
1244.04	0.00	76.05
1522.87	0.00	36.20
653.83	0.08	115.96
1573.77	0.16	19.01
1576.29	0.00	40.89
868.00	0.00	97.21
333.85	0.00	107.81
1727.40	0.00	50.48
839.69	0.00	53.90
1724.97	0.14	45.07
1727.49	0.00	19.59
838.80	0.11	36.93
1727.40	0.00	38.23
1729.23	0.00	39.60
300.81	0.00	137.58
1426.59	0.00	96.71
1442.78	0.00	74.79
482.21	0.00	108.43
482.21	0.00	162.74
1442.78	0.00	76.30
1450.49	0.00	22.62
1445.52	0.08	23.04
482.21	0.00	125.64
1446.64	0.00	23.01
1444.61	0.14	23.60
1588.70	0.00	13.56
794.35	0.00	13.28
1587.02	0.11	12.44
1587.02	0.11	5.39
1588.70	0.00	10.85
1588.70	0.00	5.56
1588.70	0.00	10.62
1588.70	0.00	5.56
793.51	0.11	9.13
912.42	0.14	14.08
1827.41	0.00	18.45
913.71	0.00	17.67
913.71	0.00	20.03
1825.18	0.12	11.26
913.71	0.00	14.40
913.71	0.00	9.34
912.42	0.14	9.46
913.71	0.00	14.96
1636.36	0.00	13.98
1636.36	0.00	9.92
1636.36	0.00	5.41
1636.36	0.00	12.63
1636.36	0.00	5.41
1636.36	0.00	10.15
1636.36	0.00	10.38
818.18	0.00	15.34
818.18	0.00	13.08
2363.76	0.00	3.44
1181.88	0.00	12.04
1181.88	0.00	13.39
1181.88	0.00	8.88
2363.76	0.00	8.73
1181.88	0.00	10.69
1180.43	0.12	7.43
2363.76	0.00	3.89
2363.76	0.00	9.96
1694.79	0.14	32.42
111.05	0.00	204.38
1694.76	0.09	24.38
813.17	0.00	48.72
1698.05	0.00	12.41
1694.79	0.14	12.59
532.62	0.14	142.37
883.12	0.00	40.14
1053.63	7.66	130.90
807.68	0.11	100.99
814.14	0.11	97.85
808.53	0.00	118.28
815.00	0.00	65.26
1630.00	0.00	25.40
821.47	0.00	42.55
808.53	0.00	93.03
1628.28	0.11	26.11
808.53	0.00	58.72
397.72	0.00	100.79
1412.14	0.11	45.01
1418.08	0.00	18.66
1416.17	0.00	33.10
1414.82	0.14	17.85
1416.17	0.00	33.44
1032.43	0.00	60.73
1415.52	0.09	18.57
1416.17	0.00	34.10
703.38	0.00	98.53
1395.60	0.00	45.57
1401.18	0.00	25.26
1390.02	0.00	63.03
1401.18	0.00	25.48
1406.76	0.00	25.61
1393.05	0.18	47.90
697.80	0.00	108.33
1392.65	0.21	48.98
1687.83	0.00	14.49
1695.35	0.00	14.43
1688.27	0.20	35.64
1695.35	0.00	14.76
1695.35	0.00	14.76
1695.35	0.00	14.89
1221.70	0.00	49.30
469.89	0.00	66.67
1671.02	0.11	34.80
1872.33	0.11	17.35
110.25	0.00	78.81
1874.31	0.00	9.57
0.00	100.00	0.00
1874.31	0.00	4.78
1874.31	0.00	9.61
1764.06	5.88	80.39
110.25	0.00	79.26
1764.06	0.00	76.95
2305.56	0.11	65.22
2697.36	0.00	25.98
1909.38	0.00	70.11
2709.44	0.00	13.18
787.59	0.00	90.50
1199.07	0.00	38.72
401.83	0.00	80.27
2709.83	0.00	13.24
2694.40	0.09	25.13
2493.07	0.00	9.77
0.00	100.00	0.00
1173.21	5.88	63.33
2490.44	0.11	7.52
1173.21	0.00	63.33
2493.07	0.00	8.77
0.00	100.00	0.00
2493.07	0.00	59.53
2493.07	0.00	11.12
732.97	0.00	57.21
1380.11	0.09	41.33
704.78	0.00	46.32
1409.55	0.00	33.45
1437.74	0.00	18.41
704.78	0.00	60.14
704.78	0.00	66.45
732.97	0.00	40.89
704.78	0.00	65.55
1111.87	0.00	62.01
1539.51	0.00	29.72
1180.29	0.00	52.16
430.61	0.11	55.18
1611.36	0.00	15.61
1604.52	0.00	29.00
427.64	0.00	73.31
1537.89	0.11	15.44
1536.09	0.00	27.86
1521.56	0.00	13.70
760.78	0.00	14.38
1521.56	0.00	13.15
1521.56	0.00	16.41
1519.95	0.11	10.96
1521.56	0.00	5.56
760.78	0.00	11.12
759.97	0.11	12.49
1521.56	0.00	11.12
1709.57	0.00	52.00
1412.28	0.00	100.42
1709.48	0.00	58.11
297.39	0.00	139.62
1709.38	0.00	19.56
1412.28	0.00	92.92
297.30	0.00	137.77
1707.48	0.11	19.94
1709.10	0.00	54.54
1093.57	0.00	114.47
1093.57	0.00	131.05
546.79	0.00	176.55
546.79	0.00	209.59
1093.57	0.00	72.66
1092.42	0.11	73.83
1092.70	0.00	100.96
1092.91	0.14	40.55
1091.71	0.09	102.35
1279.51	0.00	58.20
271.54	0.00	149.88
1277.45	0.14	21.86
1008.88	0.09	94.36
1277.89	0.11	21.95
1279.16	0.00	41.61
1279.16	0.00	41.70
1276.20	0.23	42.64
1279.07	0.00	59.75
1632.65	0.00	5.42
1632.65	0.00	10.85
1629.67	0.18	17.57
816.33	0.00	10.40
1632.65	0.00	15.55
815.59	0.09	15.66
1632.65	0.00	11.75
1632.65	0.00	11.57
1632.65	0.00	5.42
170.89	0.11	51.32
0.00	100.00	0.00
2737.12	5.88	55.38
2908.19	0.00	6.49
2908.19	0.00	3.24
2564.07	6.32	51.37
171.07	0.00	47.92
2908.19	0.00	3.24
171.07	0.00	47.92
1427.76	0.00	33.53
1489.30	0.16	33.34
554.06	0.00	53.93
1491.69	0.00	32.21
1406.45	0.00	24.40
1403.46	0.21	27.54
1406.45	0.00	26.35
958.94	0.00	41.42
1385.14	0.00	33.61
2041.28	0.11	39.24
1020.80	0.09	40.72
1021.72	0.00	57.05
2043.44	0.00	15.48
2004.15	0.00	28.60
1139.61	0.00	49.30
2043.44	0.00	15.91
982.43	0.00	56.09
2004.15	0.00	29.26
1336.20	0.00	40.01
1334.99	0.09	32.44
1389.65	0.00	17.86
1362.93	0.00	18.21
694.83	0.00	34.84
1202.58	0.00	37.58
1868.06	0.14	14.02
668.10	0.00	48.93
667.50	0.09	53.81
1368.10	0.00	73.86
1730.30	0.14	29.12
1356.43	0.00	62.76
1007.89	0.14	25.58
1732.73	0.00	29.32
364.25	0.11	97.58
367.55	0.00	70.39
1738.57	0.00	15.33
726.35	0.00	32.56
0.00	100.00	0.00
790.66	0.00	20.09
790.66	0.00	107.78
1488.30	0.00	185.49
789.82	46.93	96.88
1581.31	0.00	5.59
1488.30	5.88	98.91
92.81	0.23	93.87
92.80	0.23	93.65
1138.52	0.00	69.04
1130.77	0.00	69.97
1130.85	0.00	49.50
1131.00	0.00	26.04
1127.84	0.27	50.51
892.47	0.00	132.76
1128.46	0.21	52.45
239.91	0.00	158.58
1130.85	0.00	50.58
1373.52	0.00	17.33
686.76	0.00	113.56
1373.52	0.00	16.38
686.14	0.09	106.34
1373.52	0.00	12.77
1373.52	0.00	19.14
1373.52	0.00	6.36
686.76	0.00	12.37
1373.52	0.00	13.22
1670.17	0.09	47.25
858.64	0.00	34.18
1381.44	0.00	93.12
811.66	0.00	115.93
813.52	0.00	34.23
290.71	0.00	135.79
1671.69	0.00	40.83
858.17	0.00	107.50
1669.46	0.11	34.61
1624.55	0.00	15.22
1624.55	0.00	5.45
1622.83	0.11	11.24
1624.55	0.00	11.12
1624.55	0.00	5.45
812.27	0.00	20.89
1624.55	0.00	11.58
1622.27	0.14	5.79
811.13	0.14	11.02
1470.38	0.00	53.99
1468.32	0.14	40.52
1470.38	0.00	52.32
1470.38	0.00	40.32
1214.47	0.00	85.72
1470.79	0.00	21.04
255.91	0.00	194.60
1214.06	0.00	94.77
1469.97	0.00	39.04
2268.43	0.00	10.74
1134.22	0.00	13.31
1134.22	0.00	11.52
2268.43	0.00	8.16
1131.60	0.23	14.35
2266.37	0.09	4.13
2268.43	0.00	4.03
1134.22	0.00	11.52
2268.43	0.00	4.03
1445.64	0.00	40.76
765.96	0.00	147.33
108.12	0.11	279.75
679.06	0.09	160.21
1443.33	0.16	15.37
1445.47	0.00	48.42
574.38	0.09	193.37
765.79	0.00	149.61
1445.64	0.00	15.20
1507.03	0.00	52.10
1507.03	0.00	53.91
1507.03	0.00	42.40
753.52	0.00	71.72
1507.03	0.00	44.21
1482.92	0.00	38.51
1476.89	0.00	51.09
1488.95	0.00	21.92
753.52	0.00	85.71
1466.45	0.00	44.45
718.85	0.00	64.51
718.85	0.00	61.80
776.36	0.00	36.34
2041.53	0.00	14.45
718.85	0.00	45.11
1437.70	0.00	31.58
1466.45	0.00	18.13
718.85	0.00	64.51
736.10	0.00	169.63
1471.03	0.00	78.49
1472.20	0.00	72.84
736.10	0.00	99.03
1473.38	0.00	29.79
736.10	0.00	109.25
736.10	0.00	133.65
736.10	0.00	94.26
735.32	0.11	112.00
1468.05	0.09	75.74
1469.39	0.00	55.42
189.60	0.00	247.60
747.01	0.30	77.74
1469.34	0.00	54.28
1279.79	0.00	161.64
189.43	0.09	213.55
749.26	0.00	52.17
1279.78	0.00	161.52
2248.48	0.00	34.11
2250.76	0.00	34.65
1777.87	0.00	16.22
2250.76	0.00	26.67
1777.11	0.00	46.53
473.64	0.00	86.61
2248.48	0.00	13.49
2246.97	0.00	35.75
2249.24	0.00	13.68
1890.31	0.00	97.36
1229.17	0.00	126.33
977.58	0.00	168.65
2206.86	0.00	17.71
2206.86	0.00	17.77
327.43	0.00	111.24
326.91	0.00	163.75
1879.74	0.00	83.39
1879.85	0.00	35.93
2412.87	0.00	10.10
2412.87	0.00	3.82
2410.32	0.11	3.92
2412.87	0.00	3.82
2409.48	0.14	3.93
2412.87	0.00	3.82
2412.87	0.00	3.82
2412.87	0.00	3.82
2410.68	0.09	7.73
1743.69	0.00	37.95
1141.89	0.00	23.52
385.77	0.00	56.96
1388.78	0.00	26.35
1373.35	0.00	19.04
385.77	0.00	60.66
2083.17	0.00	16.95
2515.24	0.00	8.18
1063.77	0.09	24.89
977.16	0.00	95.59
1548.96	0.00	35.08
1547.69	0.00	37.77
411.81	0.28	107.22
1548.06	0.14	13.85
158.84	0.00	139.86
292.26	0.00	62.85
1256.71	0.00	61.40
723.02	0.00	38.86
1776.13	0.00	78.00
263.41	0.00	184.03
1512.80	0.00	132.25
769.07	0.00	48.66
1776.15	0.00	57.66
263.37	0.00	249.01
1774.25	0.11	44.04
1504.66	0.00	113.62
769.05	0.00	66.27
1658.79	0.11	54.17
288.75	0.14	144.33
1371.76	0.00	95.61
1660.52	0.00	38.83
1658.51	0.12	20.66
1660.52	0.00	63.03
1660.52	0.00	39.16
1660.54	0.00	20.51
1660.54	0.00	20.51
782.27	0.23	68.40
1564.64	0.00	31.93
1571.58	0.00	17.26
780.59	0.00	77.78
437.13	0.00	79.95
1126.32	0.11	61.51
1557.70	0.00	40.82
1571.58	0.00	17.38
1568.11	0.00	17.42
1059.03	0.00	155.21
1056.78	0.21	134.42
190.11	0.00	278.64
1243.25	0.00	82.34
1056.89	0.09	120.81
1053.14	0.00	118.91
1243.25	0.00	48.83
1243.54	0.00	25.25
184.05	0.09	260.76
1599.18	0.14	13.65
1601.42	0.00	9.46
1601.42	0.00	9.92
1601.42	0.00	9.92
1601.42	0.00	13.01
1601.42	0.00	11.49
1601.42	0.00	10.59
800.71	0.00	9.69
800.71	0.00	12.61
1944.76	0.00	41.34
412.72	0.00	108.74
1072.72	0.00	47.52
1072.72	0.00	26.90
1881.26	0.00	31.03
1881.39	0.00	16.43
1879.40	0.11	16.87
1534.82	0.00	58.24
807.81	0.11	35.35
2769.23	0.00	8.35
1384.62	0.00	14.44
2769.23	0.00	6.77
1384.62	0.00	6.32
1384.62	0.00	6.32
2769.23	0.00	54.13
8307.69	0.00	1.43
1384.62	0.00	6.32
0.00	100.00	0.00
1113.45	0.00	30.90
2224.55	0.11	20.52
2229.29	0.00	10.49
1633.22	0.00	50.55
1108.69	0.00	36.19
298.03	0.00	57.88
2231.68	0.00	10.67
2217.37	0.00	19.57
298.03	0.00	72.71
381.40	0.00	122.02
1542.27	0.11	33.13
1542.50	0.09	34.78
1543.90	0.00	34.84
1217.36	0.00	61.35
1162.50	0.00	72.55
1546.51	0.00	17.64
1546.51	0.00	17.83
329.16	0.00	79.76
99.57	0.00	413.65
1341.53	6.65	302.14
862.50	39.24	271.92
234.61	85.08	522.74
813.77	0.00	224.76
1673.58	0.20	41.76
198.82	0.00	163.19
805.01	0.00	61.18
1675.35	0.09	41.50
1206.43	0.00	19.97
1206.43	0.00	14.14
1205.34	0.09	14.25
1202.81	0.30	19.80
1205.34	0.09	20.03
1206.43	0.00	14.36
1206.43	0.00	14.36
603.22	0.00	13.91
603.22	0.00	20.87
0.00	100.00	0.00
2048.80	5.88	68.05
0.00	100.00	0.00
128.05	0.00	128.18
2048.80	0.00	70.87
0.00	100.00	0.00
128.05	0.00	68.02
2174.88	0.09	68.20
2048.80	5.88	70.85
0.00	100.00	0.00
1371.95	0.00	12.74
1370.03	0.14	6.49
1291.25	0.00	103.00
1368.10	0.28	12.99
1371.95	0.00	6.37
80.70	0.00	101.06
1371.95	0.00	12.74
1370.71	0.09	114.00
1802.32	0.00	41.53
866.50	0.00	72.78
1733.00	0.00	42.60
901.16	0.00	46.88
934.97	0.09	58.25
1765.79	0.11	36.20
1800.42	0.11	18.19
901.16	0.00	32.59
1802.32	0.00	18.08
1022.32	0.00	100.06
1288.34	0.00	38.40
274.82	0.00	97.97
1293.51	0.25	39.15
1296.70	0.00	38.89
1296.40	0.09	21.05
1022.32	0.00	70.61
1295.32	0.14	21.20
274.82	0.00	94.46
1376.80	0.09	48.43
1378.06	0.00	48.16
1378.06	0.00	36.27
1084.33	0.20	67.65
1378.52	0.00	19.26
1378.06	0.00	36.77
291.75	0.11	88.25
1376.19	0.00	34.38
1376.80	0.09	18.72
1229.42	0.28	17.90
1232.88	0.00	6.59
1230.07	0.23	12.39
1232.88	0.00	6.59
1232.88	0.00	15.74
1230.46	0.20	14.85
1232.88	0.00	6.59
1231.15	0.14	13.74
1231.57	0.11	7.14
1576.18	0.00	12.56
1576.18	0.00	5.15
1576.18	0.00	12.11
1576.18	0.00	5.60
1576.18	0.00	8.86
1574.75	0.09	8.86
1576.18	0.00	8.86
1576.18	0.00	12.01
1574.75	0.09	10.31
833.10	0.00	100.54
1664.87	0.00	67.91
832.22	0.11	66.32
1660.45	0.27	46.27
1663.11	0.11	46.61
1666.20	0.00	61.18
1666.20	0.00	25.61
833.10	0.00	72.80
833.10	0.00	122.11
761.90	0.00	135.88
1565.08	0.14	53.59
796.74	0.00	145.03
1564.86	0.16	21.11
1567.36	0.00	20.77
1567.28	0.00	40.16
1567.28	0.00	40.39
1294.42	0.00	98.84
272.94	0.00	114.79
1195.73	0.00	57.26
941.54	0.09	115.44
1194.81	0.08	43.97
1196.14	0.00	22.94
1195.73	0.00	43.99
1192.98	0.20	63.30
1195.73	0.00	44.83
253.74	0.00	107.00
1195.33	0.00	42.01
1051.95	0.26	77.55
2074.79	0.09	69.53
212.99	0.00	325.64
1051.38	0.32	99.24
212.69	0.14	233.94
2076.67	0.00	26.05
2076.68	0.00	26.39
1863.69	0.00	178.94
1863.69	0.00	191.53
849.08	0.00	86.75
1671.79	0.00	29.99
1671.79	0.00	87.72
1671.79	0.00	59.55
1671.79	0.00	30.13
1670.27	0.09	60.22
849.08	0.00	56.41
1496.09	0.28	195.54
171.47	0.00	323.50
0.00	100.00	0.00
1167.32	0.00	73.33
1167.32	0.00	71.88
1167.32	0.00	16.62
2334.63	0.00	8.08
2334.63	0.00	68.35
1167.32	0.00	7.41
1167.32	0.00	13.01
2332.51	0.09	8.19
1757.07	0.00	39.55
1760.98	0.00	33.67
1760.98	0.00	26.31
1270.67	0.09	49.36
1764.89	0.00	14.27
1764.89	0.00	14.27
1760.98	0.00	31.03
1764.89	0.00	14.39
488.72	0.09	64.31
1480.87	0.00	15.68
740.44	0.00	9.97
1477.96	0.20	11.36
1480.87	0.00	11.42
738.75	0.23	10.44
740.44	0.00	14.33
1480.87	0.00	6.16
1480.87	0.00	11.87
1480.87	0.00	5.93
1663.02	0.00	42.55
351.56	0.00	73.83
1303.61	0.00	60.55
1663.58	0.00	16.93
1661.82	0.11	17.27
1313.81	0.08	61.36
350.43	0.00	95.97
1648.25	0.18	43.55
1662.46	0.00	30.93
2100.20	0.00	19.31
314.39	0.00	196.45
565.90	0.00	144.98
2110.18	0.00	19.50
2098.57	0.08	38.84
1787.81	0.00	91.72
1530.33	0.23	73.05
1534.29	0.00	107.44
2097.97	0.11	19.62
1338.87	0.11	17.97
1340.28	0.00	17.95
1340.28	0.00	13.02
1340.28	0.00	13.02
1340.28	0.00	13.47
1340.28	0.00	19.62
1339.07	0.09	13.30
670.14	0.00	24.68
670.14	0.00	19.08
1757.81	0.00	11.49
1757.81	0.00	9.24
1757.81	0.00	13.41
1757.81	0.00	5.07
1757.81	0.00	9.24
1757.81	0.00	5.07
1755.35	0.14	5.19
1757.81	0.00	9.24
1757.81	0.00	5.07
254.55	0.00	249.71
1453.60	0.00	42.91
742.09	0.14	149.68
1461.42	0.00	43.09
1461.50	0.00	22.39
1461.50	0.00	22.47
1207.20	0.00	112.46
1207.52	0.00	96.36
709.83	0.09	139.26
1601.72	0.00	41.45
1601.72	0.00	44.01
1604.41	0.00	17.44
341.88	0.00	77.86
1604.41	0.00	17.35
1596.78	0.14	31.74
1251.76	0.00	69.89
670.30	0.00	90.62
928.73	0.00	86.79
1579.88	0.14	41.86
1613.13	0.00	18.15
837.58	0.00	64.69
1644.15	0.00	18.23
775.54	0.00	79.56
1551.08	0.00	45.58
1582.10	0.00	35.85
1582.10	0.00	35.63
1613.13	0.00	19.88
1321.51	0.00	73.01
1043.76	0.00	114.51
1321.95	0.00	42.51
1320.17	0.00	40.72
278.63	0.00	131.42
1322.40	0.00	22.40
1318.71	0.08	57.40
1321.51	0.00	40.81
1321.51	0.00	43.38
1902.77	0.00	29.40
1502.19	0.00	45.24
1900.45	0.12	28.89
1906.00	0.00	12.27
1902.77	0.00	28.13
403.81	0.00	54.31
1893.08	0.00	11.54
1887.20	0.14	21.98
1893.08	0.00	11.73
116.52	0.12	74.96
1864.86	3.12	81.88
991.61	0.00	13.49
990.22	0.14	8.76
1983.21	0.00	9.09
1983.21	0.00	12.28
1981.12	0.11	74.78
0.00	100.00	0.00
1983.21	0.00	9.09
1729.29	0.14	48.29
1430.18	0.00	103.83
1729.89	0.11	37.15
1732.21	0.00	19.14
302.03	0.00	103.47
1430.18	0.00	74.70
1731.24	0.00	35.54
1429.21	0.00	21.84
301.06	0.00	136.62
1136.93	0.00	62.13
1541.10	0.00	49.75
805.05	0.00	86.36
1953.06	0.11	14.35
1955.13	0.00	14.15
1955.13	0.00	14.15
414.03	0.00	62.79
1941.99	0.00	13.46
1955.13	0.00	14.24
1017.98	0.00	62.86
1037.66	0.11	43.07
1037.96	0.08	43.77
1038.76	0.00	44.22
1038.76	0.00	44.89
1059.53	0.00	25.20
560.93	0.00	47.17
934.88	0.00	50.88
519.38	0.00	76.97
1292.24	0.00	75.52
651.25	0.00	123.34
646.12	0.00	76.06
640.99	0.00	84.74
1287.11	0.00	56.43
1281.99	0.00	83.32
646.12	0.00	58.10
640.99	0.00	143.36
1284.18	0.23	58.92
1335.31	0.00	9.80
2670.62	0.00	9.35
1335.31	0.00	13.06
2670.62	0.00	3.49
2670.62	0.00	6.98
2670.62	0.00	8.67
2670.62	0.00	3.49
2666.88	0.14	3.60
2670.62	0.00	3.49
1578.72	0.00	52.93
1578.72	0.00	39.68
1578.72	0.00	47.09
1577.40	0.09	21.23
334.71	0.09	128.16
656.42	0.00	63.46
1578.72	0.00	20.20
1245.85	0.00	94.43
870.76	0.00	50.13
888.23	0.00	35.09
529.16	0.00	42.05
1738.66	0.00	12.11
1697.77	0.18	31.86
850.43	0.00	46.77
869.33	0.00	22.50
1795.35	0.00	12.51
1303.99	0.00	36.00
849.66	0.09	53.76
1132.77	0.00	75.74
377.59	0.00	133.88
377.59	0.00	159.86
1132.77	0.00	64.27
1125.71	0.09	73.51
1126.58	0.28	56.71
1129.75	0.00	53.63
1128.73	0.09	54.43
377.59	0.00	176.80
700.91	0.11	94.28
696.09	0.00	111.06
1396.26	0.11	64.68
1403.31	0.00	27.66
1387.76	0.32	81.50
701.02	0.09	111.50
696.09	0.00	121.36
1397.74	0.00	52.17
1392.17	0.00	47.10
1925.53	0.00	44.70
1925.53	0.00	45.01
1925.51	0.00	51.06
1925.55	0.00	18.46
1925.55	0.00	18.22
335.30	0.00	126.31
1925.53	0.00	17.75
1590.66	0.00	81.40
1925.51	0.00	34.33
1948.05	0.00	8.34
1948.05	0.00	4.17
1948.05	0.00	4.17
1948.05	0.00	4.17
1948.05	0.00	6.87
1948.05	0.00	4.62
1945.32	0.14	4.73
1948.05	0.00	4.17
1948.05	0.00	4.62
1197.86	0.12	70.06
1199.33	0.00	69.71
126.32	0.00	980.66
1199.33	0.00	50.35
1199.33	0.00	52.33
1069.49	0.32	253.64
1199.44	0.00	25.55
1098.09	5.94	305.75
71.31	0.00	441.89
1268.31	0.00	69.70
1258.20	0.00	65.89
636.68	0.00	104.70
631.63	0.00	125.69
1266.97	0.11	26.90
1263.26	0.00	49.51
1263.26	0.00	50.19
1258.20	0.00	69.21
1263.26	0.00	54.25
2188.08	0.00	36.30
737.22	0.00	79.57
854.28	0.11	47.88
866.98	0.00	33.23
1464.70	0.26	54.25
1327.00	0.00	41.10
2188.08	0.00	14.75
2188.08	0.00	14.75
2188.08	0.00	14.91
2300.52	0.14	10.44
2303.75	0.00	10.87
767.92	0.00	14.85
767.92	0.00	11.02
767.92	0.00	9.22
2303.75	0.00	4.13
2303.75	0.00	3.98
2300.52	0.14	4.09
2303.75	0.00	7.95
1526.72	0.00	15.05
381.68	0.00	16.65
761.33	0.27	31.54
1526.72	0.00	13.79
1526.72	0.00	5.77
1526.72	0.00	11.54
381.28	0.11	16.77
1526.72	0.00	12.44
763.36	0.00	22.11
436.45	0.00	173.87
1370.34	0.00	42.70
1370.14	0.00	45.62
1370.34	0.00	31.54
682.36	0.14	30.55
687.02	0.00	133.92
687.22	0.00	31.21
128.57	0.00	195.50
806.14	0.00	131.22
1536.66	0.00	46.76
180.83	0.00	137.12
180.58	0.14	164.84
828.48	0.09	134.38
1532.82	0.23	34.02
707.42	0.00	149.33
1536.37	0.00	33.67
1176.15	0.00	105.18
1536.66	0.00	17.49
1474.20	0.00	12.19
1472.86	0.09	8.36
1474.20	0.00	8.99
737.10	0.00	11.02
1474.20	0.00	9.66
737.10	0.00	7.41
1474.20	0.00	5.96
1474.20	0.00	11.47
1474.20	0.00	5.96
1662.20	0.00	41.17
846.50	0.11	48.13
814.80	0.00	51.66
814.80	0.00	41.34
1727.38	0.00	17.96
814.80	0.00	61.08
1662.20	0.00	16.85
1660.44	0.11	17.41
1629.61	0.00	30.69
1928.49	0.00	35.95
553.34	0.11	41.54
1024.71	0.11	31.83
1926.45	0.11	36.90
1946.62	0.12	11.75
923.21	0.00	48.61
922.24	0.11	23.26
512.90	0.00	32.84
512.90	0.00	36.65
1426.24	0.00	56.03
1428.00	0.00	43.23
1428.00	0.00	32.54
605.69	0.09	80.26
219.02	0.00	93.26
219.02	0.00	135.18
814.75	0.00	90.95
989.96	0.00	82.30
1423.44	0.20	34.05
1176.86	0.11	11.09
2356.20	0.00	11.73
2356.20	0.00	8.88
138.60	0.00	61.34
138.60	0.00	62.69
1178.10	0.00	11.50
2079.00	6.25	62.89
2356.20	0.00	3.90
2356.20	0.00	7.79
1352.49	0.00	87.96
1352.49	0.00	93.83
1571.05	0.00	76.12
1573.21	0.00	33.35
1571.05	0.00	60.97
1573.21	0.00	34.52
1573.21	0.00	34.90
1352.49	0.00	80.30
1571.05	0.00	62.52
1238.15	0.12	15.33
1237.24	0.20	11.68
1238.71	0.08	16.77
1239.67	0.00	7.00
1239.67	0.00	7.00
1239.67	0.00	7.00
1236.81	0.23	12.79
1238.54	0.09	12.22
1239.67	0.00	7.00
1198.85	0.00	47.86
1307.55	0.00	89.76
1307.55	0.00	102.54
1197.81	0.00	51.20
1196.76	0.00	61.02
652.75	0.08	123.77
653.25	0.00	141.34
760.89	0.14	71.39
1958.73	0.11	22.78
2021.22	0.00	20.65
2013.26	0.00	19.84
2005.31	0.00	19.91
2005.31	0.00	20.14
994.69	0.00	72.18
1997.35	0.00	18.87
1997.35	0.00	42.23
2005.31	0.00	18.80
994.69	0.00	84.36
1038.78	0.00	53.97
1038.78	0.00	45.53
2036.01	0.00	24.20
2036.01	0.00	24.89
1038.78	0.00	38.20
1246.54	0.00	20.28
1246.54	0.00	20.66
1244.79	0.14	21.11
1246.54	0.00	21.04
1249.66	0.00	74.71
1247.90	0.14	57.77
1248.34	0.11	58.51
1254.64	0.00	31.50
627.32	0.00	74.99
621.77	0.09	121.23
620.46	0.30	135.35
1244.68	0.00	53.35
1249.66	0.00	29.73
1340.26	0.00	97.89
1566.02	0.00	56.04
233.38	0.00	129.58
233.46	0.00	146.52
1573.42	0.00	19.99
1573.19	0.00	56.19
1573.49	0.00	40.36
1329.90	0.21	90.81
1571.57	0.12	39.60
1362.35	0.00	55.60
1362.54	0.00	21.24
1362.35	0.00	41.44
1362.35	0.00	41.73
1362.35	0.00	42.01
1075.18	0.00	94.10
289.03	0.00	131.72
1362.26	0.00	60.10
1362.26	0.00	40.29
2958.04	0.00	21.92
251.75	0.00	276.52
1498.39	0.00	61.09
2958.04	0.00	21.73
2706.29	0.00	182.83
2958.04	0.00	43.00
2958.04	0.00	21.81
1498.39	0.00	61.31
2958.04	0.00	43.15
1469.99	0.12	16.35
1471.79	0.00	14.97
1471.79	0.00	11.71
1471.79	0.00	17.00
735.90	0.00	22.52
1471.79	0.00	12.39
735.90	0.00	11.03
1471.79	0.00	17.00
735.90	0.00	17.45
1830.01	0.00	26.20
863.05	0.20	102.61
1606.11	0.00	57.70
328.09	0.09	63.67
860.77	0.00	97.99
224.90	0.00	63.82
124.39	0.00	137.35
1501.62	0.00	57.17
1830.01	0.00	9.91
1722.49	0.00	12.02
861.24	0.00	12.34
1720.93	0.09	17.29
1722.49	0.00	5.17
861.24	0.00	14.59
1722.49	0.00	5.17
1720.07	0.14	5.28
1722.49	0.00	5.17
1722.49	0.00	14.37
307.52	0.00	129.44
1746.61	0.20	37.45
1445.01	0.00	90.21
305.08	0.00	99.06
889.91	0.00	107.50
1749.61	0.00	36.35
1445.50	0.00	78.85
887.81	0.18	118.11
1750.10	0.00	18.02
0.00	100.00	0.00
0.00	100.00	0.00
766.41	0.20	22.00
1531.50	0.28	11.63
1535.84	0.00	5.69
766.98	0.12	11.05
1533.68	0.14	5.81
1533.68	0.14	11.51
1532.82	0.20	95.45
1798.31	0.11	13.58
1694.32	5.88	89.01
900.11	0.00	19.01
1800.21	0.00	9.96
0.00	100.00	0.00
1795.16	0.28	12.72
105.89	0.00	87.73
1797.69	0.14	5.08
1800.21	0.00	4.96
0.00	100.00	0.00
1636.36	0.00	90.22
0.00	100.00	0.00
1636.36	0.00	5.41
0.00	100.00	0.00
1636.36	0.00	10.83
1636.36	0.00	11.28
0.00	100.00	0.00
1636.36	0.00	183.14
1501.80	0.00	76.91
315.37	0.21	148.14
1501.80	0.00	35.81
1501.80	0.00	20.50
1816.82	0.00	48.06
1817.83	0.00	40.39
1817.33	0.00	33.71
1817.33	0.00	35.28
1817.83	0.00	17.80
1606.81	0.00	54.58
1606.81	0.00	21.64
1590.88	0.20	62.01
1606.81	0.00	21.91
1600.41	0.00	40.57
1600.41	0.00	43.05
1600.41	0.00	43.84
800.20	0.00	71.01
800.20	0.00	89.00
1506.10	0.26	13.81
1510.07	0.00	5.38
1506.63	0.23	9.53
1510.07	0.00	5.38
1510.07	0.00	5.38
1510.07	0.00	9.85
1510.07	0.00	13.32
1510.07	0.00	5.38
1510.07	0.00	5.83
957.77	0.12	43.76
521.17	0.00	42.62
938.10	0.00	49.68
937.11	0.11	48.93
542.01	0.00	47.96
1353.37	0.12	34.61
521.17	0.00	41.71
1916.15	0.09	12.03
1897.04	0.00	11.78
1175.00	0.23	67.25
316.14	0.14	88.55
1492.68	0.11	38.18
1484.58	0.14	15.55
1486.66	0.00	15.36
1486.66	0.00	34.62
1486.66	0.00	15.46
1480.03	0.11	40.63
1486.66	0.00	15.75
199.19	0.00	220.08
1556.10	0.11	30.60
1556.19	0.00	44.07
1557.75	0.00	31.87
1528.18	0.00	38.88
855.91	0.00	105.33
1559.30	0.00	15.88
1557.12	0.14	16.30
505.76	0.00	142.01
671.96	0.00	147.01
666.67	0.00	81.15
1331.92	0.11	30.28
1325.02	0.23	56.70
666.67	0.00	56.44
1333.33	0.00	30.61
661.38	0.00	114.98
670.54	0.21	112.27
661.38	0.00	141.04
1632.51	0.00	46.73
1645.57	0.00	20.78
1632.51	0.00	38.47
815.39	0.11	63.60
1606.38	0.00	34.43
1625.97	0.00	58.34
816.25	0.00	80.64
1606.38	0.00	34.96
1599.85	0.00	48.33
1438.53	0.00	34.01
763.30	0.00	51.32
2730.28	0.00	25.13
2022.85	0.14	31.29
2742.02	0.00	9.04
1319.71	0.11	16.48
1321.10	0.00	26.45
1321.10	0.00	25.20
1321.10	0.00	16.76
1781.30	0.00	13.90
1781.30	0.00	12.10
445.32	0.00	24.19
1781.30	0.00	10.13
1781.30	0.00	18.68
890.65	0.00	32.63
889.84	0.09	19.60
0.00	100.00	0.00
1781.30	0.00	90.67
121.69	0.00	215.80
242.02	0.00	100.40
245.52	0.00	282.43
1600.22	5.72	123.61
1965.26	0.09	12.47
1966.85	0.00	24.04
1966.85	0.00	24.04
1966.85	0.00	25.04
1729.09	0.00	73.62
1360.54	0.00	17.50
680.27	0.00	29.94
1360.54	0.00	12.84
679.65	0.09	23.09
1360.54	0.00	12.84
679.18	0.16	12.52
1360.54	0.00	19.30
1360.54	0.00	13.79
1360.54	0.00	12.84
677.93	0.00	86.03
249.21	0.14	89.76
286.89	0.00	59.13
1154.76	0.23	62.66
245.63	0.00	72.07
1835.33	0.00	24.31
1342.73	0.25	63.66
913.73	0.00	41.39
1550.40	0.00	48.75
1243.64	0.00	210.14
1658.18	0.00	97.82
1658.21	0.00	90.38
414.57	0.00	277.11
1658.18	0.00	98.61
481.43	0.00	108.58
829.10	0.00	128.08
748.87	0.00	72.55
828.35	0.09	99.08
755.39	0.00	107.62
1209.44	0.00	89.33
1457.84	0.00	36.51
702.45	0.00	131.65
754.02	0.18	101.44
254.51	0.00	127.56
702.45	0.00	117.60
256.55	0.00	104.85
1457.84	0.00	18.58
552.01	0.14	86.59
1020.95	0.27	70.21
511.83	0.00	101.77
1044.14	0.00	59.14
2088.29	0.00	14.32
1023.67	0.00	69.03
2088.29	0.00	14.43
2088.29	0.00	14.54
2065.94	0.09	29.72
1663.59	0.00	28.47
2242.22	0.00	17.93
602.75	0.00	38.24
1109.06	0.00	22.74
2145.78	0.00	25.32
2169.89	0.00	8.44
2169.89	0.00	8.31
1084.95	0.00	15.12
2143.52	0.11	15.45
1124.72	0.00	83.45
1120.22	0.00	79.49
562.36	0.00	66.31
1691.58	0.00	21.15
1682.58	0.00	37.39
1687.08	0.00	20.15
580.35	0.00	90.92
1120.22	0.00	76.09
562.36	0.00	91.12
1512.92	0.00	97.61
1607.48	0.00	11.00
94.56	0.00	91.83
1509.95	6.07	101.21
803.74	0.00	10.55
0.00	100.00	0.00
0.00	100.00	0.00
94.56	0.00	91.83
1607.48	0.00	11.00
1431.67	0.00	41.18
1431.67	0.00	31.57
1097.61	0.00	52.37
400.44	0.11	59.16
397.69	0.00	76.53
1033.98	0.00	62.47
1415.76	0.00	39.67
1418.94	0.00	29.25
1424.97	0.25	31.56
173.41	0.00	109.95
1760.26	0.00	25.39
1251.04	0.00	97.41
1760.26	0.00	25.52
171.82	0.12	124.33
172.03	0.00	142.62
1761.64	0.00	13.12
1760.26	0.00	40.24
1760.26	0.00	25.70
1149.49	0.00	65.41
802.88	0.00	28.99
795.08	0.09	26.28
1592.90	0.14	15.55
1595.14	0.00	15.37
1588.07	0.00	39.61
1587.93	0.23	30.13
445.65	0.00	55.22
1595.14	0.00	15.75
1974.13	0.00	15.48
968.44	0.00	54.77
1936.89	0.00	16.21
968.44	0.00	56.41
1974.13	0.00	16.33
1936.89	0.00	34.68
929.37	0.20	64.91
1899.64	0.00	30.62
930.21	0.11	46.59
1604.28	0.00	14.13
802.14	0.00	14.18
1604.28	0.00	10.52
1604.28	0.00	10.75
1604.28	0.00	15.26
1602.58	0.11	10.76
1604.28	0.00	5.51
1604.28	0.00	10.75
802.14	0.00	10.02
1684.87	0.11	40.14
1684.59	0.11	35.36
1331.66	0.00	114.00
1686.66	0.00	16.85
1686.37	0.00	33.34
1686.37	0.00	33.19
177.62	0.09	153.07
1686.09	0.00	32.29
177.50	0.00	172.32
1755.69	0.00	13.87
1652.42	3.03	82.44
1755.69	0.00	5.08
103.09	0.18	84.93
877.85	0.00	19.66
876.92	0.11	14.81
1755.69	0.00	11.05
1755.69	0.00	84.15
0.00	100.00	0.00
312.56	0.00	112.57
540.97	0.00	76.05
1126.43	0.11	38.19
540.40	0.11	92.46
1127.62	0.00	63.85
829.49	0.00	74.17
1125.40	0.20	39.10
1127.62	0.00	39.02
1127.62	0.00	39.38
2224.60	0.14	4.44
2227.72	0.00	4.32
2227.72	0.00	3.87
1113.86	0.00	14.47
2225.00	0.12	9.03
1112.68	0.11	12.12
2227.72	0.00	4.32
2227.72	0.00	69.22
0.00	100.00	0.00
1132.89	0.00	82.11
1137.44	0.00	69.99
568.72	0.00	121.27
568.72	0.00	92.43
1132.89	0.00	48.72
568.72	0.00	117.57
1132.89	0.00	49.62
1132.89	0.00	77.49
567.60	0.20	108.55
818.18	0.00	16.24
1636.36	0.00	16.24
818.18	0.00	15.34
1636.36	0.00	10.83
1636.36	0.00	12.41
1636.36	0.00	12.18
1636.36	0.00	5.41
1636.36	0.00	5.41
1636.36	0.00	10.83
883.34	0.00	118.68
842.31	0.00	116.79
302.17	0.00	96.00
1725.65	0.00	45.46
931.13	0.00	106.00
1722.89	0.16	17.80
831.90	0.09	125.84
783.68	0.09	110.95
1725.65	0.00	17.48
2634.09	0.00	80.19
1480.38	0.12	26.96
3024.25	0.00	14.02
3024.20	0.00	40.18
3021.08	0.11	14.60
3024.30	0.00	27.53
390.24	0.00	116.87
1542.18	0.00	25.92
3024.33	0.00	14.26
1968.53	0.00	75.00
1044.44	0.00	50.74
1966.45	0.11	75.16
1968.53	0.00	28.34
1968.53	0.00	28.38
1788.00	0.00	233.52
180.54	0.00	585.23
1043.34	0.11	77.57
1786.37	0.09	214.77
681.93	0.00	79.55
806.01	0.00	94.32
1342.32	0.00	66.77
988.52	9.49	92.88
128.18	0.00	145.88
782.61	0.24	67.58
1134.24	0.26	69.61
1919.95	0.09	18.77
928.03	0.00	27.16
1459.12	0.09	20.46
729.33	0.12	23.63
1460.45	0.00	11.80
730.22	0.00	17.63
730.22	0.00	14.48
730.22	0.00	15.39
1460.45	0.00	11.80
1460.45	0.00	5.79
730.22	0.00	22.14
1749.06	0.00	27.25
324.78	0.11	115.65
984.79	8.73	113.45
1749.06	0.00	21.07
1748.12	0.00	36.62
1750.00	0.00	10.78
325.12	0.00	148.10
117.80	0.00	164.52
1749.06	0.00	10.57
1987.01	0.00	12.26
116.88	0.00	69.92
1987.01	0.00	4.54
1870.13	5.88	81.71
1987.01	0.00	9.08
0.00	100.00	0.00
1987.01	0.00	4.54
1987.01	0.00	9.08
1987.01	0.00	66.29
1996.51	0.11	32.62
1998.62	0.00	25.34
2005.35	0.00	13.54
1981.80	0.00	34.34
1993.45	0.09	24.74
1988.53	0.00	12.96
1995.26	0.00	13.01
1578.04	0.00	50.42
423.95	0.00	59.56
611.22	0.00	109.55
2186.38	0.00	41.14
1091.66	0.14	43.59
1093.19	0.00	71.23
607.33	0.00	123.61
2181.52	0.00	42.93
606.14	0.20	69.93
1701.49	0.00	20.58
1676.23	0.00	54.24
0.00	100.00	0.00
1846.15	0.00	14.55
1846.15	0.00	85.60
0.00	100.00	0.00
1846.15	0.00	4.85
923.08	0.00	14.32
1846.15	0.00	14.55
1846.15	0.00	79.79
1843.20	0.16	4.97
2000.00	0.00	12.18
117.65	0.00	69.92
2000.00	0.00	80.75
2000.00	0.00	78.49
1882.35	0.00	71.27
0.00	100.00	0.00
1996.80	0.16	4.63
0.00	100.00	0.00
2000.00	0.00	4.51
720.85	0.00	61.40
1441.71	0.00	17.59
692.40	0.11	76.26
1386.26	0.00	33.05
1413.98	0.00	18.60
1386.26	0.00	33.96
1413.98	0.00	19.26
1383.10	0.23	37.15
1382.10	0.30	37.52
1806.80	0.00	13.97
1794.80	0.00	40.94
1802.80	0.00	14.00
503.66	0.00	47.88
1802.80	0.00	14.13
1798.80	0.00	30.70
1299.13	0.00	42.85
1798.80	0.00	13.16
1798.80	0.00	13.28
651.54	0.00	103.86
331.07	0.00	99.91
1565.28	0.00	39.37
1234.21	0.00	63.92
1242.16	0.00	60.47
1570.57	0.00	46.05
1230.61	0.08	61.58
648.89	0.00	89.87
333.25	0.14	77.49
863.49	0.11	95.72
1229.93	0.24	31.15
201.02	0.00	136.57
174.22	0.00	107.58
1226.24	0.00	29.22
923.41	0.14	69.15
1219.54	0.00	42.06
1232.95	0.00	15.66
1219.54	0.00	43.92
746.96	0.00	95.07
1012.50	0.00	67.87
528.92	0.00	118.64
1272.56	0.09	36.32
1010.01	0.25	69.32
269.65	0.08	139.89
1278.03	0.00	19.47
1272.56	0.09	36.99
1274.53	0.11	20.01
1296.80	0.00	108.04
1296.80	0.00	120.42
1490.36	0.00	21.27
1486.82	0.20	64.58
1485.58	0.30	48.53
192.19	0.08	282.93
1297.72	0.00	96.84
198.49	0.00	169.49
1297.72	0.00	88.41
787.38	0.00	35.97
1460.48	0.12	20.42
1432.63	0.11	37.71
703.02	0.00	68.15
731.14	0.00	57.08
701.73	0.18	79.72
1460.73	0.11	19.49
1406.03	0.00	34.98
1434.15	0.00	19.53
1594.61	0.09	50.60
1606.88	0.00	31.04
1268.73	0.00	56.36
1598.76	0.00	41.08
1607.88	0.11	16.81
340.85	0.00	73.98
662.77	0.00	101.35
1596.06	0.00	29.60
933.29	0.00	65.65
1758.87	0.00	34.45
879.44	0.00	51.17
879.44	0.00	62.22
1760.92	0.11	14.96
492.48	0.00	50.31
1758.87	0.00	13.56
1270.30	0.00	44.54
1762.78	0.00	13.78
1758.87	0.00	13.81
1185.72	0.00	74.22
1158.92	0.00	73.16
2482.28	0.12	14.94
167.47	0.00	101.11
2157.07	0.00	40.96
2488.00	0.00	7.66
2483.98	0.00	14.37
2485.32	0.00	7.38
328.25	0.00	43.95
540.22	0.00	26.81
540.22	0.00	19.30
2160.86	0.00	8.42
1616.96	0.23	16.74
540.22	0.00	23.55
2160.86	0.00	4.21
2160.86	0.00	10.37
539.80	0.08	17.95
2160.86	0.00	8.42
1842.79	0.28	30.25
1453.61	0.00	47.54
1854.49	0.00	34.11
1857.75	0.00	23.87
1861.01	0.00	12.81
407.40	0.00	54.93
1845.71	0.12	12.31
1842.46	0.12	25.03
1841.45	0.00	31.48
1838.64	0.00	33.07
1838.64	0.00	25.52
1449.10	0.00	56.63
389.54	0.00	73.98
1832.41	0.00	12.85
1823.06	0.00	33.35
1838.64	0.00	12.81
1835.53	0.00	24.22
1835.53	0.00	24.32
218.32	0.00	295.45
1473.61	0.00	154.44
862.69	0.00	71.35
1691.91	0.00	25.84
1473.61	0.00	143.55
1691.90	0.00	50.76
862.69	0.00	94.29
1691.91	0.00	26.08
218.31	0.00	261.64
2479.98	0.00	43.89
2160.00	0.00	93.16
2480.00	0.00	17.23
2479.98	0.00	33.88
320.00	0.00	175.48
2480.00	0.00	17.29
2479.98	0.00	33.82
2160.00	0.00	19.58
2480.00	0.00	17.52
965.15	0.00	212.69
1145.66	31.07	291.27
2433.53	0.00	43.67
2100.46	0.00	126.43
1091.97	0.00	45.06
1341.56	0.00	77.92
322.74	0.00	323.89
2433.51	0.00	43.61
1341.56	0.00	64.25
806.56	0.00	98.01
1613.13	0.00	25.10
798.47	0.21	78.00
800.16	0.00	108.89
798.34	0.23	58.72
799.04	0.14	80.94
1606.73	0.00	50.43
800.16	0.00	39.70
1604.76	0.12	24.16
911.84	0.00	53.24
876.77	0.00	39.36
911.84	0.00	42.72
876.77	0.00	39.36
1645.68	0.16	15.42
2490.01	0.00	10.13
2525.09	0.00	10.65
1578.18	0.00	21.99
1578.18	0.00	31.26
1928.84	0.00	35.81
939.80	0.00	53.09
517.09	0.00	69.87
1005.46	0.00	25.95
1412.77	0.22	49.90
1916.53	0.00	13.71
1912.42	0.00	25.71
1906.59	0.09	36.55
1928.84	0.00	14.25
1331.74	0.00	66.97
1685.34	0.09	38.63
1690.80	0.11	14.92
1692.59	0.00	14.74
1693.66	0.11	15.22
1681.14	0.00	29.67
1690.80	0.11	15.13
1691.06	0.09	15.22
357.99	0.00	81.95
947.37	5.88	152.75
1006.58	0.00	81.28
2013.16	0.00	4.48
118.42	0.00	69.47
2013.16	0.00	8.97
2013.16	0.00	73.98
2013.16	0.00	8.97
947.37	52.94	80.32
0.00	100.00	0.00
1956.28	0.00	11.30
1960.64	0.00	35.99
1945.48	0.11	22.16
1943.17	0.00	30.84
1947.54	0.00	21.46
1419.17	0.00	36.27
1960.64	0.00	23.45
545.84	0.00	40.59
1947.54	0.00	10.97
709.63	0.00	168.06
950.06	0.00	127.79
715.84	0.00	66.99
1151.31	0.00	125.47
678.61	0.00	43.95
436.25	0.00	143.44
1392.49	0.14	23.80
243.14	0.00	127.92
676.15	0.08	154.18
1077.12	0.00	157.38
1366.55	0.00	117.72
1077.22	0.00	49.07
712.86	0.11	113.63
1730.13	0.00	93.21
2443.77	0.00	15.86
2455.28	0.00	45.59
2091.21	0.00	85.62
364.09	0.00	119.08
1850.79	0.00	54.55
2467.72	0.00	36.98
616.37	0.09	120.17
2462.79	0.00	34.92
2465.11	0.11	14.91
2467.72	0.00	14.40
2464.26	0.14	14.94
715.64	0.00	95.94
1110.47	0.00	69.90
2057.55	0.00	84.26
1040.28	0.00	149.18
1907.91	0.00	325.77
1040.28	0.00	63.31
1040.28	0.00	114.14
2057.55	0.00	33.75
149.64	0.00	423.56
1017.26	0.00	177.97
1037.37	0.28	97.46
1902.75	0.00	8.53
1902.75	0.00	4.27
1902.75	0.00	7.53
1902.75	0.00	4.27
1900.08	0.14	4.38
1902.75	0.00	4.27
1902.75	0.00	4.27
1902.75	0.00	4.27
1900.74	0.11	4.37
1261.59	0.00	88.76
1266.64	0.00	73.12
635.84	0.00	83.05
630.80	0.00	72.13
630.22	0.09	135.89
635.27	0.09	99.72
1261.59	0.00	51.33
1266.64	0.00	28.33
1261.59	0.00	52.23
1254.48	0.00	196.07
1839.74	0.00	27.33
101.71	0.00	305.96
1839.74	0.00	32.00
215.54	0.00	116.66
1838.07	0.09	13.94
1837.31	0.00	13.69
281.73	0.00	329.00
1837.15	0.14	14.03
246.40	0.00	305.55
931.24	0.00	129.67
1097.15	0.00	164.36
88.83	0.14	240.08
1026.55	0.00	154.68
404.55	0.00	207.03
1428.07	0.21	31.26
686.70	0.14	31.12
500.57	0.00	138.34
1216.41	0.00	47.13
733.87	0.00	148.42
997.33	0.00	115.51
265.59	0.00	183.92
1516.05	0.08	49.76
1517.05	0.00	62.74
1209.87	0.11	107.49
477.45	0.00	199.13
1517.22	0.00	22.47
764.53	0.00	80.35
764.53	0.00	105.36
1526.91	0.14	42.64
1529.05	0.00	44.44
1522.94	0.00	58.88
1535.17	0.00	24.02
1522.94	0.00	65.74
1535.17	0.00	24.24
1535.17	0.00	24.47
266.38	0.00	207.81
742.89	0.11	190.11
1318.58	0.00	164.24
1009.96	0.00	59.71
2062.26	0.00	21.57
1797.60	0.00	137.61
2062.25	0.00	61.59
2062.26	0.00	21.51
1052.58	0.00	59.38
933.61	0.00	12.76
1867.22	0.00	9.23
1867.22	0.00	9.91
933.61	0.00	9.60
933.61	0.00	8.41
933.61	0.00	10.21
1867.22	0.00	5.03
1863.55	0.20	10.12
1865.53	0.09	10.20
1904.76	0.00	8.98
1904.76	0.00	12.34
1904.76	0.00	9.43
1904.76	0.00	11.89
1904.76	0.00	4.71
1904.76	0.00	4.71
1900.36	0.23	9.65
1904.76	0.00	4.71
1904.76	0.00	12.79
701.94	0.00	83.35
2413.10	0.00	9.28
189.56	0.12	106.42
2403.02	0.23	18.10
2408.58	0.00	17.62
1220.11	0.00	17.17
2408.58	0.00	17.75
1519.86	0.00	67.52
2408.58	0.00	17.79
884.09	0.20	18.55
883.15	0.30	22.40
885.83	0.00	9.62
1771.65	0.00	15.65
885.83	0.00	14.53
883.65	0.25	18.38
1771.65	0.00	5.03
1771.65	0.00	10.07
885.83	0.00	9.62
1005.65	0.11	12.89
1006.71	0.00	13.23
1006.71	0.00	12.87
2013.42	0.00	12.20
2013.42	0.00	9.19
2013.42	0.00	9.87
2013.42	0.00	9.07
2009.17	0.21	9.64
1006.71	0.00	8.52
2151.34	0.00	51.19
1905.47	0.00	128.63
1905.47	0.00	107.48
2151.37	0.00	20.76
2151.32	0.00	39.87
1905.46	0.00	113.76
245.87	0.00	286.97
245.71	0.09	175.05
2151.34	0.00	20.50
1676.35	0.00	35.72
1674.83	0.09	35.67
1709.88	0.00	15.87
1707.48	0.14	16.47
838.18	0.00	54.45
1709.88	0.00	16.81
871.70	0.00	32.11
870.78	0.11	32.92
838.18	0.00	51.54
1697.18	0.00	32.45
1697.62	0.00	12.32
138.48	0.00	178.22
1719.30	0.00	12.23
713.42	0.00	98.81
1692.78	0.25	23.94
845.26	0.11	100.58
1695.10	0.12	12.29
1697.18	0.00	12.21
0.00	100.00	0.00
1910.23	0.00	4.70
1684.20	6.32	82.44
1910.23	0.00	4.70
112.37	0.00	72.71
1910.23	0.00	4.70
112.25	0.11	72.89
1908.50	0.09	9.51
0.00	100.00	0.00
132.21	0.11	65.93
0.00	100.00	0.00
2250.00	0.00	8.54
1985.29	11.76	67.67
2117.65	0.00	66.88
2250.00	0.00	12.18
2250.00	0.00	66.31
132.35	0.00	61.80
132.35	0.00	65.86
1524.06	0.00	51.97
430.12	0.00	90.93
1168.45	0.00	58.37
1525.00	0.16	16.28
762.03	0.00	65.62
765.42	0.00	75.75
762.03	0.00	78.49
1524.06	0.00	30.42
1522.45	0.11	30.82
1022.65	0.00	66.12
650.09	0.11	80.56
557.38	0.08	123.51
645.67	0.11	91.39
556.54	0.23	144.19
1669.00	0.00	23.43
1022.65	0.00	58.00
1662.81	0.11	44.73
552.37	0.18	165.34
1753.07	0.00	65.88
875.74	0.09	81.91
889.75	0.09	70.59
890.56	0.00	40.80
1760.09	0.00	21.32
876.54	0.00	74.50
1760.09	0.00	21.54
876.54	0.00	74.14
1760.09	0.00	21.77
962.74	0.20	16.15
1929.26	0.00	14.58
964.63	0.00	9.42
1929.26	0.00	4.66
1927.22	0.11	4.76
964.63	0.00	14.03
964.63	0.00	14.58
1929.26	0.00	4.66
1929.26	0.00	4.66
1185.02	0.11	175.51
1392.33	0.00	74.50
1392.33	0.00	54.42
206.32	0.00	223.80
206.36	0.00	239.54
1186.01	0.00	158.37
1392.33	0.00	61.18
1392.30	0.00	77.18
1392.33	0.00	27.51
1403.95	0.00	83.95
1405.84	0.00	88.22
1697.78	0.09	51.02
1700.27	0.00	18.46
295.84	0.00	137.74
296.79	0.00	81.17
1392.74	0.09	84.77
1699.79	0.00	17.98
295.84	0.00	90.38
1676.62	0.14	39.52
1677.27	0.00	38.84
1678.97	0.00	31.51
1679.54	0.00	15.85
1322.09	0.12	55.77
1678.97	0.00	30.40
1671.99	0.28	29.08
355.34	0.14	72.65
1678.97	0.00	15.35
589.98	0.11	159.83
1723.81	0.00	94.08
2026.32	0.00	16.51
2025.84	0.00	32.22
597.81	0.00	163.49
2026.32	0.00	16.78
300.27	0.11	105.13
828.29	0.00	129.87
2025.84	0.00	16.31
771.33	0.00	42.58
1482.84	0.00	96.44
721.65	0.00	205.67
1740.72	0.00	40.11
771.17	0.00	63.33
257.61	0.11	237.84
979.12	0.00	157.47
1736.75	0.23	44.80
1740.80	0.00	20.92
