2359.04	0.02	36.74
3259.10	0.02	29.13
914.74	0.00	40.23
0.00	100.00	0.00
3422.05	0.00	7.18
3421.45	0.02	21.02
4224.61	0.02	5.77
4224.61	0.02	6.67
4225.35	0.00	2.82
3260.30	0.02	6.42
4890.45	0.02	2.17
3259.16	0.05	8.15
2045.87	0.02	32.81
3940.89	0.00	8.79
1894.66	0.00	32.67
10543.18	0.00	230.80
5749.79	0.02	559.91
5750.80	0.00	371.98
0.00	100.00	0.00
4346.30	0.04	4.76
4347.83	0.00	12.11
3415.56	0.00	4.24
3415.56	0.00	2.31
3414.18	0.04	3.79
2874.90	0.02	4.69
2874.90	0.02	6.55
11501.60	0.00	1.16
2393.20	0.02	10.09
3589.17	0.04	5.54
1196.60	0.02	9.67
4078.61	0.02	14.42
1019.47	0.04	10.79
5099.15	0.00	4.09
5503.33	0.02	4.43
5504.59	0.00	3.92
5503.62	0.02	3.91
3422.05	0.00	4.63
3420.85	0.04	5.65
3422.05	0.00	4.18
2225.57	0.04	15.88
2782.44	28.58	10.56
2782.44	0.02	6.03
3507.54	0.04	9.20
3507.54	0.04	10.67
3508.77	0.00	8.30
2435.30	0.02	10.22
2435.30	0.02	10.73
2434.87	0.04	9.77
1149.16	0.02	11.31
0.00	100.00	0.00
4596.90	0.02	9.45
4358.35	0.00	5.08
4357.59	0.02	5.08
4358.35	0.00	5.08
3339.52	0.00	4.75
3338.35	0.04	3.79
3338.93	0.02	4.30
15926.41	0.02	0.51
0.00	100.00	0.00
0.00	100.00	0.00
2875.40	0.00	9.37
2874.39	0.04	8.02
2875.40	0.00	6.04
2816.90	0.00	11.59
2815.91	0.04	26.46
0.00	100.00	0.00
3600.00	0.00	6.32
3600.00	0.00	7.67
3600.00	0.00	8.12
3508.77	0.00	4.63
3508.16	0.02	2.82
7017.54	0.00	1.83
18000.00	0.00	0.45
0.00	100.00	0.00
0.00	100.00	0.00
3234.50	0.00	5.44
1616.97	0.02	5.92
1617.25	0.00	5.41
969.66	0.02	14.26
4847.44	0.04	6.50
3877.95	0.04	11.12
1813.79	0.04	7.48
3627.76	0.04	8.44
1814.20	0.02	8.83
3526.65	0.00	6.91
705.21	0.02	17.56
2820.82	0.02	16.11
3413.59	0.06	5.15
3415.56	0.00	3.22
3415.56	0.00	3.67
3338.93	0.02	3.51
3338.93	0.02	3.51
3338.35	0.04	4.47
2434.87	0.04	7.96
2435.72	0.00	4.63
2435.30	0.02	6.55
3420.85	0.04	4.81
3422.05	0.00	3.39
3422.05	0.00	2.37
2435.30	0.02	4.75
2435.30	0.02	5.71
2435.30	0.02	3.79
0.00	100.00	0.00
4224.61	0.02	13.00
4224.61	0.02	2.43
1686.29	0.04	9.69
3373.35	0.02	5.78
1686.59	0.02	12.07
1486.62	0.06	47.92
8455.10	0.02	11.47
5532.45	0.02	21.39
3422.05	0.00	5.59
3420.85	0.04	5.59
3422.05	0.00	2.31
1125.00	0.00	9.47
5625.00	0.00	1.89
4500.00	0.00	9.59
2358.94	0.04	53.14
1213.38	0.02	49.90
1203.54	0.04	74.30
4225.35	0.00	6.61
4224.61	0.02	4.75
4224.61	0.02	5.20
4500.00	0.00	3.16
4500.00	0.00	3.61
4500.00	0.00	2.26
3403.35	0.04	20.62
2464.01	0.02	28.60
955.45	0.00	26.39
3982.30	0.00	4.53
3980.21	0.05	4.92
3980.91	0.04	5.43
4500.00	0.00	4.36
4500.00	0.00	6.47
6000.00	0.00	4.96
6000.00	0.00	5.41
2998.95	0.04	8.12
3000.00	0.00	4.90
4357.59	0.02	4.63
4358.35	0.00	4.63
4357.59	0.02	4.69
6000.00	0.00	5.41
4800.00	0.00	8.01
1200.00	0.00	7.67
3600.00	0.00	4.51
7200.00	0.00	1.58
3600.00	0.00	5.86
2816.41	0.02	8.54
2816.90	0.00	3.33
2815.27	0.06	7.58
2077.32	0.06	14.22
2077.79	0.04	32.35
0.00	100.00	0.00
6000.00	0.00	2.71
6000.00	0.00	2.71
6000.00	0.00	1.80
783.22	0.00	73.01
2033.12	0.00	27.76
2682.77	0.04	43.50
0.00	100.00	0.00
5749.79	0.02	3.90
5750.80	0.00	9.73
18000.00	0.00	0.45
0.00	100.00	0.00
0.00	100.00	0.00
3501.15	0.02	5.93
3501.95	0.00	5.54
3501.95	0.00	5.54
2936.38	0.00	10.94
2935.86	0.02	11.85
2936.38	0.00	10.49
5750.80	0.00	3.27
5750.80	0.00	3.22
5749.79	0.02	1.92
8681.95	0.00	9.16
4923.14	0.02	25.29
1258.69	0.00	24.61
3094.41	0.00	28.96
655.59	0.00	50.52
3068.18	0.00	25.54
3420.08	0.06	4.24
3421.45	0.02	3.28
3422.05	0.00	3.22
2874.90	0.02	8.53
0.00	100.00	0.00
2874.90	0.02	18.08
2760.74	0.00	9.33
2760.25	0.02	9.79
2759.29	0.05	9.73
2178.41	0.04	13.05
4358.35	0.00	2.31
2178.79	0.02	9.32
9000.00	0.00	2.71
3000.00	0.00	6.77
3000.00	0.00	5.86
3508.77	0.00	6.04
3508.77	0.00	6.94
3507.54	0.04	10.67
3553.80	33.33	10.33
1776.59	0.02	14.28
3553.80	0.00	4.60
3339.52	0.00	4.35
3338.93	0.02	4.35
3338.35	0.04	3.39
2479.34	0.00	8.35
2478.47	0.04	9.71
2479.34	0.00	3.73
3422.05	0.00	2.94
0.00	100.00	0.00
3420.85	0.04	21.52
4346.84	0.02	5.15
4347.83	0.00	4.19
4347.83	0.00	5.54
5739.06	0.00	22.55
5748.25	0.00	18.99
5738.06	0.02	24.73
3422.05	0.00	7.96
0.00	100.00	0.00
3421.45	0.02	15.99
2875.40	0.00	5.14
2874.90	0.02	3.73
2874.90	0.02	4.69
3508.77	0.00	5.08
3508.16	0.02	6.94
3508.16	0.02	6.49
568.00	0.00	28.81
2270.82	20.04	22.33
2272.01	0.00	20.94
3510.88	0.02	21.14
1748.75	0.00	42.16
1748.45	0.02	45.89
4178.33	16.89	48.48
1059.99	0.00	61.05
8399.62	0.02	13.57
4358.35	0.00	3.33
4357.59	0.02	1.47
4358.35	0.00	2.88
5740.61	0.02	23.55
5778.36	0.00	11.05
17252.40	0.00	5.25
3508.77	0.00	7.33
3508.16	0.02	4.96
3508.16	0.02	8.30
2319.18	0.02	11.27
2319.18	0.02	5.62
3478.77	0.02	11.58
0.00	100.00	0.00
0.00	100.00	0.00
3508.16	0.02	15.75
3508.16	0.02	8.30
3508.77	0.00	2.77
3508.16	0.02	7.45
4500.00	0.00	4.06
4500.00	0.00	3.61
4500.00	0.00	2.26
2874.90	0.02	14.57
2299.92	0.02	21.44
575.08	0.00	17.39
2215.38	0.00	27.50
2129.80	0.02	29.67
4515.98	0.00	14.79
3420.85	0.04	8.59
3422.05	0.00	5.65
3422.05	0.00	4.92
5749.79	0.02	4.24
5750.80	0.00	1.86
5749.79	0.02	3.39
2250.00	0.00	5.41
4500.00	0.00	6.99
2250.00	0.00	4.06
2478.47	0.04	16.83
0.00	100.00	0.00
2479.34	0.00	24.28
3000.00	0.00	4.51
3000.00	0.00	4.96
3000.00	0.00	3.61
4347.83	0.00	5.15
4347.06	0.02	6.96
4346.84	0.02	2.38
4346.84	0.02	4.12
4347.83	0.00	2.26
4347.83	0.00	4.06
10864.79	0.00	223.29
5519.54	0.04	292.76
5521.47	0.00	192.23
2524.10	0.02	8.75
2524.54	0.00	8.35
2524.54	0.00	7.90
4858.76	0.02	6.43
3887.69	0.00	12.12
971.75	0.02	11.12
4357.59	0.02	3.79
4358.35	0.00	3.33
4357.59	0.02	1.98
2574.70	0.00	25.62
2383.98	0.00	26.26
4957.81	0.02	7.58
3407.48	0.00	11.93
4259.35	0.00	4.71
851.72	0.02	12.75
0.00	100.00	0.00
0.00	100.00	0.00
5750.80	0.00	9.48
3392.43	0.02	11.00
848.26	0.00	12.40
4240.32	0.02	4.80
3420.85	0.04	9.49
2737.16	0.02	16.61
684.41	0.00	12.82
4225.35	0.00	5.08
8449.22	0.02	2.88
4223.87	0.04	5.59
2936.38	0.00	6.37
2936.38	0.00	6.83
2935.86	0.02	6.38
4358.35	0.00	7.45
4356.83	0.04	6.61
4358.35	0.00	5.71
4218.29	0.00	25.61
896.00	0.00	56.76
3327.71	0.04	47.11
2811.37	0.04	6.35
2812.50	0.00	5.32
2812.01	0.02	4.81
2874.39	0.04	10.28
2875.40	0.00	3.27
2875.40	0.00	7.51
2392.78	0.04	10.63
2393.20	0.02	3.90
2393.20	0.02	9.10
4500.00	0.00	5.13
2812.50	0.00	13.89
1687.50	0.00	13.38
0.00	100.00	0.00
2874.90	0.02	20.10
2874.39	0.04	9.83
9000.00	0.00	1.35
9000.00	0.00	1.35
9000.00	0.00	0.90
3600.00	0.00	6.32
0.00	100.00	0.00
3600.00	0.00	14.89
3885.59	0.02	17.60
1076.56	0.05	41.24
2799.55	0.04	30.63
3007.97	0.04	15.38
1805.42	0.00	14.56
4813.60	0.02	5.12
3599.82	0.00	54.58
7219.99	0.04	23.48
3599.82	0.00	34.73
826.16	0.04	12.71
4131.51	0.02	9.72
3305.21	0.02	15.22
2963.39	0.06	30.25
1149.35	0.02	35.03
4123.05	0.02	8.07
3508.77	0.00	4.57
3508.16	0.02	3.67
3508.77	0.00	2.77
2524.54	0.00	25.73
0.00	100.00	0.00
2524.10	0.02	11.06
4499.21	0.02	5.87
4500.00	0.00	4.06
9000.00	0.00	2.71
4000.00	0.00	4.74
1999.65	0.02	4.96
2000.00	0.00	4.96
3259.73	0.04	4.41
3259.73	0.04	3.39
3260.30	0.02	1.98
0.00	100.00	0.00
4500.00	0.00	2.26
4499.21	0.02	16.54
3444.32	0.00	8.98
2755.45	0.00	17.71
688.74	0.02	12.75
3508.16	0.02	7.51
0.00	100.00	0.00
3508.77	0.00	16.94
3415.56	0.00	6.85
3414.36	0.04	5.95
3414.18	0.04	4.93
4213.76	0.04	4.81
2107.73	0.00	3.79
2107.73	0.00	2.88
18000.00	0.00	6.54
17938.68	0.02	6.39
8999.71	0.00	17.14
1072.52	0.02	10.00
5362.59	0.02	5.95
4290.82	0.00	10.01
0.00	100.00	0.00
3508.77	0.00	7.06
3508.16	0.02	20.67
2144.55	0.04	8.48
2145.41	0.00	8.35
2144.66	0.04	11.30
1072.33	0.04	10.00
15017.88	0.00	0.99
4290.07	0.02	12.06
4223.87	0.04	7.63
4225.35	0.00	2.37
4223.87	0.04	8.08
2475.49	0.02	15.61
2474.93	0.04	39.52
0.00	100.00	0.00
6000.00	0.00	4.96
4500.00	0.00	4.66
4500.00	0.00	3.91
1425.97	0.02	38.47
1483.27	0.00	28.13
2851.93	0.02	24.18
2870.16	0.02	7.59
2869.66	0.04	5.72
2870.81	0.00	6.56
5308.80	0.02	1.53
5309.73	0.00	2.43
5307.87	0.04	3.06
0.00	100.00	0.00
2524.10	0.02	11.06
2524.54	0.00	20.20
2815.91	0.04	23.01
2815.91	0.04	13.85
0.00	100.00	0.00
646.90	0.02	15.89
3233.95	0.04	22.03
0.00	100.00	0.00
2178.79	0.02	11.57
2178.79	0.02	10.61
2179.18	0.00	4.18
2179.18	0.00	10.55
2177.92	0.06	8.75
2178.79	0.02	10.61
2187.20	0.02	32.04
4339.69	0.02	20.07
2170.22	0.00	36.30
3508.77	0.00	5.08
3508.16	0.02	7.45
3508.77	0.00	5.08
2435.30	0.02	4.69
4870.59	0.02	5.68
2435.72	0.00	4.18
0.00	100.00	0.00
18000.00	0.00	0.90
5520.50	0.02	11.77
2312.41	0.05	11.44
2312.81	0.04	12.00
2312.81	0.04	8.04
2815.91	0.04	9.19
1407.96	0.04	9.22
1408.45	0.00	9.10
0.00	100.00	0.00
2880.00	0.00	18.16
3600.00	0.00	14.44
2518.06	0.04	30.48
671.28	0.02	44.68
3161.95	0.05	22.09
4357.59	0.02	7.28
4358.35	0.00	5.92
4358.35	0.00	2.31
945.38	0.00	9.04
3780.19	0.04	13.37
4726.89	0.00	4.34
3338.35	0.04	7.12
3338.93	0.02	5.77
3338.93	0.02	5.77
5503.62	0.02	3.79
5504.59	0.00	3.27
5502.37	0.04	3.34
0.00	100.00	0.00
3338.93	0.02	19.96
3338.35	0.04	13.69
3421.45	0.02	19.79
0.00	100.00	0.00
0.00	100.00	0.00
1098.23	0.00	7.84
1098.23	0.00	9.71
3294.11	25.01	13.38
722.08	0.00	105.13
2703.12	0.04	63.54
3420.38	0.00	22.63
3174.60	0.00	10.33
634.81	0.02	16.58
2538.66	0.04	15.40
2432.01	0.02	7.52
2431.45	0.04	8.04
2432.01	0.02	11.94
0.00	100.00	0.00
4098.79	0.04	16.52
4100.23	0.00	2.37
6000.00	0.00	3.16
18000.00	0.00	0.90
6000.00	0.00	1.80
3522.38	0.05	12.87
880.90	0.02	12.16
4404.51	0.02	7.37
2112.68	0.00	10.06
2111.57	0.05	16.68
2111.94	0.04	16.62
3260.87	0.00	6.57
3259.73	0.04	6.06
3259.73	0.04	7.53
2811.86	0.02	8.15
2811.51	0.04	8.61
2812.01	0.02	6.74
18000.00	0.00	0.45
0.00	100.00	0.00
0.00	100.00	0.00
4500.00	20.00	1203.99
1125.00	0.00	927.91
8810.96	0.02	269.13
2523.66	0.04	10.16
2524.54	0.00	10.61
2524.54	0.00	7.33
1374.61	0.04	8.34
1374.61	0.04	8.91
4124.35	0.02	8.70
2874.39	0.04	5.20
2875.40	0.00	4.24
2875.40	0.00	3.78
18000.00	0.00	0.90
6000.00	0.00	1.80
6000.00	0.00	1.80
3339.52	0.00	7.29
3337.76	0.05	7.81
3338.93	0.02	5.82
3461.54	0.00	9.38
692.31	0.00	12.63
2769.23	0.00	14.10
831.41	0.00	12.53
3325.64	0.00	13.61
4156.32	0.02	4.87
3338.93	0.02	7.75
3339.52	0.00	2.88
3338.35	0.04	8.20
3415.56	0.00	2.83
3414.18	0.04	7.01
3415.56	0.00	6.05
6706.86	0.02	361.67
5750.80	0.00	371.98
5749.79	0.02	376.94
1267.92	0.02	75.92
2536.28	0.00	39.93
1278.29	0.00	63.00
4215.46	0.00	2.83
4214.50	0.02	3.85
4214.72	0.02	3.34
4500.00	0.00	4.51
4500.00	0.00	4.96
4500.00	0.00	4.96
2875.40	0.00	6.49
2874.39	0.04	10.28
2875.40	0.00	3.27
732.90	0.00	16.84
2931.08	0.02	5.89
2930.57	0.04	18.05
802.36	0.02	13.00
0.00	100.00	0.00
3208.86	0.04	18.52
2392.78	0.04	10.34
2393.62	0.00	6.67
2392.78	0.04	12.71
8985.65	0.00	14.41
8971.29	0.00	13.53
8984.07	0.02	15.29
2816.41	0.02	7.06
2816.41	0.02	6.55
2816.41	0.02	4.69
4358.35	0.00	4.63
4357.59	0.02	3.67
4358.35	0.00	3.22
1045.90	0.00	10.14
5227.41	0.04	4.13
4182.88	0.02	12.37
2561.74	0.04	15.27
1537.32	0.02	14.71
4099.51	0.02	2.49
3600.00	0.00	5.41
3600.00	0.00	4.06
3600.00	0.00	5.41
3600.00	0.00	4.51
3600.00	0.00	3.61
3600.00	0.00	2.71
2919.27	0.02	33.33
2304.47	0.00	45.73
619.57	0.02	67.17
2936.38	0.00	9.14
2935.35	0.04	9.20
2936.38	0.00	7.73
0.00	100.00	0.00
4223.87	0.04	12.54
18000.00	0.00	0.90
3507.54	0.04	7.06
3508.16	0.02	3.33
3508.77	0.00	5.53
3507.54	0.04	7.40
3508.77	0.00	2.77
3508.77	0.00	2.77
2936.38	0.00	6.83
2935.86	0.02	4.57
2936.38	0.00	6.37
5060.98	0.02	8.46
4049.49	0.00	9.52
1012.20	0.02	9.43
4215.46	0.00	15.91
4214.50	0.02	5.77
0.00	100.00	0.00
4500.00	0.00	14.67
0.00	100.00	0.00
4500.00	0.00	2.31
0.00	100.00	0.00
4415.63	20.03	10.76
1104.10	0.02	8.32
3421.45	0.02	2.88
3421.45	0.02	4.30
3421.45	0.02	3.39
9000.00	0.00	2.71
4500.00	0.00	3.61
4500.00	0.00	4.51
3600.00	0.00	4.06
3600.00	0.00	3.61
3600.00	0.00	3.16
8417.69	0.04	18.82
4198.77	0.04	44.47
4212.72	0.02	15.56
2936.38	0.00	3.27
2936.38	0.00	8.81
2935.35	0.04	7.00
0.00	100.00	0.00
2571.43	0.00	10.94
2571.43	0.00	28.26
3338.93	0.02	4.35
3338.93	0.02	3.33
3338.35	0.04	3.39
0.00	100.00	0.00
2874.90	0.02	19.61
2874.39	0.04	12.44
2816.90	0.00	7.12
2815.91	0.04	6.61
2815.91	0.04	7.12
2810.88	0.06	5.33
2812.50	0.00	2.38
2812.50	0.00	4.30
0.00	100.00	0.00
2820.82	0.02	27.63
3526.65	0.00	5.51
1689.84	0.02	10.00
1689.55	0.04	10.40
3379.69	0.02	9.07
807.03	0.02	12.94
4034.46	0.04	8.05
3228.13	0.02	14.02
3600.00	0.00	15.79
900.00	0.00	9.92
4500.00	0.00	6.77
9000.00	0.00	2.71
4500.00	0.00	3.61
4500.00	0.00	3.16
4225.35	0.00	7.06
4225.35	0.00	5.20
4223.87	0.04	8.42
4357.59	0.02	3.73
4357.59	0.02	3.73
4358.35	0.00	3.22
2207.51	0.00	39.83
8847.68	0.00	11.03
2207.12	0.02	27.59
6000.00	0.00	1.80
6000.00	0.00	1.35
6000.00	0.00	1.35
8480.82	0.02	5.89
16826.15	0.02	3.86
8414.99	0.00	5.71
901.28	0.00	80.86
2479.15	0.02	44.09
3342.05	0.00	33.97
2262.59	0.02	25.46
2095.00	0.02	30.32
4358.35	0.00	15.98
1463.16	0.02	9.00
5851.61	0.04	7.70
7317.07	0.00	1.56
2298.78	0.04	24.92
2874.48	0.00	6.55
574.77	0.02	15.09
0.00	100.00	0.00
4000.00	0.00	15.56
2000.00	0.00	9.02
5536.57	0.00	5.87
4920.27	11.13	8.64
1230.13	0.02	10.40
3332.58	0.02	4.94
3332.75	0.02	4.42
3332.75	0.02	7.89
1904.27	0.04	40.61
1904.94	0.00	53.89
3839.69	0.02	22.08
3508.16	0.02	4.18
3508.77	0.00	3.22
3508.77	0.00	2.31
1839.85	0.04	23.48
3679.69	0.04	11.80
1840.17	0.02	16.63
993.81	0.00	55.13
2542.76	0.02	33.27
3521.36	0.00	22.57
538.99	0.02	18.91
2155.58	0.04	29.49
2693.86	0.06	14.04
2816.90	0.00	4.24
2816.41	0.02	3.79
2815.91	0.04	5.26
2112.31	0.02	12.43
2112.31	0.02	3.84
2111.94	0.04	13.46
8563.21	0.02	4.33
8235.72	0.00	4.31
16800.88	0.00	2.87
4500.00	20.00	1203.99
1125.00	0.00	927.91
8810.96	0.02	269.13
3259.16	0.05	4.92
3260.87	0.00	3.39
3260.30	0.02	3.90
8449.22	0.02	2.88
6000.00	0.00	4.02
6000.00	0.00	1.80
3508.77	0.00	5.08
3508.77	0.00	6.43
3508.16	0.02	5.59
2874.90	0.02	7.06
2875.40	0.00	5.14
2874.90	0.02	5.20
3508.77	0.00	3.22
3508.16	0.02	4.18
3508.77	0.00	3.22
2482.76	20.00	19.62
2482.32	0.02	26.11
620.69	0.00	30.22
2250.00	0.00	9.47
2250.00	0.00	6.77
2250.00	0.00	11.28
4089.48	0.04	4.03
4090.91	0.00	1.98
4089.98	0.02	2.05
3508.77	0.00	2.71
3508.16	0.02	6.83
3508.77	0.00	5.47
2936.38	0.00	23.93
0.00	100.00	0.00
2936.38	0.00	10.55
2109.83	0.02	14.43
2109.35	0.04	15.40
4219.66	0.02	5.07
5504.59	0.00	4.31
5503.33	0.02	3.86
5503.62	0.02	2.38
6000.00	0.00	3.16
6000.00	0.00	1.80
18000.00	0.00	0.90
8449.22	0.02	1.89
4225.35	0.00	0.90
4225.35	0.00	1.86
1783.99	0.02	63.10
1812.85	0.00	51.95
3597.15	0.00	27.97
0.00	100.00	0.00
841.51	0.00	12.37
4206.10	0.04	15.20
3420.85	0.04	7.45
3422.05	0.00	5.59
3422.05	0.00	2.82
4500.00	0.00	2.26
4500.00	0.00	1.35
4500.00	0.00	1.80
3600.00	0.00	2.71
3600.00	0.00	4.51
3599.37	0.02	6.83
1916.60	0.02	13.16
1916.60	0.02	13.67
1916.60	0.02	13.16
0.00	100.00	0.00
3508.16	0.02	22.21
4385.96	0.00	4.60
3738.32	0.00	11.68
934.25	0.04	11.52
4672.90	0.00	2.19
2393.20	0.02	8.65
2393.20	0.02	8.26
2392.78	0.04	7.75
3600.00	0.00	2.26
3600.00	0.00	3.61
3600.00	0.00	4.51
2214.02	0.00	5.53
2213.63	0.02	4.18
2214.02	0.00	6.43
5750.80	0.00	3.73
5749.79	0.02	4.69
5750.80	0.00	3.78
0.00	100.00	0.00
5521.47	0.00	5.26
5519.54	0.04	11.02
3142.63	0.00	23.21
1218.37	0.00	21.62
4350.57	0.02	6.45
18000.00	0.00	0.45
18000.00	0.00	0.45
0.00	100.00	0.00
2178.79	0.02	9.38
2178.79	0.02	6.16
2179.18	0.00	8.41
2874.90	0.02	9.32
2874.90	0.02	7.96
2875.40	0.00	6.55
2479.34	0.00	8.35
2478.90	0.02	8.36
2478.90	0.02	10.22
3508.77	0.00	4.63
3508.16	0.02	2.82
7017.54	0.00	1.83
3259.16	0.05	7.87
3260.87	0.00	2.94
3259.73	0.04	7.92
2935.86	0.02	6.94
2936.38	0.00	5.08
2936.38	0.00	5.08
2524.10	0.02	7.79
2524.54	0.00	6.83
2524.10	0.02	5.47
3325.64	0.00	15.24
3325.05	0.02	5.38
831.26	0.02	11.63
7928.13	0.02	2.95
7929.52	0.00	1.48
7926.32	0.04	3.01
3253.66	0.04	4.42
3254.40	0.02	3.90
3253.83	0.04	3.39
3806.84	0.02	10.71
4758.55	0.02	6.92
951.71	0.02	11.87
2061.10	0.00	22.87
1839.85	0.02	26.50
1839.94	0.02	33.33
3508.77	0.00	3.22
3508.16	0.02	4.18
3508.77	0.00	1.86
5502.37	0.04	53.94
6427.94	0.00	19.70
10121.33	0.00	12.51
3600.00	0.00	3.61
3600.00	0.00	4.51
3600.00	0.00	3.61
3326.42	0.02	5.85
3326.59	0.02	6.36
3325.83	0.04	6.87
2874.90	0.02	6.22
2874.90	0.02	6.28
2875.40	0.00	5.65
2936.38	0.00	7.84
2935.35	0.04	10.61
2936.38	0.00	6.88
1030.90	0.02	44.88
1030.90	0.02	37.77
3834.94	0.02	26.28
3422.05	0.00	5.59
3421.45	0.02	5.65
3420.85	0.04	6.61
2059.77	0.04	46.18
1980.55	0.04	42.32
2297.84	0.02	35.75
2214.02	0.00	11.00
2213.25	0.04	9.65
2214.02	0.00	7.84
4882.49	0.02	4.99
976.50	0.02	11.20
3905.99	0.02	10.03
2178.79	0.02	11.63
2178.79	0.02	9.32
2178.79	0.02	11.63
16295.91	0.02	5.40
3256.53	0.04	35.27
3255.96	0.05	38.94
829.30	0.02	13.53
3317.22	0.02	13.64
4147.47	0.00	4.82
4348.07	0.02	17.79
8697.67	0.00	9.92
4348.83	0.00	15.14
1962.36	0.02	34.87
1962.70	0.00	41.70
3941.10	0.00	10.93
1012.85	0.00	39.96
3588.83	0.00	23.06
2591.94	0.00	27.59
4100.23	0.00	5.71
4100.23	0.00	4.80
4098.07	0.05	6.10
2644.05	0.04	18.22
661.28	0.00	18.39
3306.39	0.00	8.72
4500.00	0.00	2.71
4500.00	0.00	3.61
4500.00	0.00	3.16
5750.80	0.00	420.25
6705.69	0.04	360.09
5749.79	0.02	191.66
3407.48	0.00	11.01
4259.35	0.00	7.17
851.72	0.02	12.30
1903.33	0.00	43.83
3851.66	0.02	12.06
1902.99	0.02	49.75
1885.05	0.02	44.77
1885.39	0.00	41.14
3785.19	0.02	21.71
687.69	66.67	15.08
687.81	0.00	14.69
2750.28	0.04	26.12
2874.90	0.02	8.41
0.00	100.00	0.00
2874.90	0.02	17.73
0.00	100.00	0.00
4952.35	0.02	11.03
3961.19	20.03	16.91
4352.53	0.02	21.91
4353.29	0.00	21.28
8713.55	0.00	13.97
0.00	100.00	0.00
5749.79	0.02	10.79
5749.79	0.02	5.65
5749.79	0.02	5.65
0.00	100.00	0.00
6000.00	0.00	9.03
6000.00	0.00	4.05
8449.22	0.02	2.88
6000.00	0.00	1.80
6000.00	0.00	2.71
6000.00	0.00	1.80
6000.00	0.00	3.16
4500.00	0.00	3.16
4500.00	0.00	4.06
4500.00	0.00	4.51
5750.80	0.00	5.08
5749.79	0.02	3.79
5750.80	0.00	3.22
2935.86	0.02	14.28
587.28	0.00	14.73
2349.10	0.00	19.36
3420.85	0.04	10.85
0.00	100.00	0.00
3421.45	0.02	15.99
4357.59	0.02	7.00
4358.35	0.00	3.78
4358.35	0.00	4.63
0.00	100.00	0.00
3508.16	0.02	7.85
3508.77	0.00	16.14
3279.61	0.02	14.77
4098.07	0.05	7.93
819.90	0.02	10.81
3508.16	0.02	13.44
0.00	100.00	0.00
3508.77	0.00	17.10
3508.16	0.02	3.73
3508.77	0.00	4.63
3508.16	0.02	3.73
1478.04	0.04	48.87
1443.91	0.00	64.93
2876.27	0.00	42.49
18000.00	0.00	0.45
0.00	100.00	0.00
0.00	100.00	0.00
3600.00	0.00	6.32
3600.00	0.00	4.51
3600.00	0.00	5.86
3273.79	0.04	22.83
2619.63	20.01	15.86
0.00	100.00	0.00
8442.88	0.02	12.43
8444.36	0.00	11.73
8444.36	0.00	6.77
4599.83	20.01	15.56
1150.16	0.00	7.57
0.00	100.00	0.00
3178.54	0.05	6.07
3178.38	0.06	7.09
3179.65	0.02	4.99
1943.84	0.00	7.73
1943.84	0.00	7.28
1943.16	0.04	9.65
2875.40	0.00	9.32
2874.39	0.04	8.36
2875.40	0.00	6.04
925.80	0.00	49.85
3433.00	0.00	31.94
4355.09	0.02	21.31
2112.68	0.00	6.16
4223.87	0.04	5.06
2112.68	0.00	4.69
3508.77	0.00	4.12
3508.77	0.00	3.16
3508.16	0.02	3.22
5631.88	0.02	24.59
2816.39	0.02	26.96
8467.78	0.00	15.61
831.26	0.02	12.59
3325.64	0.00	15.07
4156.32	0.02	9.77
0.00	100.00	0.00
2816.90	0.00	21.53
2816.41	0.02	10.51
6000.00	0.00	4.06
5998.95	0.02	3.67
6000.00	0.00	1.80
4358.35	0.00	6.49
4357.59	0.02	5.59
4356.83	0.04	6.10
3422.05	0.00	8.92
3420.85	0.04	24.52
0.00	100.00	0.00
2000.41	0.00	61.81
1922.80	0.04	61.07
3861.65	0.02	23.00
770.74	0.02	15.80
3853.51	0.02	5.18
3082.97	0.02	16.99
3421.45	0.02	4.75
3421.45	0.02	2.43
3422.05	0.00	2.82
667.90	0.00	14.98
3338.35	0.04	17.78
0.00	100.00	0.00
2815.27	0.06	11.03
2815.42	0.05	11.54
2816.90	0.00	11.02
1104.29	0.00	10.18
4414.86	20.04	19.11
1103.91	0.04	8.83
2524.54	0.00	9.14
2524.54	0.00	6.37
2524.10	0.02	9.14
4358.35	0.00	3.67
4357.59	0.02	3.73
4358.35	0.00	4.18
18000.00	0.00	0.45
0.00	100.00	0.00
0.00	100.00	0.00
3508.77	0.00	5.28
1754.39	0.00	3.22
1753.77	0.04	5.53
4499.21	0.02	2.82
4500.00	0.00	3.67
4500.00	0.00	3.22
2482.07	0.02	26.45
2297.69	0.04	27.28
4781.12	0.00	7.53
4224.61	0.02	5.31
4224.61	0.02	5.82
4224.61	0.02	2.43
9000.00	0.00	0.90
9000.00	0.00	1.35
9000.00	0.00	1.35
3508.77	0.00	6.43
3508.16	0.02	5.98
3508.77	0.00	4.57
2434.44	0.05	10.70
2435.72	0.00	10.19
2434.74	0.04	6.40
4356.83	0.04	18.52
0.00	100.00	0.00
0.00	100.00	0.00
4357.59	0.02	3.79
4358.35	0.00	1.86
4358.35	0.00	1.47
900.00	0.00	11.73
4500.00	0.00	2.26
3600.00	0.00	13.98
0.00	100.00	0.00
2178.79	0.02	25.46
2179.18	0.00	13.88
0.00	100.00	0.00
6000.00	0.00	4.12
6000.00	0.00	9.20
3575.06	0.02	9.08
2859.55	0.04	14.95
715.14	0.00	11.81
2454.12	0.02	6.62
4090.91	0.00	9.63
2454.55	0.00	5.71
18000.00	0.00	0.45
0.00	100.00	0.00
0.00	100.00	0.00
4358.35	0.00	7.00
4357.59	0.02	6.55
4358.35	0.00	4.69
1106.58	0.00	72.73
4087.15	0.02	19.31
3024.60	0.02	45.62
2874.39	0.04	6.55
2874.90	0.02	8.41
2874.90	0.02	2.88
6216.05	0.00	17.49
2092.79	0.06	40.86
2060.66	0.02	49.02
2816.41	0.02	7.12
2815.91	0.04	8.47
2815.91	0.04	6.61
0.00	100.00	0.00
0.00	100.00	0.00
2880.00	0.00	26.16
3275.33	0.02	30.09
1166.16	0.04	65.43
1166.22	0.04	68.38
760.97	0.02	13.95
3043.86	0.02	8.26
3044.40	0.00	13.66
3508.77	0.00	6.37
3508.77	0.00	3.22
3508.16	0.02	5.92
713.81	0.00	83.49
2652.99	0.06	45.05
3363.54	0.00	19.68
2524.10	0.02	5.08
5049.09	0.00	5.14
2524.54	0.00	3.78
5502.37	0.04	585.09
5504.59	0.00	383.76
10092.93	0.00	241.11
4422.51	0.00	24.71
4422.51	14.41	22.88
930.34	0.04	48.99
9000.00	0.00	2.71
3600.00	0.00	5.86
3600.00	0.00	6.09
3339.52	0.00	2.77
3338.35	0.04	4.30
3338.93	0.02	3.28
0.00	100.00	0.00
0.00	100.00	0.00
3507.54	0.04	19.28
4347.83	0.00	6.50
4347.83	0.00	3.74
4346.84	0.02	4.70
2474.93	0.04	5.27
4951.86	0.00	4.02
2475.93	0.00	3.91
1544.79	0.02	7.18
6179.17	0.02	7.29
15450.64	0.00	0.98
4358.35	0.00	2.31
4358.35	0.00	2.31
4357.59	0.02	6.43
2999.47	0.02	6.77
3000.00	0.00	4.51
3000.00	0.00	4.96
1529.14	0.02	32.00
1364.82	0.05	45.12
2731.08	0.00	26.03
3576.14	0.00	23.55
2823.27	0.00	26.28
758.81	0.02	35.26
1125.00	0.00	9.47
4500.00	0.00	11.50
5625.00	0.00	4.33
4224.61	0.02	4.35
4225.35	0.00	2.37
4224.61	0.02	2.43
2811.51	0.04	4.81
2811.86	0.02	3.79
2812.50	0.00	5.26
4224.61	0.02	4.75
0.00	100.00	0.00
4223.87	0.04	14.75
3338.35	0.04	17.30
0.00	100.00	0.00
3339.52	0.00	4.75
3338.93	0.02	2.94
3338.93	0.02	1.53
3338.93	0.02	2.49
18000.00	0.00	0.45
18000.00	0.00	0.45
0.00	100.00	0.00
2935.86	0.02	8.81
0.00	100.00	0.00
2936.38	0.00	21.40
1019.83	0.00	12.14
4079.32	0.00	11.12
5098.26	0.02	4.15
0.00	100.00	0.00
3298.57	0.04	15.76
4123.93	0.02	13.28
3338.35	0.04	4.86
3338.93	0.02	3.90
3339.52	0.00	2.88
5738.05	0.00	14.34
4143.42	0.02	18.31
1606.37	0.02	17.43
3160.11	0.02	7.77
1580.06	0.02	7.06
1580.33	0.00	8.41
5731.18	0.02	7.33
1433.12	0.00	8.95
8598.73	0.00	2.80
2574.25	0.02	25.46
4958.68	0.00	15.63
2383.56	0.02	26.26
3000.00	0.00	4.96
3000.00	0.00	3.61
3000.00	0.00	4.51
5749.79	0.02	4.24
5750.80	0.00	1.86
5750.80	0.00	5.59
723.10	0.02	60.26
2681.83	0.00	38.31
3400.41	0.04	35.15
4341.80	0.02	21.96
8692.53	0.00	13.97
4342.79	0.00	21.32
3501.15	0.02	918.70
7680.94	0.00	317.55
3501.95	0.00	550.73
2760.74	0.00	5.82
5519.54	0.04	5.90
2760.74	0.00	5.26
3338.93	0.02	2.94
3338.35	0.04	4.86
3338.93	0.02	7.30
0.00	100.00	0.00
2812.01	0.02	6.74
2810.88	0.06	24.84
2214.02	0.00	29.06
0.00	100.00	0.00
2213.63	0.02	20.83
5750.80	0.00	4.69
5750.80	0.00	4.24
5749.79	0.02	3.79
4358.35	0.00	2.31
4357.59	0.02	1.41
4358.35	0.00	1.86
4223.87	0.04	17.40
4225.35	0.00	2.37
0.00	100.00	0.00
3600.00	0.00	6.54
3600.00	0.00	7.22
9000.00	0.00	2.71
739.77	0.02	59.42
2750.65	0.00	41.34
3483.89	0.04	35.95
5362.59	0.02	4.54
1072.71	0.00	10.33
4290.07	0.02	13.63
4225.35	0.00	5.59
4224.61	0.02	3.79
4224.61	0.02	4.30
3338.35	0.04	7.24
3339.52	0.00	2.88
3338.93	0.02	8.71
3508.77	0.00	8.81
3508.16	0.02	9.26
3508.16	0.02	5.59
3683.35	0.02	6.61
736.67	0.02	14.36
2946.16	0.04	17.74
3980.91	0.04	4.59
3980.91	0.04	4.59
3980.91	0.04	7.14
5750.80	0.00	4.18
5749.79	0.02	3.73
5750.80	0.00	1.86
4358.35	0.00	4.75
4358.35	0.00	2.31
4355.84	0.06	8.49
0.00	100.00	0.00
3422.05	0.00	9.32
3421.45	0.02	17.79
2905.57	0.00	4.66
4357.59	0.02	4.07
1452.78	0.00	4.18
3326.59	0.02	5.84
3326.42	0.02	4.88
3325.25	0.06	5.34
5521.47	0.00	3.45
5521.47	0.00	1.92
5519.54	0.04	3.45
3338.93	0.02	5.88
3338.35	0.04	4.41
3339.52	0.00	2.88
1754.08	0.02	8.30
1754.08	0.02	12.93
3508.77	0.00	13.21
4290.07	0.02	10.65
1072.52	0.02	10.45
5362.59	0.02	6.16
4500.00	0.00	3.61
4500.00	0.00	3.16
18000.00	0.00	0.90
2874.39	0.04	8.53
2875.40	0.00	6.55
2875.40	0.00	3.27
2480.54	0.02	41.21
3349.67	0.00	27.13
898.90	0.00	55.40
3022.14	0.02	14.56
755.67	0.00	14.53
3777.01	0.04	11.42
0.00	100.00	0.00
656.10	0.02	17.63
3279.93	0.04	20.62
3320.83	0.04	22.70
4208.08	0.00	11.73
892.90	0.02	26.63
4463.73	0.00	9.10
5579.67	0.00	3.81
1115.74	0.02	9.59
0.00	100.00	0.00
18000.00	0.00	0.90
5519.54	0.04	9.90
4357.59	0.02	5.59
0.00	100.00	0.00
4358.35	0.00	14.90
2938.53	0.02	25.81
5877.36	0.02	15.34
2915.87	0.00	28.21
3000.00	0.00	4.51
3000.00	0.00	4.96
3000.00	0.00	3.61
4500.00	0.00	2.71
4499.21	0.02	1.86
4500.00	0.00	3.61
3508.77	0.00	4.57
3508.16	0.02	3.67
3508.77	0.00	2.77
3228.13	0.02	15.77
4035.17	0.02	4.99
807.17	0.00	10.96
3000.00	0.00	4.96
3000.00	0.00	3.61
3000.00	0.00	4.51
2760.74	0.00	7.29
2759.77	0.04	6.67
2759.14	0.06	8.72
1929.95	0.02	48.26
1961.17	0.00	20.00
1930.29	0.00	53.68
5520.50	0.02	4.35
5520.50	0.02	3.51
5520.50	0.02	3.39
3421.45	0.02	17.18
3420.85	0.04	7.69
0.00	100.00	0.00
1977.46	0.00	46.03
2123.56	0.02	35.91
1830.98	0.00	44.75
2874.90	0.02	4.75
2874.90	0.02	2.37
2875.40	0.00	3.78
4224.61	0.02	18.53
0.00	100.00	0.00
4225.35	0.00	5.20
683.12	0.00	37.74
1733.88	0.04	38.80
2395.42	0.04	35.12
3508.16	0.02	5.98
3508.77	0.00	4.12
3508.77	0.00	4.57
3014.55	0.02	11.09
2009.70	0.02	17.32
2009.70	0.02	10.90
5750.80	0.00	4.49
2874.39	0.04	8.42
2875.40	0.00	5.26
4223.87	0.04	19.56
0.00	100.00	0.00
4224.61	0.02	5.77
0.00	100.00	0.00
2816.90	0.00	21.20
2815.91	0.04	11.14
3508.77	0.00	4.57
3508.16	0.02	4.63
3508.77	0.00	3.67
3000.00	0.00	9.02
3000.00	0.00	5.86
3000.00	0.00	9.02
0.00	100.00	0.00
0.00	100.00	0.00
3420.85	0.04	31.51
1754.39	0.00	10.61
1754.08	0.02	22.69
1754.08	0.02	20.38
3421.45	0.02	5.31
3422.05	0.00	6.22
3420.85	0.04	6.22
6000.00	0.00	5.41
8449.22	0.02	2.88
6000.00	0.00	5.39
829.73	0.02	12.73
4148.65	0.02	4.91
3318.34	0.04	17.02
3508.16	0.02	4.12
3508.77	0.00	3.16
3508.77	0.00	4.06
3508.77	0.00	6.88
3507.54	0.04	12.42
3507.97	0.02	6.10
1159.59	0.02	11.69
4638.36	0.02	11.21
15077.32	0.00	0.99
3246.49	20.03	29.70
811.77	0.02	15.71
811.91	0.00	13.28
2434.87	0.04	9.55
2435.72	0.00	11.02
2434.74	0.04	10.07
2869.66	0.04	9.78
2870.81	0.00	7.97
2870.81	0.00	3.28
3600.00	20.00	15.48
900.00	0.00	9.59
0.00	100.00	0.00
1748.62	0.02	48.75
1748.62	0.02	44.93
3511.85	0.00	11.89
2778.63	0.04	39.76
765.00	0.02	54.52
2062.29	0.00	39.04
4099.51	0.02	4.41
4099.51	0.02	3.84
4098.79	0.04	4.41
0.00	100.00	0.00
3414.18	0.04	20.64
3415.56	0.00	2.77
2003.32	0.04	53.60
2750.13	0.00	34.47
771.88	0.02	55.94
3259.16	0.05	7.53
3259.73	0.04	6.00
3260.30	0.02	3.00
4357.59	0.02	552.87
5061.31	0.00	634.72
4358.35	0.00	460.97
4358.35	0.00	14.45
0.00	100.00	0.00
4358.35	0.00	4.63
2571.43	0.00	8.12
2571.43	0.00	5.86
2571.43	0.00	9.47
2572.48	0.02	25.73
4955.27	0.00	15.21
2382.34	0.00	26.20
3508.77	0.00	5.59
3508.16	0.02	2.82
3508.77	0.00	6.49
905.30	0.00	71.42
3346.13	0.02	27.14
2478.78	0.00	40.74
3508.16	0.02	6.43
3508.77	0.00	4.57
3508.77	0.00	5.47
2524.10	0.02	10.95
2524.54	0.00	9.14
2524.54	0.00	7.33
3338.35	0.04	17.71
0.00	100.00	0.00
3339.52	0.00	2.37
4186.31	0.02	11.18
2067.97	0.04	43.65
2085.25	0.00	40.50
3337.76	0.05	7.36
1669.47	0.02	6.84
1669.76	0.00	7.80
2869.66	0.04	23.86
0.00	100.00	0.00
2870.31	0.02	7.97
2623.48	0.00	24.97
2428.72	0.02	25.61
5052.63	0.00	7.24
4251.30	0.00	5.73
3399.85	0.04	16.66
850.11	0.02	11.87
1912.60	0.02	15.74
1707.38	0.04	30.49
3142.12	0.02	23.42
2874.90	0.02	10.40
2874.90	0.02	19.38
0.00	100.00	0.00
1800.00	0.00	9.54
3600.00	0.00	16.37
0.00	100.00	0.00
0.00	100.00	0.00
3228.13	0.02	24.19
4034.46	0.04	8.05
2815.91	0.04	10.00
2816.41	0.02	9.55
2816.90	0.00	8.14
3080.60	0.02	26.66
1539.95	0.04	49.21
1540.30	0.02	44.26
