826.45	0.00	15.64
1651.14	0.11	14.75
826.45	0.00	15.64
1652.89	0.00	11.73
826.45	0.00	24.11
1649.13	0.23	11.86
1652.89	0.00	89.33
1651.14	0.11	5.47
0.00	100.00	0.00
0.00	100.00	0.00
1631.22	0.00	10.86
0.00	100.00	0.00
815.61	0.00	21.26
95.95	0.00	88.33
1535.26	0.00	92.09
1631.22	0.00	10.86
1533.64	5.98	90.71
95.95	0.00	90.45
716.48	0.00	61.18
1405.41	0.00	38.13
1458.47	0.14	21.25
716.48	0.00	74.23
715.73	0.11	59.71
688.93	0.00	82.15
687.12	0.26	63.49
1403.92	0.11	19.95
688.93	0.00	69.32
727.34	0.09	91.28
1402.08	0.00	20.57
1375.12	0.00	38.71
1426.76	0.16	21.52
674.08	0.00	90.83
1402.08	0.00	21.71
699.56	0.21	59.40
1402.08	0.00	22.72
672.04	0.30	69.23
1188.55	0.00	54.89
1292.39	0.14	19.64
1347.03	0.00	19.16
1316.91	0.28	36.84
1320.62	0.00	35.50
660.31	0.00	70.89
1240.25	0.09	19.01
1320.62	0.00	37.88
659.71	0.09	66.19
1736.73	0.11	74.08
1738.56	0.00	56.28
585.15	0.11	192.83
1738.38	0.00	54.20
1736.12	0.14	29.20
1738.56	0.00	73.91
1738.56	0.00	59.83
1736.44	0.12	28.53
585.77	0.00	232.72
288.27	0.12	339.11
248.81	0.00	182.49
288.61	0.00	362.01
1660.23	0.11	23.07
1661.96	0.00	64.31
1658.48	0.21	53.18
1662.01	0.00	22.92
1084.76	0.00	184.87
1421.44	0.00	112.30
103.70	0.00	83.35
1762.98	0.00	17.97
0.00	100.00	0.00
103.70	0.00	78.75
1762.98	0.00	15.60
1762.98	0.00	13.37
1659.27	0.00	85.73
1761.38	0.09	83.98
1762.98	0.00	16.19
2000.00	0.00	10.92
2000.00	0.00	7.76
2000.00	0.00	4.51
1998.19	0.09	8.22
2000.00	0.00	8.57
2000.00	0.00	9.02
2000.00	0.00	4.51
2000.00	0.00	4.51
2000.00	0.00	4.51
2662.42	0.00	12.10
2612.19	0.00	30.71
1356.33	0.00	42.25
2612.19	0.00	12.33
1306.10	0.00	19.72
1255.86	0.00	37.22
2609.82	0.09	12.91
1254.89	0.08	48.52
2612.19	0.00	12.81
145.24	0.11	268.70
1512.16	0.00	55.53
805.12	0.00	72.61
1227.63	0.00	139.68
145.01	0.11	192.91
692.19	0.00	122.46
1512.39	0.00	38.13
1510.50	0.14	19.90
562.29	0.09	48.94
1450.19	0.00	168.22
1665.35	0.00	50.25
1450.46	0.00	146.86
214.89	0.00	355.70
849.18	0.00	47.29
815.89	0.00	113.23
1663.01	0.14	25.75
848.28	0.11	70.52
1661.83	0.21	50.29
2161.02	0.00	11.25
2161.02	0.00	11.22
0.00	100.00	0.00
1080.51	0.00	12.15
1080.51	0.00	12.09
2033.90	5.88	72.52
2157.98	0.14	4.31
2161.02	0.00	4.20
127.12	0.00	68.39
1710.30	0.00	31.65
1711.70	0.14	13.56
1721.72	0.00	14.00
1712.29	0.11	13.69
1714.10	0.00	13.57
1714.10	0.00	13.69
1237.96	0.00	37.64
475.64	0.11	47.88
1695.06	0.00	22.87
1208.05	0.00	7.17
1206.58	0.12	7.29
1208.05	0.00	10.53
2410.53	0.23	7.84
2416.11	0.00	3.81
2416.11	0.00	3.81
1208.05	0.00	14.34
2416.11	0.00	8.07
2416.11	0.00	3.81
1367.05	0.00	110.23
1603.57	0.00	53.58
245.74	0.00	152.14
1603.32	0.11	40.27
238.12	0.00	110.31
1366.97	0.00	102.32
238.05	0.00	131.04
1603.49	0.00	38.66
1365.45	0.00	102.77
1500.02	0.00	73.84
754.95	0.14	102.16
756.01	0.00	117.10
750.01	0.00	103.99
756.01	0.00	88.90
750.01	0.00	72.57
750.01	0.00	85.02
748.42	0.21	84.19
750.01	0.00	89.31
1209.45	0.11	51.30
632.27	0.00	50.75
618.82	0.00	32.18
887.87	0.00	54.62
1224.18	0.00	32.31
1224.18	0.00	32.68
1224.18	0.00	33.06
349.27	0.14	61.35
1143.46	0.00	48.50
1250.30	0.00	64.68
1572.87	0.00	38.42
1570.20	0.00	41.17
663.80	0.00	32.84
919.73	0.00	25.66
1580.86	0.00	29.67
333.23	0.00	86.16
1570.20	0.00	27.76
1572.87	0.00	15.00
1800.00	0.00	3.61
1800.00	0.00	3.61
1800.00	0.00	4.96
1800.00	0.00	5.41
1800.00	0.00	5.86
1800.00	0.00	4.51
1800.00	0.00	4.51
1800.00	0.00	7.67
1800.00	0.00	4.96
1142.95	0.00	56.05
1775.11	0.00	38.50
1643.62	0.00	41.89
632.16	0.00	69.22
632.16	0.00	80.04
1773.23	0.11	15.49
1643.62	0.00	38.90
1775.11	0.00	15.62
1770.05	0.00	28.55
273.69	0.00	398.74
1550.03	0.00	65.25
229.76	0.00	194.89
1546.99	0.11	24.29
1544.68	0.25	47.51
450.03	0.00	260.89
818.88	0.00	193.91
1320.34	0.00	121.58
1550.03	0.00	24.28
818.18	0.00	29.32
818.18	0.00	16.24
1636.36	0.00	10.83
818.18	0.00	25.71
818.18	0.00	10.38
1636.36	0.00	5.41
1636.36	0.00	10.83
1636.36	0.00	5.41
1636.36	0.00	10.83
1362.60	0.00	12.82
2725.21	0.00	15.35
1361.37	0.09	9.67
2725.21	0.00	3.43
1362.60	0.00	13.72
2725.21	0.00	6.86
1362.60	0.00	10.02
2725.21	0.00	3.43
1362.60	0.00	6.41
2259.62	0.00	49.49
1151.13	0.09	35.35
2259.61	0.00	55.56
1968.06	0.00	100.63
2257.23	0.11	19.56
2259.62	0.00	19.16
2256.85	0.12	19.48
1152.17	0.00	51.62
291.56	0.00	163.43
238.82	0.00	161.43
1122.88	0.00	62.16
1122.50	0.00	45.25
893.20	0.00	102.44
1122.50	0.00	45.63
1122.12	0.00	64.98
1121.74	0.00	81.85
1129.74	0.00	49.90
1129.36	0.00	66.18
1503.88	0.00	100.17
1503.63	0.00	74.58
736.79	0.00	105.34
1499.39	0.28	69.91
736.79	0.00	78.47
1503.87	0.00	55.20
1503.87	0.00	28.23
1309.83	0.00	171.87
194.06	0.00	253.44
680.27	0.00	23.42
1360.54	0.00	25.00
1360.54	0.00	19.14
680.27	0.00	28.49
1360.54	0.00	13.97
680.27	0.00	34.46
1358.88	0.12	15.44
1360.54	0.00	6.42
1360.54	0.00	6.42
1078.58	0.00	100.86
2136.30	0.00	92.01
2134.36	0.09	96.69
2136.30	0.00	36.42
1078.58	0.00	68.17
1078.58	0.00	104.09
1078.58	0.00	68.34
1998.54	0.11	357.71
135.64	0.00	521.36
2901.40	0.00	12.95
1035.03	0.00	46.17
1035.03	0.00	65.60
1863.05	0.00	44.28
2895.45	0.09	12.66
2691.08	0.00	30.66
2898.08	0.00	12.48
1035.03	0.00	42.43
1033.58	0.14	29.87
1817.39	0.11	17.87
1712.30	5.88	81.24
908.55	0.12	14.14
107.02	0.00	81.21
0.00	100.00	0.00
909.66	0.00	9.38
1819.32	0.00	10.25
1819.32	0.00	9.83
0.00	100.00	0.00
1714.29	0.00	12.63
1714.29	0.00	11.50
1714.29	0.00	10.15
857.14	0.00	9.02
857.14	0.00	11.28
1714.29	0.00	5.41
1714.29	0.00	10.15
857.14	0.00	9.47
1714.29	0.00	10.15
1691.43	0.00	45.43
356.51	0.00	105.88
698.21	0.00	36.83
1691.99	0.00	17.96
1692.56	0.00	17.44
697.64	0.00	52.86
1332.66	0.21	69.88
1690.86	0.00	32.66
1689.07	0.11	33.26
1209.68	0.00	11.41
1209.68	0.00	5.15
1209.68	0.00	5.15
1206.65	0.25	7.63
1207.48	0.18	8.72
1209.68	0.00	6.26
1209.68	0.00	6.26
1209.68	0.00	11.86
1209.68	0.00	10.51
1449.35	0.09	66.00
1757.33	0.09	16.02
1755.48	0.00	41.77
307.76	0.00	83.44
1756.46	0.00	15.06
1754.87	0.09	15.44
1755.48	0.00	41.47
1757.94	0.00	15.46
1756.46	0.00	15.39
1361.57	0.00	17.89
0.00	100.00	0.00
0.00	100.00	0.00
1361.57	0.00	12.83
1361.57	0.00	117.37
680.79	0.00	114.66
680.79	0.00	114.21
680.79	0.00	12.38
1361.57	0.00	6.41
1410.65	0.00	52.59
1802.85	0.00	24.53
1802.85	0.00	24.83
395.36	0.00	56.84
1799.68	0.00	12.63
1796.52	0.00	12.51
1799.68	0.00	38.15
1787.03	0.00	32.14
1785.50	0.26	23.43
1989.08	0.00	12.25
0.00	100.00	0.00
1872.07	0.00	77.04
1869.45	0.14	9.47
117.00	0.00	70.30
1989.08	0.00	76.57
1989.08	0.00	4.53
117.00	0.00	71.65
1872.07	0.00	76.22
2281.43	0.00	30.58
660.16	0.00	56.97
315.52	0.00	79.64
2279.00	0.00	22.64
2278.23	0.14	11.99
1662.53	0.00	66.75
1672.24	0.00	66.85
303.38	0.00	92.30
303.38	0.00	106.82
1217.21	0.00	91.22
1231.81	0.00	30.83
608.60	0.00	114.10
1213.55	0.30	53.54
608.60	0.00	135.16
613.47	0.00	104.36
1215.92	0.11	54.35
608.60	0.00	123.88
1220.36	0.14	30.38
1352.38	0.00	36.04
2172.16	0.00	49.54
2175.09	0.00	52.23
457.88	0.00	78.94
1278.39	0.00	32.80
2629.30	0.00	22.86
2632.97	0.00	12.47
457.88	0.00	69.02
2630.77	0.00	12.25
1530.88	0.09	56.00
1260.87	0.00	77.11
1036.47	0.00	88.57
1528.00	0.00	16.29
1536.55	0.00	17.02
1525.86	0.00	31.33
1524.68	0.08	31.82
532.13	0.00	59.97
267.13	0.00	129.49
0.00	100.00	0.00
1540.11	5.88	91.12
1636.36	0.00	5.41
1540.11	0.00	92.79
96.26	0.00	84.81
1636.36	0.00	10.83
0.00	100.00	0.00
96.26	0.00	84.81
1636.36	0.00	90.22
1153.07	0.00	30.44
1754.68	0.00	23.69
626.67	0.00	49.35
1779.75	0.00	13.13
1754.68	0.00	24.58
726.17	0.11	46.39
1128.01	0.00	40.08
625.22	0.23	45.30
626.67	0.00	56.77
1719.92	0.00	13.98
217.51	0.00	123.81
587.02	0.00	177.13
1718.86	0.00	27.02
714.13	0.00	175.85
1502.94	0.00	91.94
1719.04	0.00	13.84
1719.39	0.00	27.21
110.52	0.00	234.20
1882.35	4.00	74.52
2000.00	0.00	9.02
2000.00	0.00	9.02
1333.33	0.00	21.88
117.65	0.00	69.47
666.67	0.00	20.30
2000.00	0.00	78.49
0.00	100.00	0.00
2000.00	0.00	4.51
1116.65	0.12	18.26
1118.01	0.00	11.97
1116.83	0.11	11.98
1118.01	0.00	12.42
1118.01	0.00	12.87
1115.82	0.20	13.55
1118.01	0.00	7.16
1116.83	0.11	17.70
1118.01	0.00	7.71
1898.64	0.00	59.32
400.09	0.00	89.32
1169.53	0.00	39.35
1887.76	0.00	54.21
2285.29	0.00	25.59
400.09	0.00	78.49
2286.57	0.00	13.50
1168.25	0.00	49.13
2285.93	0.00	13.66
803.21	0.00	16.39
1606.43	0.00	11.29
803.21	0.00	11.01
1606.43	0.00	94.59
801.36	0.23	16.88
1606.43	0.00	5.51
0.00	100.00	0.00
1606.43	0.00	12.13
1601.92	0.28	11.26
1388.89	0.00	22.73
1386.94	0.14	105.74
694.44	0.00	18.11
1388.89	0.00	6.30
0.00	100.00	0.00
1387.42	0.11	14.91
1388.89	0.00	6.30
1388.89	0.00	12.54
1388.89	0.00	12.54
873.21	0.00	141.51
622.29	0.11	157.00
1058.49	0.00	108.07
1283.03	0.00	45.53
223.48	0.00	129.43
1280.44	0.09	43.92
437.32	0.00	203.62
1283.39	0.00	23.56
1280.80	0.09	23.19
444.10	0.00	97.14
2092.48	0.00	27.05
2092.63	0.00	33.95
2092.63	0.00	14.11
2092.48	0.00	27.33
2092.63	0.00	14.30
1647.92	0.22	54.33
2092.63	0.00	14.60
2092.63	0.00	14.70
300.82	0.00	199.97
1426.64	0.00	83.00
1727.27	0.00	52.88
1426.64	0.00	93.68
1725.79	0.09	37.32
1425.34	0.09	89.69
1727.55	0.00	19.30
1727.46	0.00	19.30
300.72	0.00	129.98
0.00	100.00	0.00
80.09	0.00	101.83
0.00	100.00	0.00
1281.48	0.00	106.44
0.00	100.00	0.00
1360.13	0.11	6.52
1361.57	0.00	108.25
1361.57	0.00	6.41
0.00	100.00	0.00
1691.78	0.09	5.35
1693.32	0.00	5.25
1693.32	0.00	5.25
1693.32	0.00	12.39
1692.01	0.08	10.14
1691.53	0.11	10.24
1693.32	0.00	13.48
1693.32	0.00	5.25
1693.32	0.00	10.49
0.00	100.00	0.00
101.02	0.11	92.57
1719.10	0.00	93.99
1617.98	0.00	84.97
1719.10	0.00	10.35
808.99	0.00	15.45
1719.10	0.00	20.70
808.99	0.00	10.49
1719.10	0.00	11.68
1243.09	0.00	15.43
1241.35	0.14	16.01
1243.09	0.00	10.36
1243.09	0.00	6.08
1243.09	0.00	10.81
1243.09	0.00	6.08
1243.09	0.00	13.51
1241.35	0.14	6.65
1243.09	0.00	15.43
1723.31	0.00	18.62
1723.31	0.00	10.33
860.87	0.09	14.14
861.66	0.00	9.87
1723.31	0.00	10.83
861.66	0.00	14.59
860.45	0.14	10.45
1721.49	0.11	5.27
1723.31	0.00	5.16
1630.75	0.00	32.47
1197.04	0.00	66.50
1613.40	0.00	34.09
225.53	0.00	84.72
1613.40	0.00	33.85
1361.85	0.00	51.92
1630.75	0.00	12.36
1628.46	0.14	12.68
216.85	0.00	109.29
1343.10	0.00	59.74
1340.04	0.23	60.51
1348.48	0.00	25.45
671.55	0.00	115.36
1343.10	0.00	48.32
1343.10	0.00	48.99
671.55	0.00	83.50
1341.88	0.09	49.37
1336.32	0.11	44.21
742.77	0.00	136.81
1520.41	0.00	53.62
1242.95	0.12	39.99
267.86	0.00	160.31
777.63	0.00	140.58
1519.98	0.00	38.57
266.21	0.14	111.94
1253.82	0.00	100.07
1252.12	0.00	102.84
794.83	0.00	66.23
1589.66	0.00	29.27
1556.45	0.09	42.36
1621.45	0.00	16.30
1557.86	0.00	39.00
794.83	0.00	59.89
1653.24	0.00	16.37
1619.74	0.11	17.03
826.62	0.00	27.97
848.70	0.00	52.93
1664.76	0.00	41.39
1663.25	0.09	15.97
816.06	0.00	63.50
1598.03	0.09	37.85
1628.67	0.21	30.87
1664.76	0.00	17.11
1697.40	0.00	16.73
1664.76	0.00	17.38
1636.36	0.00	13.98
1636.36	0.00	5.41
1636.36	0.00	14.44
1636.36	0.00	12.18
1636.36	0.00	5.41
1636.36	0.00	10.83
1636.36	0.00	5.41
1636.36	0.00	5.41
1636.36	0.00	9.92
829.20	0.00	70.89
1638.81	0.00	21.98
1627.36	0.30	68.89
820.80	0.23	87.55
1625.76	0.00	55.22
1638.81	0.00	22.48
815.51	0.08	98.59
1632.29	0.00	41.37
816.14	0.00	55.57
1846.01	0.00	50.25
755.48	0.00	122.94
1847.68	0.00	37.96
1572.28	0.11	88.20
273.81	0.00	123.39
1845.92	0.00	36.93
1029.12	0.00	33.07
1846.01	0.00	19.17
1090.53	0.00	120.78
1648.08	0.00	39.23
964.87	0.00	65.05
693.63	0.11	50.24
1653.66	0.00	15.65
1656.45	0.00	31.12
1296.71	0.00	61.58
683.21	0.00	90.06
351.37	0.00	72.29
962.08	0.00	37.73
1357.17	0.00	46.84
1062.43	0.00	71.40
287.58	0.11	85.48
1354.89	0.00	33.78
1355.74	0.11	18.28
1357.17	0.00	18.10
1354.89	0.00	33.88
1353.66	0.09	34.54
1357.17	0.00	36.87
2363.76	0.00	7.93
1180.43	0.12	6.08
2363.76	0.00	3.44
2363.76	0.00	5.57
2363.76	0.00	6.25
2363.76	0.00	3.66
1181.88	0.00	7.08
2363.76	0.00	3.66
2363.76	0.00	3.89
1666.78	0.11	48.36
1669.01	0.00	18.70
290.63	0.00	76.76
1376.92	0.11	86.32
1378.38	0.00	74.32
290.16	0.00	175.08
1669.01	0.00	19.21
1667.03	0.09	36.63
1378.38	0.00	75.58
1014.04	0.00	259.16
1587.62	0.00	69.51
645.68	0.00	333.96
1382.77	0.00	143.90
441.11	0.00	271.76
1104.96	0.08	222.41
204.40	0.23	231.28
1587.57	0.00	50.26
572.94	0.11	68.63
1071.84	0.00	31.82
2134.20	0.00	22.21
592.83	0.00	53.44
2129.45	0.00	20.72
2138.94	0.00	11.47
2134.20	0.00	26.93
1538.57	0.18	43.69
1065.60	0.14	19.92
2134.20	0.00	11.49
1471.38	0.00	48.73
313.75	0.00	113.87
1169.17	0.00	69.29
313.47	0.09	108.90
1481.92	0.00	19.31
1470.87	0.00	36.72
1167.16	0.00	81.27
1471.38	0.00	18.68
1470.37	0.00	48.75
415.62	0.00	145.40
1225.68	0.00	31.08
809.79	0.20	118.89
1158.84	0.00	58.14
413.26	0.09	175.77
1211.16	0.11	30.29
413.63	0.00	215.37
744.54	0.00	126.84
810.72	0.00	138.55
1245.75	0.00	51.01
1243.12	0.21	51.62
983.60	0.00	78.14
1243.66	0.00	54.69
1245.75	0.00	41.20
1245.75	0.00	39.58
1242.53	0.09	56.95
1247.85	0.00	20.92
264.25	0.00	94.31
1380.32	0.00	46.31
370.04	0.00	89.50
660.79	0.00	85.21
1321.59	0.00	34.58
1013.22	0.00	64.07
1371.51	0.00	35.98
1365.64	0.00	45.23
660.79	0.00	65.66
1377.39	0.00	33.42
2509.48	0.00	28.52
2509.48	0.00	28.47
2068.66	0.11	47.17
1212.56	0.00	64.12
2496.12	0.00	11.22
2506.50	0.09	21.81
1212.56	0.00	58.40
439.33	0.00	60.35
2508.78	0.00	21.97
763.64	0.00	65.65
818.18	0.00	75.56
736.36	0.00	36.76
1472.73	0.00	53.67
709.09	0.00	68.97
681.82	0.00	82.10
1500.00	0.00	42.24
790.91	0.00	81.28
1527.27	0.00	21.35
675.38	0.00	118.49
1447.46	0.00	12.15
1446.68	0.00	23.82
674.60	0.00	125.74
1445.37	0.09	24.13
1445.90	0.00	36.03
1445.69	0.12	12.56
97.49	0.00	171.61
1445.12	0.00	52.03
1724.25	0.00	42.99
1721.36	0.00	32.69
1721.83	0.14	42.72
367.03	0.11	72.87
1722.43	0.11	16.80
1724.25	0.00	16.58
1353.89	0.22	58.47
367.42	0.00	100.18
1345.27	0.00	76.26
1453.00	5.88	95.57
90.81	0.00	179.73
1453.00	0.00	102.29
1451.47	0.11	99.14
1453.00	5.88	95.57
1450.15	0.20	96.41
90.73	0.09	270.03
0.00	100.00	0.00
1543.82	0.00	5.71
1600.00	0.00	16.18
1600.00	0.00	12.69
800.00	0.00	14.77
1600.00	0.00	10.60
1600.00	0.00	11.56
1597.44	0.16	5.65
1600.00	0.00	10.60
800.00	0.00	11.05
1600.00	0.00	5.53
2366.09	0.00	47.32
2366.09	0.00	61.61
220.10	0.00	231.02
1096.85	0.14	47.55
2145.99	0.00	184.64
1097.23	0.11	71.89
2143.72	0.11	163.29
220.10	0.00	195.58
2366.09	0.00	70.01
1604.28	0.00	8.22
1604.28	0.00	3.16
1604.28	0.00	7.32
1604.28	0.00	3.61
1604.28	0.00	3.61
1600.89	0.21	5.98
1604.28	0.00	4.96
1604.28	0.00	3.61
1604.28	0.00	6.87
943.10	0.00	58.65
1030.16	0.00	32.02
1015.65	0.00	21.16
1725.03	0.09	31.65
1741.11	0.00	12.81
1724.77	0.11	24.78
377.24	0.00	56.64
1755.62	0.00	13.08
710.95	0.00	62.74
1508.07	0.00	54.85
786.96	0.11	75.57
1910.00	0.00	30.75
787.80	0.00	73.48
1498.42	0.00	27.60
401.94	0.00	84.18
1910.00	0.00	13.49
1910.00	0.00	13.49
1907.32	0.14	13.90
1652.00	0.00	59.65
1407.27	0.00	109.02
244.55	0.11	177.70
1652.00	0.00	44.31
244.88	0.00	115.75
1405.60	0.09	125.13
1651.92	0.00	43.21
1652.00	0.00	22.39
1647.66	0.26	46.33
0.00	100.00	0.00
1756.31	0.00	86.39
1866.08	0.00	4.80
109.59	0.16	74.65
1866.08	0.00	4.80
1864.11	0.11	80.52
1861.18	0.26	9.84
109.77	0.00	74.42
1756.31	0.00	78.32
426.89	0.00	73.26
2003.36	0.00	14.38
1579.83	0.00	58.67
426.89	0.00	63.49
423.53	0.00	44.30
420.17	0.00	69.02
1576.47	0.00	52.30
1563.03	0.00	55.17
1576.47	0.00	57.35
1537.40	0.00	43.02
1218.84	0.09	67.38
1545.27	0.00	45.77
1545.73	0.11	33.22
1547.89	0.00	17.51
1547.89	0.00	17.40
1547.89	0.00	17.51
1547.37	0.00	33.25
327.94	0.00	79.50
1295.17	0.00	204.81
863.45	0.00	559.97
1293.35	0.14	147.88
431.27	0.11	1040.79
1295.17	0.00	75.22
1295.17	0.00	147.52
1295.17	0.00	215.30
849.06	0.00	615.35
1293.35	0.14	77.20
779.22	0.00	25.90
1558.44	0.00	14.68
1558.44	0.00	90.26
1558.44	0.00	17.81
778.40	0.11	24.57
1555.15	0.21	96.00
0.00	100.00	0.00
0.00	100.00	0.00
779.22	0.00	15.48
0.00	100.00	0.00
96.04	0.11	85.55
1538.30	5.88	92.17
1538.30	0.00	11.15
1538.30	0.00	88.55
96.14	0.00	93.48
1634.44	0.00	10.84
1634.44	0.00	16.71
1631.83	0.16	5.54
1593.60	0.23	80.38
1933.95	0.00	16.33
1932.88	0.00	31.83
992.79	0.00	30.29
992.25	0.00	44.00
1932.88	0.00	32.06
336.13	0.00	124.54
1932.34	0.00	30.96
1930.16	0.14	16.39
778.61	0.00	56.83
2771.12	0.00	10.85
1992.51	0.00	36.43
1385.56	0.00	18.71
1379.43	0.00	17.04
1385.56	0.00	18.96
2758.86	0.00	19.05
2771.12	0.00	10.23
1379.43	0.00	26.31
1611.20	0.11	13.99
1612.90	0.00	13.48
1612.90	0.00	10.75
806.45	0.00	13.98
1612.90	0.00	10.85
1609.23	0.23	12.43
1611.44	0.09	9.95
1612.90	0.00	14.16
806.45	0.00	10.07
2032.03	0.00	67.64
2032.03	5.88	68.60
126.89	0.09	131.70
2159.03	0.00	4.21
0.00	100.00	0.00
2159.03	0.00	4.21
2159.03	0.00	4.21
127.00	0.00	69.00
2029.88	5.98	71.48
907.14	0.00	66.60
900.00	0.00	66.23
900.00	0.00	61.76
900.00	0.00	89.95
1800.00	0.00	50.79
892.86	0.00	53.23
1792.86	0.00	42.91
892.86	0.00	107.36
1800.00	0.00	23.72
1894.74	0.00	11.95
1894.74	0.00	4.51
947.37	0.00	8.57
947.37	0.00	10.83
947.37	0.00	12.18
1894.74	0.00	15.11
1894.74	0.00	8.57
1894.74	0.00	4.51
947.37	0.00	7.67
171.98	0.20	228.17
1591.66	0.00	17.35
1222.40	0.00	108.92
1564.31	0.00	46.75
1256.32	0.00	90.23
1563.76	0.00	48.50
1564.31	0.00	17.34
1560.63	0.22	34.32
170.96	0.00	239.65
1490.94	0.00	14.88
0.00	100.00	0.00
745.47	0.00	17.06
1490.94	0.00	20.16
87.61	0.11	93.23
1489.58	0.09	11.90
1490.94	0.00	5.90
744.68	0.11	11.45
1488.85	0.14	99.18
1278.14	0.00	41.54
2292.53	0.00	24.02
2485.26	0.00	22.52
2310.37	0.11	13.77
2495.41	0.00	13.10
2485.26	0.00	23.73
1267.99	0.00	24.42
2282.38	0.00	31.19
2493.14	0.09	13.66
1741.97	0.00	67.74
1741.97	0.00	67.74
1742.90	0.00	26.93
1741.97	0.00	51.78
583.14	0.00	175.37
1741.04	0.00	49.40
1139.30	0.00	140.39
1743.83	0.00	27.52
1739.19	0.11	50.35
1688.62	0.00	27.87
781.46	0.00	88.72
237.79	0.00	57.52
130.94	0.00	142.69
778.07	0.30	95.44
1451.88	0.00	51.89
886.21	0.00	28.47
799.67	0.21	29.80
1687.58	0.00	20.27
18000.00	0.00	0.45
0.00	100.00	0.00
18000.00	0.00	0.45
0.00	100.00	0.00
0.00	100.00	0.00
0.00	100.00	0.00
0.00	100.00	0.00
0.00	100.00	0.00
0.00	100.00	0.00
1484.02	0.00	35.62
1483.25	0.00	48.06
189.71	0.00	108.81
922.54	7.66	136.96
1219.34	0.00	82.47
96.28	0.11	219.28
1484.02	0.00	13.42
1482.49	0.00	38.53
539.30	0.00	150.86
1270.08	0.00	96.84
1611.39	0.00	64.61
1611.50	0.00	38.23
1268.84	0.11	23.65
1609.42	0.00	19.01
1609.42	0.00	19.10
341.42	0.00	141.98
1609.53	0.00	19.20
1611.39	0.00	53.62
924.02	0.00	13.86
924.02	0.00	13.86
1845.46	0.14	4.96
1848.05	0.00	9.69
1848.05	0.00	4.84
1848.05	0.00	9.69
1848.05	0.00	4.84
1848.05	0.00	14.53
1848.05	0.00	4.84
0.00	100.00	0.00
1467.13	0.00	16.60
86.30	0.00	94.99
1467.13	0.00	5.99
1380.83	0.00	99.17
1467.13	0.00	11.97
1467.13	0.00	5.99
0.00	100.00	0.00
1467.13	0.00	106.53
894.63	0.00	8.17
894.63	0.00	9.08
1789.26	0.00	4.99
1789.26	0.00	4.99
1787.64	0.09	9.63
892.28	0.26	13.58
893.54	0.12	11.54
1789.26	0.00	9.75
1789.26	0.00	10.81
1304.35	0.00	17.10
1302.52	0.14	11.90
1303.16	0.09	12.69
652.17	0.00	17.73
651.26	0.14	12.58
1303.16	0.09	12.28
1304.35	0.00	12.00
1302.75	0.12	6.56
1304.35	0.00	17.37
1950.16	0.00	11.59
1950.16	0.00	12.04
1950.16	0.00	8.78
1950.16	0.00	4.61
1950.16	0.00	4.61
1947.78	0.12	4.72
1950.16	0.00	4.61
1950.16	0.00	4.61
1947.78	0.12	4.72
1359.82	0.00	74.36
365.54	0.00	97.32
1725.37	0.00	31.69
1724.78	0.00	49.38
1721.39	0.20	30.38
366.13	0.00	74.77
1724.78	0.00	30.08
1359.82	0.00	62.06
1725.37	0.00	15.96
2444.35	0.00	51.78
168.71	0.00	264.13
2155.08	5.10	255.46
1173.97	0.00	42.02
144.64	0.00	327.50
1173.97	0.00	62.64
2444.35	0.00	42.73
2275.64	0.00	178.71
144.64	0.00	332.46
1757.81	0.00	12.50
1757.81	0.00	5.07
1757.81	0.00	5.07
1757.81	0.00	9.24
1757.81	0.00	8.79
1757.81	0.00	5.07
1757.81	0.00	9.69
1757.81	0.00	5.07
1755.35	0.14	5.19
1154.06	0.21	126.21
1156.51	0.00	121.55
1157.43	0.00	76.45
578.25	0.00	149.47
579.18	0.00	72.29
578.25	0.00	137.84
577.64	0.11	173.96
579.18	0.00	186.94
578.25	0.00	167.50
1147.23	0.00	11.79
1147.23	0.00	15.51
1147.23	0.00	11.79
2291.24	0.14	4.10
1147.23	0.00	7.53
1147.23	0.00	15.96
2294.46	0.00	3.99
1146.19	0.09	12.25
2294.46	0.00	3.99
1728.46	0.00	32.73
1352.44	0.00	50.03
1731.49	0.00	13.34
1725.43	0.00	35.44
379.05	0.00	58.22
1716.33	0.00	23.79
1713.30	0.00	33.49
1712.70	0.21	24.57
1719.36	0.00	13.01
1449.86	0.00	55.09
254.08	0.00	175.18
252.47	0.00	208.81
1447.52	0.11	60.31
1197.40	0.00	97.92
1197.40	0.00	89.18
1197.40	0.00	112.89
1447.83	0.14	22.34
1449.46	0.00	62.93
744.04	0.00	91.64
1140.86	0.00	67.90
1078.03	0.00	60.32
1491.39	0.00	39.28
413.36	0.00	122.48
747.35	0.00	31.79
744.04	0.00	60.29
416.66	0.00	85.30
1486.00	0.14	32.45
386.12	0.00	172.14
1461.06	0.00	67.55
697.12	0.14	96.44
1464.15	0.00	63.11
1467.24	0.00	38.00
1464.36	0.20	39.44
1065.68	0.00	83.92
1470.33	0.00	20.30
386.12	0.00	129.31
1746.43	0.00	61.43
367.51	0.00	113.23
2105.81	0.25	41.73
2478.52	0.00	11.42
2475.58	0.00	23.13
2478.52	0.00	11.48
2478.52	0.00	11.55
2481.46	0.00	11.60
367.51	0.00	89.42
1135.70	0.21	82.90
1137.72	0.00	100.03
1138.10	0.00	71.08
664.14	0.26	131.14
472.60	0.00	169.47
241.51	0.00	151.76
896.98	0.00	112.53
1138.49	0.00	24.29
1138.10	0.00	46.79
819.94	0.00	114.99
1633.43	0.00	55.94
1633.43	0.00	64.41
1639.89	0.00	29.53
813.49	0.00	148.58
826.40	0.00	84.58
807.03	0.00	96.08
807.03	0.00	117.74
1633.43	0.00	28.31
1495.68	0.20	75.90
1813.41	0.00	45.66
316.30	0.00	71.29
315.79	0.00	109.39
1811.99	0.11	34.73
1498.12	0.00	68.99
882.20	0.00	99.86
1813.91	0.00	16.12
922.11	0.00	99.42
1472.09	0.00	61.00
1921.69	0.14	34.56
964.33	0.00	62.99
960.06	0.00	69.15
2009.73	0.00	14.04
537.63	0.00	68.11
1921.69	0.14	13.93
1924.39	0.00	13.76
1924.39	0.00	13.76
1448.46	0.14	368.12
1450.50	0.00	268.31
659.32	0.00	1155.21
681.29	0.00	411.10
1448.96	0.11	268.36
1448.96	0.11	136.75
1450.50	0.00	134.79
791.18	0.00	1662.98
766.89	0.30	449.84
1043.97	0.00	55.29
1027.53	0.00	45.61
2063.29	0.00	44.12
2071.51	0.00	19.40
1035.75	0.00	76.97
2061.42	0.09	36.85
1027.53	0.00	94.65
1027.53	0.00	43.80
1027.53	0.00	30.89
1397.78	0.00	36.85
1581.93	0.14	14.58
775.02	0.20	47.28
1522.03	0.00	26.21
1522.03	0.00	26.44
1553.09	0.00	15.05
1551.45	0.11	15.80
1522.03	0.00	27.41
776.54	0.00	31.10
1286.35	0.20	72.06
1283.74	0.00	75.41
1288.88	0.00	55.43
652.14	0.00	138.10
1294.01	0.00	30.50
1294.01	0.00	30.72
1294.01	0.00	30.95
641.87	0.00	140.50
1288.88	0.00	57.68
1808.50	0.00	61.76
2186.66	0.11	26.95
2188.98	0.00	30.11
381.09	0.00	89.64
2186.66	0.11	13.65
2188.37	0.00	25.51
393.28	0.00	82.15
2188.37	0.00	25.79
1807.89	0.00	55.56
813.12	0.11	136.63
291.57	0.00	142.67
851.10	0.00	153.91
1665.09	0.00	20.06
1380.20	0.21	90.55
851.20	0.00	131.83
1665.09	0.00	44.64
1665.09	0.00	20.06
813.80	0.00	131.57
1267.11	0.00	46.07
1267.11	0.00	35.08
1267.11	0.00	35.08
1267.11	0.00	35.46
1253.03	0.00	57.67
1267.11	0.00	35.96
354.79	0.00	67.17
914.30	0.09	60.42
1267.11	0.00	18.18
1419.28	0.00	60.69
1736.63	0.14	29.20
1739.07	0.00	32.05
749.23	0.00	68.47
989.84	0.00	78.21
1742.12	0.00	14.48
1793.90	0.00	37.85
1742.12	0.00	14.60
380.71	0.00	78.42
1445.31	0.11	23.97
1187.11	0.00	125.22
1437.01	0.12	23.34
1446.80	0.00	45.83
1184.01	0.26	45.93
1446.82	0.00	23.55
1438.74	0.00	44.50
251.93	0.00	190.48
1445.46	0.09	64.57
702.45	0.11	516.39
1756.51	0.11	128.56
1758.36	0.00	95.24
1758.36	0.00	95.69
1172.24	0.00	290.37
586.12	0.00	360.38
604.33	0.09	539.88
1758.36	0.00	102.93
586.12	0.00	341.66
909.62	0.14	46.33
1751.72	0.00	27.03
875.07	0.09	41.08
1819.23	0.14	14.76
875.86	0.00	61.20
875.19	0.08	52.24
1784.25	0.14	16.15
910.90	0.00	25.45
1714.87	0.11	24.68
1404.58	0.00	68.81
705.11	0.00	93.58
1410.23	0.00	46.01
704.12	0.14	77.69
1427.15	0.00	25.21
705.11	0.00	105.76
1410.23	0.00	47.75
705.11	0.00	80.05
1414.13	0.12	26.55
1419.46	0.00	57.41
1425.14	0.00	24.23
1411.20	0.18	61.15
1428.81	0.14	25.88
709.73	0.00	78.30
1419.46	0.00	22.97
1419.46	0.00	22.97
1419.46	0.00	23.20
709.73	0.00	96.18
2250.00	0.00	3.83
1125.00	0.00	10.38
2250.00	0.00	8.12
1125.00	0.00	7.67
2250.00	0.00	4.06
2250.00	0.00	4.06
1125.00	0.00	11.28
2250.00	0.00	4.06
1125.00	0.00	11.28
2068.35	0.00	54.51
1799.36	0.00	135.93
1540.49	0.00	138.28
484.77	0.00	187.18
2068.35	0.00	21.48
2068.35	0.00	21.54
571.30	0.00	89.43
744.13	0.12	72.28
269.32	0.00	187.10
1064.85	0.14	20.52
1066.35	0.00	23.42
1065.38	0.09	17.71
1066.35	0.00	7.61
1065.22	0.11	14.44
1066.35	0.00	7.61
1066.35	0.00	7.61
1064.26	0.20	16.71
1066.35	0.00	22.07
1420.06	0.12	107.39
1420.30	0.11	103.21
1421.80	0.00	6.16
0.00	100.00	0.00
1421.80	0.00	6.16
0.00	100.00	0.00
1421.80	0.00	12.68
1421.80	0.00	12.22
1421.80	0.00	109.16
1600.00	0.00	12.07
1600.00	0.00	8.80
1600.00	0.00	9.25
1600.00	0.00	5.07
1600.00	0.00	5.53
1600.00	0.00	5.07
1597.44	0.16	5.20
1600.00	0.00	13.42
1600.00	0.00	8.80
828.88	0.08	74.21
1659.04	0.00	39.49
1652.40	0.00	60.80
1659.04	0.00	40.17
829.52	0.00	52.87
829.52	0.00	90.59
829.52	0.00	58.20
1663.91	0.11	23.08
1665.67	0.00	22.41
1149.14	0.11	70.36
305.95	0.00	103.51
1138.12	0.00	69.51
1451.41	0.00	47.46
1454.52	0.12	17.92
1453.85	0.00	34.84
308.39	0.00	80.05
1444.06	0.00	31.84
1441.62	0.00	44.63
926.88	0.00	11.56
926.88	0.00	12.46
1853.76	0.00	8.99
926.88	0.00	7.86
1852.08	0.09	9.31
1853.76	0.00	9.44
926.88	0.00	9.21
1853.76	0.00	8.99
926.88	0.00	16.62
1621.17	0.00	82.69
0.00	100.00	0.00
1722.49	0.00	85.75
0.00	100.00	0.00
101.32	0.00	80.59
1720.07	0.14	5.28
0.00	100.00	0.00
1720.93	0.09	86.38
1722.49	0.00	5.17
1094.89	0.00	21.29
64.41	0.00	131.69
1094.89	0.00	19.97
0.00	100.00	0.00
1094.89	0.00	15.71
1094.89	0.00	26.45
1029.69	5.95	150.92
1093.35	0.14	7.99
1094.89	0.00	15.71
18000.00	0.00	0.45
0.00	100.00	0.00
0.00	100.00	0.00
0.00	100.00	0.00
0.00	100.00	0.00
0.00	100.00	0.00
0.00	100.00	0.00
18000.00	0.00	0.45
0.00	100.00	0.00
1124.45	0.00	31.83
1119.47	0.00	29.14
1121.96	0.00	40.31
1119.47	0.00	78.03
810.31	0.00	82.73
2240.77	0.14	11.39
2240.33	0.16	11.48
2241.89	0.09	11.43
311.33	0.11	112.08
1500.00	0.00	84.90
750.00	0.00	140.07
751.20	0.00	167.72
748.80	0.00	189.01
750.00	0.00	144.12
750.00	0.00	167.99
1497.60	0.00	84.13
748.80	0.00	151.57
1498.80	0.00	61.75
1880.07	0.00	55.23
1872.61	0.00	50.75
1880.07	0.00	21.08
937.21	0.30	86.06
1880.07	0.00	22.08
937.89	0.23	59.82
1865.15	0.00	36.86
932.57	0.00	68.77
932.57	0.00	71.77
1572.81	0.11	59.12
895.29	0.00	36.10
1603.65	0.11	18.64
1574.48	0.00	33.94
1634.74	0.09	18.79
802.68	0.00	64.69
771.10	0.09	53.32
771.80	0.00	69.83
771.80	0.00	65.99
1863.17	0.00	16.65
1862.92	0.00	41.90
395.22	0.00	97.42
1862.92	0.00	15.74
1862.79	0.00	30.20
1470.22	0.00	64.84
1862.92	0.00	16.03
1862.92	0.00	16.13
1858.49	0.23	31.33
458.07	0.14	76.10
1970.78	0.00	30.53
832.48	0.00	63.37
764.53	0.00	67.14
1969.26	0.08	11.98
1970.78	0.00	11.86
1968.69	0.11	12.22
1970.78	0.00	11.96
1970.78	0.00	12.08
1584.87	0.00	99.78
333.74	0.00	126.60
1916.36	0.00	34.67
333.33	0.09	99.93
1918.50	0.00	45.42
1582.74	0.00	76.76
1918.50	0.00	17.92
1918.50	0.00	17.84
1918.39	0.00	34.64
1280.82	0.00	45.79
1015.07	0.00	67.00
276.39	0.09	88.40
1280.82	0.00	18.49
1280.82	0.00	18.59
1278.64	0.00	35.30
1280.82	0.00	18.88
1278.64	0.00	35.68
1274.28	0.00	61.84
1582.83	0.11	13.84
1584.51	0.00	10.06
792.25	0.00	13.96
1584.51	0.00	5.30
791.64	0.08	14.52
1579.72	0.30	13.87
792.25	0.00	9.51
1584.51	0.00	5.58
792.25	0.00	10.96
2125.41	0.11	11.01
1063.83	0.00	7.18
1063.83	0.00	11.45
2124.67	0.14	4.38
2127.66	0.00	4.27
1063.83	0.00	9.55
1063.83	0.00	8.53
1063.83	0.00	8.08
2127.66	0.00	8.31
1405.30	0.00	47.69
1420.37	0.14	46.07
711.18	0.00	77.68
1422.37	0.00	51.51
1393.92	0.00	54.54
711.18	0.00	95.62
1416.68	0.00	41.72
1420.37	0.14	24.13
1421.08	0.09	24.36
904.68	0.00	60.74
779.90	0.00	56.84
1559.79	0.00	33.20
1590.99	0.00	18.71
811.09	0.00	35.83
779.29	0.08	46.46
779.90	0.00	61.44
779.90	0.00	60.00
935.88	0.00	47.37
1980.49	0.00	30.72
1985.07	0.11	32.83
1990.51	0.00	14.32
1993.85	0.00	14.48
420.81	0.00	65.42
423.77	0.09	65.09
1553.00	0.00	57.33
1566.36	0.00	60.95
1987.17	0.00	27.28
1636.36	0.00	17.59
1633.75	0.16	5.53
1634.63	0.11	5.52
1636.36	0.00	5.41
1636.36	0.00	10.38
1636.36	0.00	14.44
1636.36	0.00	15.34
1636.36	0.00	5.41
1636.36	0.00	5.41
1487.99	0.00	22.68
1092.42	0.28	84.59
391.25	0.00	193.79
391.87	0.00	109.95
1798.48	0.00	19.50
1798.48	0.00	19.30
1029.76	0.00	93.90
1079.84	0.00	98.45
707.37	0.00	65.59
1626.60	0.00	63.96
1620.14	0.00	45.06
1618.43	0.11	45.73
817.74	0.25	116.04
1624.32	0.14	25.20
1620.14	0.00	46.34
806.84	0.00	118.93
1626.60	0.00	25.39
1626.60	0.00	25.62
1693.51	0.00	66.53
853.53	0.00	92.51
853.53	0.00	79.03
1707.06	0.00	23.05
1693.51	0.00	65.40
846.76	0.00	105.48
1704.66	0.14	24.48
860.30	0.00	41.55
844.97	0.21	86.22
1364.53	0.09	48.50
1365.77	0.00	37.95
1365.77	0.00	46.46
368.26	0.00	102.01
1000.40	0.00	80.74
1351.27	0.00	49.47
1348.37	0.00	59.83
1358.78	0.30	36.59
1365.77	0.00	19.56
1584.75	0.00	63.85
1917.20	0.00	14.79
333.65	0.12	80.42
985.23	0.09	55.28
1916.13	0.00	27.38
932.68	0.00	27.41
1913.98	0.14	14.80
1916.67	0.00	14.56
1916.13	0.00	41.19
658.23	0.00	65.93
2455.70	0.00	10.81
1265.82	0.00	29.32
2481.01	0.00	10.93
1265.82	0.00	19.85
632.91	0.00	67.21
2455.70	0.00	11.16
632.91	0.00	70.37
1797.47	0.00	32.09
1625.61	0.00	51.32
1342.96	0.00	87.12
1625.61	0.00	38.44
835.45	0.00	55.37
282.50	0.18	136.06
1625.70	0.00	20.13
1342.69	0.00	22.85
1625.16	0.00	53.25
790.17	0.00	54.96
1600.57	0.00	70.93
1600.57	0.00	40.09
806.69	0.00	85.10
1606.97	0.00	22.12
1599.12	0.09	41.37
800.28	0.00	97.24
1606.97	0.00	23.07
1606.97	0.00	23.29
1600.57	0.00	41.99
445.74	0.00	436.96
706.51	0.00	308.02
148.54	0.11	256.98
683.62	0.00	317.35
148.68	0.00	257.10
1152.24	0.00	66.66
445.74	0.00	411.20
1003.56	0.00	195.12
1003.52	0.00	206.50
1104.50	0.00	42.54
1103.33	0.11	24.23
1062.02	0.00	20.64
2209.01	0.00	13.06
2166.52	0.00	13.09
2166.52	0.00	13.31
1062.02	0.00	46.90
2124.04	0.00	24.30
2121.80	0.11	12.65
173.21	0.00	48.90
1472.29	0.00	9.20
2944.57	0.00	3.21
1472.29	0.00	5.97
1383.74	53.01	50.70
2944.57	0.00	6.42
1472.29	0.00	5.97
1385.68	5.88	55.66
2944.57	0.00	3.21
571.85	0.00	65.68
549.85	0.00	42.65
989.74	0.00	39.92
1537.96	0.11	33.04
1539.59	0.00	26.88
989.74	0.00	43.07
1561.58	0.00	15.02
549.85	0.00	55.67
1561.58	0.00	14.22
1700.16	0.00	43.62
716.01	0.00	58.63
1700.16	0.00	33.78
987.00	0.00	41.39
1340.73	0.00	74.98
362.28	0.00	74.59
365.13	0.00	79.74
1688.75	0.00	32.48
1326.47	0.00	78.94
0.00	100.00	0.00
822.67	0.00	93.59
1643.60	0.11	92.79
1643.60	0.11	5.49
1645.34	0.00	10.78
822.67	0.00	15.49
822.67	0.00	96.40
1645.34	0.00	10.78
822.67	0.00	15.94
614.29	0.00	128.25
1488.46	0.00	35.66
1512.09	0.00	18.44
1486.89	0.11	36.24
1488.46	0.00	36.33
649.73	0.00	109.18
1488.46	0.00	36.32
295.33	0.00	182.26
578.85	0.00	116.18
735.00	0.00	80.41
1446.85	0.00	44.55
1445.08	0.12	45.19
1445.54	0.09	45.94
723.43	0.00	87.05
721.76	0.23	79.04
1458.43	0.00	25.87
722.66	0.11	96.84
1452.64	0.00	64.06
1396.14	0.23	93.52
548.39	0.00	294.39
1399.37	0.00	92.53
1410.71	0.27	70.69
850.95	0.00	199.64
472.25	0.11	229.01
941.72	0.00	171.04
1414.50	0.00	36.26
1399.34	0.00	66.77
1314.83	0.00	15.26
1314.83	0.00	9.98
1312.98	0.14	10.56
1314.83	0.00	6.18
1311.71	0.24	11.11
1314.83	0.00	6.18
1314.83	0.00	11.45
1314.83	0.00	6.18
1314.83	0.00	15.26
1389.76	0.00	54.30
1380.40	0.00	38.13
1381.34	0.00	20.15
1087.95	0.00	80.28
1387.42	0.00	54.49
1097.30	0.00	74.78
292.93	0.00	91.43
1389.76	0.00	20.60
292.46	0.00	118.64
986.88	0.11	16.10
987.93	0.00	12.38
1975.85	0.00	9.12
987.93	0.00	8.67
987.93	0.00	13.18
1975.85	0.00	4.56
987.93	0.00	12.83
1975.85	0.00	13.46
1975.85	0.00	8.90
1234.53	0.00	208.64
1310.41	0.00	179.70
351.61	0.00	406.71
137.99	0.00	221.42
1586.18	0.00	20.20
137.95	0.00	224.65
1586.09	0.00	58.46
1586.18	0.00	20.36
1586.18	0.00	20.40
554.90	0.00	149.86
1120.69	0.00	110.68
565.78	0.00	66.96
1054.29	0.11	51.65
565.78	0.00	45.15
272.01	0.00	204.47
1925.84	0.00	45.47
598.43	0.00	44.58
554.90	0.00	129.71
1529.09	0.00	73.32
1535.21	0.00	57.97
1535.21	0.00	46.41
1541.33	0.00	25.48
1541.33	0.00	25.71
1541.33	0.00	25.71
764.55	0.00	119.20
769.96	0.09	102.50
1529.09	0.00	43.39
1655.27	0.11	41.44
1655.52	0.09	33.01
1657.58	0.00	17.04
1655.27	0.11	43.18
1308.76	0.00	68.43
1657.58	0.00	17.25
1657.02	0.00	33.13
1657.58	0.00	17.54
348.82	0.00	100.30
2582.50	0.00	9.16
1291.25	0.00	6.74
2578.36	0.16	3.71
2582.50	0.00	3.60
1291.25	0.00	6.29
2575.72	0.26	7.15
2582.50	0.00	3.60
2582.50	0.00	6.96
2582.50	0.00	3.60
1636.36	0.00	13.98
1636.36	0.00	13.08
1636.36	0.00	5.41
1636.36	0.00	5.41
1636.36	0.00	14.44
1636.36	0.00	5.41
1636.36	0.00	5.41
1636.36	0.00	5.41
1636.36	0.00	13.53
2511.92	0.00	30.67
1223.11	0.00	36.09
2072.30	0.00	58.29
1289.51	0.00	33.01
1222.41	0.00	75.28
2511.92	0.00	25.89
1289.51	0.00	78.85
2509.12	0.00	23.40
437.52	0.00	67.11
1355.17	0.00	53.68
287.20	0.11	130.52
1364.28	0.00	42.06
1354.04	0.08	40.08
1068.38	0.11	87.61
1353.85	0.09	65.35
1355.17	0.00	20.85
1355.17	0.00	21.15
1352.20	0.21	41.02
2000.00	0.00	7.22
2000.00	0.00	7.22
2000.00	0.00	3.61
2000.00	0.00	4.96
2000.00	0.00	4.06
2000.00	0.00	4.96
2000.00	0.00	6.32
1997.55	0.12	4.17
2000.00	0.00	4.51
1324.68	0.00	48.43
675.32	0.00	76.77
1376.62	0.00	21.92
1298.70	0.00	59.09
649.35	0.00	64.51
1350.65	0.00	22.55
649.35	0.00	58.19
1350.65	0.00	22.77
649.35	0.00	86.16
1357.26	0.00	62.03
1359.98	0.00	25.89
355.60	0.00	119.23
339.32	0.00	228.26
1351.83	0.00	93.53
741.06	0.00	151.81
344.74	0.00	93.68
1357.26	0.00	25.04
610.77	0.00	134.08
343.23	0.08	146.37
343.38	0.00	109.88
2314.66	0.12	33.53
2317.85	0.00	34.21
2317.85	0.00	33.40
2317.87	0.00	17.23
2317.87	0.00	17.23
1974.49	0.00	78.73
1969.84	0.21	74.88
315.67	0.08	531.93
366.44	0.00	449.59
894.10	0.11	309.39
684.34	0.00	420.29
1579.40	0.00	36.88
1579.38	0.00	72.57
1577.73	0.11	73.51
1263.52	0.00	218.19
937.07	0.00	326.23
1623.93	0.00	34.43
871.79	0.00	65.90
1641.03	0.00	14.10
1623.93	0.00	26.83
1641.03	0.00	14.45
1179.49	0.00	50.83
769.23	0.00	63.15
1641.03	0.00	14.80
444.44	0.00	67.67
1645.74	0.00	186.83
1833.81	0.00	118.81
188.13	0.00	314.79
1833.82	0.00	27.02
188.08	0.00	281.94
1833.81	0.00	52.47
1645.73	0.00	176.52
931.37	0.00	50.19
931.37	0.00	75.97
1742.50	0.00	38.13
1742.50	0.00	38.47
958.37	0.00	66.82
452.41	0.14	53.82
1722.65	0.14	28.15
435.62	0.00	104.53
1707.65	0.00	38.96
853.82	0.00	71.32
1725.07	0.00	29.50
764.84	0.00	58.94
723.31	0.00	58.08
1487.82	0.11	40.97
1489.31	0.00	58.91
1487.98	0.00	70.45
1489.47	0.00	20.79
1229.36	0.11	88.86
258.83	0.09	144.19
1488.06	0.00	20.65
221.12	0.00	115.51
219.38	0.00	133.78
1854.30	0.00	38.04
1199.64	0.00	112.06
1847.34	0.00	27.64
1847.34	0.00	27.80
614.06	0.09	38.31
1850.82	0.00	14.24
1852.56	0.00	27.97
0.00	100.00	0.00
93.75	0.00	93.13
1593.83	0.00	95.10
750.04	0.00	22.36
1589.65	0.26	11.33
1500.08	0.00	94.30
1593.83	0.00	5.55
750.04	0.00	22.36
1593.83	0.00	5.55
1448.86	0.00	55.81
724.43	0.00	105.83
1453.11	0.11	24.54
1454.65	0.00	55.07
1454.65	0.00	24.37
1448.86	0.00	44.95
724.43	0.00	76.43
1418.59	0.09	55.05
1429.72	0.12	23.03
1961.21	0.20	12.65
1965.07	0.00	76.63
1965.07	0.00	4.58
0.00	100.00	0.00
982.53	0.00	9.17
1965.07	0.00	4.58
1962.66	0.12	4.69
982.53	0.00	80.99
1963.28	0.09	4.68
1817.00	0.09	63.11
1502.47	0.00	74.77
316.28	0.00	143.04
1818.65	0.00	35.78
933.87	0.00	34.65
1818.65	0.00	35.54
933.67	0.00	50.57
1818.75	0.00	18.42
1818.75	0.00	18.58
1625.04	0.00	36.71
1625.04	0.00	28.44
1625.04	0.00	29.70
454.28	0.16	53.37
1628.65	0.00	15.50
1621.43	0.00	26.22
1625.04	0.00	14.41
1625.04	0.00	14.54
1173.64	0.00	45.15
452.08	0.26	135.15
1345.40	0.00	101.92
906.53	0.00	37.03
449.67	0.00	180.64
525.21	0.00	84.17
449.67	0.00	172.99
1345.40	0.00	68.17
1350.70	0.14	26.19
823.79	0.00	57.66
349.32	0.00	128.27
1583.06	0.00	99.27
681.95	0.00	142.27
626.33	0.00	133.12
406.61	0.00	103.46
1989.67	0.00	17.55
1987.04	0.16	18.00
624.54	0.20	153.15
1932.93	0.00	48.24
861.90	0.00	89.01
1744.49	0.00	22.16
1744.49	0.00	22.16
1721.98	0.11	37.29
1716.91	0.00	51.31
1722.24	0.09	40.15
861.90	0.00	89.46
1730.70	0.00	20.99
1723.81	0.00	39.12
1338.38	0.00	54.41
679.98	0.00	110.14
674.59	0.00	94.83
1332.98	0.00	46.41
1331.57	0.11	47.50
1342.13	0.12	26.65
1322.19	0.00	76.75
1353.14	0.11	27.59
1331.35	0.12	48.30
951.73	0.00	101.85
1348.01	0.00	82.64
1555.27	0.00	50.81
1762.52	0.00	13.88
810.79	0.00	113.95
207.26	0.00	91.83
1759.27	0.09	27.34
207.26	0.00	152.35
1760.87	0.00	32.75
750.50	0.00	117.45
1477.36	0.00	66.71
1483.27	0.00	61.10
738.68	0.00	122.14
1483.27	0.00	49.89
1487.36	0.12	27.62
744.59	0.00	47.50
738.68	0.00	64.44
1483.27	0.00	49.66
567.32	0.00	349.30
753.95	0.18	297.37
445.21	0.00	411.54
1020.69	0.11	269.61
717.46	0.00	344.62
899.42	0.00	294.78
1467.00	0.00	29.42
189.31	0.00	266.74
1466.74	0.00	56.38
627.64	0.00	304.73
1231.02	0.00	58.09
1072.19	0.00	173.62
1231.06	0.00	29.95
1231.00	0.00	110.75
1231.00	0.00	116.17
626.96	0.11	284.87
1231.06	0.00	30.07
158.88	0.00	221.27
1758.78	0.00	33.82
1760.57	0.00	28.68
1388.04	0.00	50.64
1760.57	0.00	34.19
372.73	0.11	68.65
1768.84	0.11	15.63
1758.18	0.00	28.10
1758.18	0.00	28.41
1758.18	0.00	29.65
1644.73	0.00	64.81
1396.26	0.00	83.54
532.65	0.00	113.65
1645.02	0.00	19.67
1112.18	0.00	97.88
817.76	0.11	36.10
295.92	0.00	110.91
1403.83	0.00	87.46
295.50	0.14	105.03
1538.46	0.00	8.64
1538.46	0.00	3.82
1538.46	0.00	4.72
1538.46	0.00	5.62
1536.83	0.11	4.37
1538.46	0.00	4.27
1536.30	0.14	4.83
1538.46	0.00	6.62
1536.30	0.14	8.20
1454.97	0.00	44.99
742.33	0.00	43.64
1336.19	0.00	35.54
1514.35	0.00	17.23
1424.17	0.08	16.23
1483.31	0.09	16.00
741.54	0.11	56.12
1484.66	0.00	16.22
1484.66	0.00	16.44
229.49	0.09	123.67
1246.14	0.00	82.00
841.01	0.00	97.75
1289.54	0.00	66.58
226.08	0.00	77.21
848.24	0.00	97.86
1692.31	0.25	27.99
408.75	0.00	56.06
1700.10	0.00	14.50
1543.74	0.00	105.10
1543.74	0.00	101.19
1543.74	0.00	11.42
0.00	100.00	0.00
1542.11	0.11	5.82
1542.11	0.11	95.68
0.00	100.00	0.00
1543.74	0.00	5.71
1542.11	0.11	11.63
895.64	0.00	219.31
1842.35	0.00	84.80
1842.35	0.00	72.43
1275.90	0.08	149.98
895.74	0.00	47.35
319.84	0.00	345.91
1842.56	0.00	25.01
626.32	0.11	217.05
319.94	0.00	185.72
725.33	0.00	60.14
697.44	0.00	80.88
697.44	0.00	74.02
725.33	0.00	34.84
1422.77	0.00	18.87
697.44	0.00	48.16
1394.87	0.00	34.38
1421.27	0.11	19.87
697.44	0.00	50.51
1667.85	0.00	103.32
563.40	0.00	215.26
563.17	0.11	83.17
2244.50	0.20	43.96
2231.07	0.00	42.65
1125.90	0.00	151.11
1122.30	0.00	88.80
1123.02	0.00	39.04
563.40	0.00	97.46
2117.65	0.00	4.29
2117.65	0.00	8.35
2117.65	0.00	4.29
1058.82	0.00	8.12
1058.82	0.00	11.73
2117.65	0.00	4.29
2117.65	0.00	4.29
2117.65	0.00	10.60
2117.65	0.00	11.95
428.14	0.00	218.52
1366.23	0.00	83.07
1358.70	0.11	45.80
1360.14	0.00	58.46
238.01	0.00	132.47
1128.37	0.00	119.40
664.09	0.00	167.47
1360.14	0.00	46.01
932.00	0.00	128.28
1872.43	0.14	39.57
1873.36	0.09	30.02
362.38	0.00	92.30
197.77	0.00	134.23
1480.15	0.00	97.94
1519.32	0.00	84.41
197.46	0.00	135.79
361.62	0.12	70.05
1513.01	0.00	80.17
544.27	0.00	159.69
1088.53	0.00	56.39
1092.89	0.00	30.78
1084.18	0.00	76.99
1092.89	0.00	31.68
1088.53	0.00	59.55
544.27	0.00	103.75
1088.53	0.00	58.87
1084.18	0.00	79.49
610.97	0.00	83.03
311.67	0.00	85.28
1471.76	0.00	36.79
1474.23	0.00	19.38
555.34	0.22	87.47
1160.09	0.00	77.38
309.19	0.00	154.60
803.90	0.00	105.76
1417.34	0.00	63.88
1244.86	0.00	25.93
1234.31	0.00	77.80
446.13	0.11	70.20
1230.79	0.00	61.98
1234.31	0.00	48.21
1233.19	0.09	44.82
794.74	0.00	99.67
438.70	0.20	146.72
1142.88	0.00	69.60
0.00	100.00	0.00
1576.18	0.00	15.45
1576.18	0.00	11.21
1576.18	0.00	182.01
1573.30	0.18	94.90
0.00	100.00	0.00
788.09	0.00	16.45
1576.18	0.00	5.60
0.00	100.00	0.00
1150.02	0.11	69.04
1150.85	0.00	89.18
1151.24	0.00	51.17
1149.30	0.00	70.31
1150.85	0.00	76.35
1148.91	0.00	87.59
242.57	0.00	195.44
910.22	0.00	115.81
1151.24	0.00	25.96
2540.68	0.11	61.80
178.77	0.00	225.55
1162.31	0.00	124.14
178.61	0.09	173.96
2722.15	0.00	11.77
1346.79	0.00	32.42
1346.79	0.00	21.80
1023.80	0.00	132.53
178.04	0.25	137.93
2163.77	0.00	50.10
2163.77	0.00	19.49
2163.77	0.00	19.72
1090.47	0.00	34.05
1088.48	0.18	74.37
1081.89	0.00	34.86
1073.30	0.00	89.18
1073.30	0.00	57.11
2163.77	0.00	44.94
1473.00	0.00	13.28
1473.00	0.00	8.67
1473.00	0.00	5.96
1473.00	0.00	5.96
1473.00	0.00	10.02
1473.00	0.00	5.96
1471.44	0.11	10.58
1473.00	0.00	11.02
1473.00	0.00	9.57
2276.68	3.03	62.39
2418.97	0.00	9.17
2418.97	0.00	8.07
0.00	100.00	0.00
1209.49	0.00	7.16
2276.68	0.00	65.24
2418.97	0.00	62.21
0.00	100.00	0.00
142.29	0.00	57.52
878.56	0.00	400.49
1290.31	0.00	224.46
317.40	0.00	580.58
1436.50	0.09	65.19
1435.50	0.16	33.42
730.32	0.00	92.85
147.49	0.00	300.51
1143.05	0.00	292.86
1437.80	0.00	64.58
1597.33	0.00	20.33
93.96	0.00	89.85
1597.33	0.00	92.42
1595.88	0.09	11.63
1503.37	0.00	92.13
0.00	100.00	0.00
1597.33	0.00	16.60
798.66	0.00	10.62
798.66	0.00	21.33
979.40	0.25	46.42
1026.71	0.00	43.49
2019.89	0.00	16.39
2013.49	0.30	31.45
2017.72	0.09	31.31
1668.05	0.00	62.14
351.61	0.00	86.50
2008.41	0.00	15.62
2019.67	0.00	16.24
1495.41	0.00	12.82
283.80	0.00	64.09
1462.66	0.00	22.88
1462.66	0.00	23.13
272.88	0.00	49.65
926.67	0.12	51.72
1451.75	0.00	32.55
1473.58	0.00	12.76
1473.58	0.00	24.67
1263.16	0.00	17.25
1263.16	0.00	12.18
631.58	0.00	17.93
1263.16	0.00	16.58
631.58	0.00	12.86
1263.16	0.00	6.65
1261.14	0.16	6.78
1263.16	0.00	12.63
1263.16	0.00	17.71
582.51	0.09	96.27
1932.99	0.00	34.35
2018.20	0.00	25.65
1475.53	0.00	44.24
2022.69	0.00	13.98
2022.69	0.00	13.61
560.61	0.00	62.82
1457.59	0.00	48.53
1932.99	0.00	13.59
1851.80	0.11	11.90
926.88	0.00	7.95
1852.08	0.09	9.09
1853.76	0.00	12.01
1853.76	0.00	8.99
1853.76	0.00	4.83
926.88	0.00	8.31
1853.76	0.00	4.83
926.88	0.00	9.21
2571.43	0.00	6.32
2571.43	0.00	3.61
2571.43	0.00	3.61
2571.43	0.00	3.16
2571.43	0.00	6.77
2571.43	0.00	3.16
2571.43	0.00	5.41
2571.43	0.00	3.61
2571.43	0.00	3.61
1377.45	0.00	38.61
826.47	0.00	40.80
688.73	0.00	59.79
2038.63	0.00	22.67
798.08	0.11	25.49
2011.08	0.00	30.77
1239.71	0.00	26.20
2066.18	0.00	12.61
2011.08	0.00	21.25
160.60	0.00	56.08
2569.59	0.00	56.15
160.60	0.00	55.63
2730.19	0.00	8.47
0.00	100.00	0.00
2727.31	0.11	3.53
2730.19	0.00	3.43
2726.36	0.14	3.54
2569.59	5.88	57.94
1143.80	0.00	48.56
1148.86	0.00	40.05
1663.32	0.11	41.14
2282.53	0.00	12.92
632.63	0.00	57.11
1771.36	0.00	28.26
632.14	0.08	65.14
1776.43	0.00	15.31
1776.43	0.00	15.63
706.75	0.00	133.52
1434.65	0.11	69.23
1433.35	0.20	94.58
1288.87	0.00	254.13
1436.17	0.00	68.96
147.30	0.00	320.98
706.11	0.09	99.97
1436.17	0.00	68.59
1436.17	0.00	34.47
2064.22	0.00	11.35
2062.04	0.11	4.49
1032.11	0.00	14.93
2064.22	0.00	4.38
2064.22	0.00	8.32
2064.22	0.00	4.38
1032.11	0.00	11.67
2064.22	0.00	8.77
2062.35	0.09	4.48
231.36	0.12	96.49
1212.93	0.00	77.93
1699.93	0.00	13.45
1699.93	0.00	35.85
1698.11	0.00	26.01
1696.57	0.09	26.44
1696.06	0.23	30.79
1698.13	0.11	14.03
227.47	0.23	98.58
1856.63	0.00	13.12
1856.63	0.00	9.65
1856.63	0.00	9.65
927.33	0.11	13.23
1854.02	0.14	4.94
925.88	0.26	13.26
1856.63	0.00	4.82
1856.63	0.00	10.20
1854.66	0.11	4.93
1617.77	0.00	86.75
1618.67	0.00	55.02
1618.67	0.00	41.22
283.73	0.00	146.59
1618.67	0.00	42.56
554.79	0.00	169.25
1335.39	0.00	112.35
509.54	0.00	158.75
509.09	0.00	182.95
686.76	0.00	26.45
1373.52	0.00	12.73
686.76	0.00	26.35
1373.52	0.00	19.09
686.14	0.09	12.38
1373.52	0.00	29.11
1373.52	0.00	12.73
686.76	0.00	18.14
1373.52	0.00	12.73
1780.42	0.00	13.68
1780.42	0.00	5.01
1780.42	0.00	5.01
1780.42	0.00	5.01
1780.42	0.00	15.04
890.21	0.00	88.05
890.21	0.00	80.74
889.27	0.11	14.65
1780.42	0.00	5.01
903.36	0.00	34.94
480.51	0.00	77.13
2325.68	0.00	10.70
864.92	0.00	58.23
2306.46	0.00	10.18
862.65	0.26	55.36
480.00	0.11	67.79
1343.55	0.14	42.42
557.39	0.00	34.46
460.98	0.00	83.31
820.33	0.00	45.37
1637.02	0.00	31.10
457.35	0.00	78.90
1194.19	0.00	52.57
1633.39	0.00	42.89
1637.02	0.00	15.50
816.70	0.00	39.95
1177.18	0.21	58.54
1355.65	0.00	47.94
1355.65	0.00	36.44
1355.65	0.00	47.94
381.14	0.16	67.42
1351.42	0.09	33.70
1349.64	0.00	46.40
976.91	0.00	66.54
1355.65	0.00	17.90
1355.65	0.00	18.80
1264.93	0.00	15.20
1264.93	0.00	10.58
1263.39	0.12	11.15
1264.93	0.00	11.49
1264.93	0.00	11.49
1263.79	0.09	6.52
1264.93	0.00	16.55
1264.93	0.00	11.94
1264.93	0.00	6.42
572.52	0.00	56.39
1625.95	0.00	13.82
572.52	0.00	52.33
1122.14	0.00	46.95
1603.05	0.00	29.64
572.52	0.00	64.96
1625.95	0.00	14.30
1030.53	0.00	43.36
1625.95	0.00	14.14
1174.76	0.00	80.63
1189.08	0.00	27.46
1184.31	0.00	27.57
1169.98	0.00	83.03
1188.00	0.09	72.38
596.93	0.00	91.36
1179.53	0.00	26.77
596.93	0.00	115.10
1174.76	0.00	70.17
1488.97	0.00	49.87
750.89	0.00	105.60
1495.38	0.00	29.03
1493.80	0.11	29.47
1095.56	0.11	74.97
199.95	0.09	107.59
1488.97	0.00	28.11
200.13	0.00	107.31
744.49	0.00	95.92
1949.65	0.00	27.57
272.60	0.00	103.39
1458.97	0.00	56.57
272.60	0.00	73.21
1406.63	0.00	55.07
1941.06	0.11	10.81
1938.75	0.00	28.54
1946.92	0.14	10.98
1943.11	0.00	10.64
1193.63	0.00	16.50
1192.37	0.11	17.97
1192.55	0.09	11.70
1193.63	0.00	6.80
1193.63	0.00	12.05
1193.63	0.00	14.85
1191.09	0.21	13.18
1193.63	0.00	7.25
1192.55	0.09	7.36
1534.91	0.00	44.40
1947.52	0.00	11.88
1944.22	0.00	22.63
412.17	0.11	53.76
1957.43	0.00	12.08
1931.02	0.00	21.18
1931.02	0.00	22.24
1934.32	0.00	11.55
1942.17	0.11	11.84
156.43	0.00	414.31
287.63	0.00	371.77
1681.54	0.00	65.47
1681.54	0.00	65.59
1681.54	0.00	33.22
749.50	0.00	99.15
1681.55	0.00	33.31
1373.94	0.00	371.14
748.58	0.12	71.11
1242.85	0.00	76.48
623.92	0.00	108.93
1222.88	0.00	58.11
1247.84	0.00	52.66
1242.85	0.00	45.17
1222.88	0.00	58.80
623.92	0.00	101.71
1246.09	0.14	25.07
1242.85	0.00	45.80
666.45	0.00	66.98
1281.63	0.00	35.28
1281.63	0.00	36.63
1307.26	0.00	19.86
1281.63	0.00	36.63
1281.63	0.00	37.31
639.36	0.23	77.38
743.35	0.00	64.41
640.82	0.00	55.36
858.94	0.00	48.83
1544.69	0.09	34.92
2439.40	0.00	10.44
2439.40	0.00	10.60
858.94	0.00	28.30
1749.78	0.14	13.75
858.94	0.00	26.94
1546.10	0.00	14.97
858.94	0.00	22.68
1727.45	0.00	8.95
1727.45	0.00	4.25
1727.45	0.00	4.25
1727.45	0.00	8.95
1725.88	0.09	4.35
1725.88	0.09	4.35
1727.45	0.00	8.05
1725.34	0.12	7.15
1727.45	0.00	5.15
1474.43	5.88	99.99
1566.58	0.00	5.62
781.08	0.28	16.53
1566.58	0.00	18.77
92.15	0.00	92.45
783.29	0.00	16.53
1564.07	0.16	5.76
0.00	100.00	0.00
0.00	100.00	0.00
1695.46	0.08	47.31
304.77	0.00	167.46
1400.98	0.00	91.74
1392.01	0.00	87.91
1696.77	0.00	39.88
1399.91	0.21	73.31
1698.19	0.00	37.20
1698.66	0.00	18.67
295.79	0.00	101.03
1401.07	0.00	36.10
1359.25	0.00	47.99
1462.26	0.11	28.37
1484.72	0.00	15.26
1503.79	0.12	15.68
543.70	0.00	57.34
1359.25	0.00	33.33
941.02	0.00	46.95
1401.07	0.00	14.99
1576.65	0.00	53.93
1302.47	0.00	116.95
274.02	0.09	147.90
1574.98	0.00	20.66
1574.81	0.00	57.16
1574.98	0.00	20.58
274.27	0.00	112.30
1576.56	0.00	40.12
1298.36	0.18	88.76
608.92	0.00	80.15
599.33	0.00	106.19
1078.79	0.00	61.70
1678.12	0.00	47.91
1078.79	0.00	78.80
1082.44	0.11	27.90
1690.13	0.14	19.26
604.12	0.00	44.42
1078.79	0.00	56.70
1583.30	0.00	93.08
1917.05	0.00	34.19
333.85	0.00	95.27
1917.05	0.00	40.32
1916.94	0.00	53.89
1919.19	0.00	17.91
1585.44	0.00	72.78
1919.19	0.00	17.83
333.45	0.09	122.39
848.00	0.27	15.43
1700.52	0.00	15.73
1598.53	3.15	85.42
1700.52	0.00	12.26
1700.52	0.00	92.08
100.03	0.00	81.62
1700.52	0.00	5.23
0.00	100.00	0.00
849.07	0.14	10.12
1477.46	0.00	61.59
741.67	0.00	102.56
739.85	0.25	72.23
1465.69	0.00	58.87
1483.35	0.00	24.05
1475.39	0.14	24.86
734.34	0.20	85.88
735.79	0.00	83.42
1465.69	0.00	60.40
1285.71	0.00	18.95
642.86	0.00	121.35
1285.71	0.00	6.77
1285.71	0.00	121.35
0.00	100.00	0.00
1285.71	0.00	21.20
642.86	0.00	26.16
642.86	0.00	110.97
1285.71	0.00	13.53
930.57	0.00	47.23
1858.15	0.16	16.70
930.57	0.00	31.34
1861.13	0.00	16.76
894.77	0.00	65.08
930.57	0.00	30.37
893.96	0.09	47.64
1786.03	0.20	28.11
1861.13	0.00	30.99
352.68	0.00	86.38
1997.01	0.00	31.33
1997.57	0.00	15.71
1995.76	0.09	16.22
687.95	0.00	96.26
1997.01	0.00	32.38
1998.13	0.00	16.20
1997.01	0.00	30.95
912.58	0.00	77.71
124.44	0.00	69.97
1991.01	0.00	68.01
2113.53	0.09	11.53
2115.45	0.00	69.99
124.44	0.00	65.70
1863.96	11.89	71.20
2115.45	0.00	8.58
0.00	100.00	0.00
0.00	100.00	0.00
1035.50	0.00	113.19
1252.02	0.00	45.65
1252.02	0.00	45.89
1034.11	0.00	95.86
1252.02	0.00	46.12
1250.96	0.14	24.49
217.91	0.00	234.79
1251.32	0.00	84.81
1252.71	0.00	67.21
1599.04	0.00	90.63
1602.85	0.00	70.86
555.86	0.00	169.45
1599.04	0.00	50.63
1606.66	0.00	27.65
479.71	0.00	184.61
552.05	0.00	183.90
1599.04	0.00	55.06
1600.89	0.12	27.54
536.01	0.00	78.12
1899.23	0.00	25.43
1901.44	0.11	13.64
1371.67	0.00	50.34
949.62	0.00	34.52
1903.45	0.00	13.86
949.62	0.00	23.97
1899.23	0.00	26.10
1905.66	0.11	14.66
2416.11	0.00	9.55
1208.05	0.00	6.52
2416.11	0.00	3.81
2416.11	0.00	7.30
2416.11	0.00	7.30
2413.15	0.12	7.64
1208.05	0.00	7.17
2413.55	0.11	3.92
2416.11	0.00	3.81
1602.80	0.00	44.34
1263.22	0.00	71.56
1600.84	0.12	44.89
1600.08	0.00	44.68
340.12	0.00	79.92
1601.17	0.00	16.86
1602.26	0.00	32.05
1603.34	0.00	17.03
1602.26	0.00	32.33
284.30	0.00	145.86
552.81	0.00	137.50
1331.26	0.00	40.42
1058.24	0.00	87.57
778.45	0.00	98.45
1338.42	0.11	64.72
1340.29	0.00	21.52
1338.41	0.14	21.98
1340.29	0.00	21.73
217.91	0.00	369.88
1745.87	0.00	27.42
1420.29	5.72	146.43
1746.04	0.00	14.00
1746.04	0.00	14.05
107.59	0.23	237.43
1744.02	0.11	14.06
1745.70	0.00	42.73
1744.02	0.11	14.13
1266.52	0.00	47.04
1270.81	0.00	18.44
1006.77	0.00	78.49
1266.52	0.00	35.27
1263.40	0.08	50.30
268.33	0.00	85.17
998.19	0.00	86.27
998.19	0.00	68.10
268.33	0.00	126.76
1756.71	0.00	91.39
1093.25	0.00	31.39
2129.27	0.00	54.35
2129.51	0.00	16.90
1035.16	0.11	32.02
370.42	0.00	117.74
2129.39	0.00	33.09
1759.08	0.00	75.98
370.30	0.00	93.57
1353.81	0.00	51.99
484.89	0.00	85.21
871.40	0.16	59.93
1741.72	0.00	26.23
1745.60	0.00	14.17
1744.25	0.08	14.67
1260.71	0.00	39.82
484.89	0.00	50.18
1353.81	0.00	30.81
1277.45	0.00	62.75
1267.39	0.00	43.70
1256.00	0.11	74.07
2542.15	0.11	17.18
2524.73	0.00	32.87
2534.79	0.00	16.76
2514.67	0.00	28.44
2524.73	0.00	16.10
1257.33	0.00	53.22
753.98	0.00	114.10
752.78	0.00	114.09
752.26	0.23	82.78
1503.96	0.11	58.57
752.78	0.00	152.73
752.78	0.00	76.78
752.78	0.00	85.22
752.78	0.00	83.26
752.78	0.00	78.14
818.18	0.00	88.87
1636.36	0.00	10.83
1636.36	0.00	5.41
1636.36	0.00	13.08
1636.36	0.00	5.41
1636.36	0.00	18.50
1636.36	0.00	10.83
818.18	0.00	15.79
818.18	0.00	100.60
2545.33	0.00	3.66
1272.67	0.00	12.85
0.00	100.00	0.00
1270.88	0.14	6.99
2545.33	0.00	7.35
1271.32	0.11	10.69
2395.61	5.88	60.49
2545.33	0.00	3.66
149.57	0.11	60.47
1344.96	0.00	59.68
1356.16	0.00	35.32
1356.16	0.00	35.60
795.77	0.00	86.25
1378.58	0.00	18.70
302.62	0.00	88.13
280.20	0.00	149.31
291.41	0.00	102.37
1344.96	0.00	51.22
1664.16	5.88	164.78
1766.30	0.11	13.79
1768.17	0.00	88.61
104.01	0.00	81.38
104.01	0.00	78.52
884.09	0.00	9.64
1765.69	0.14	10.21
1766.30	0.11	5.15
0.00	100.00	0.00
937.51	0.00	48.66
1295.19	0.11	37.25
1336.45	0.00	16.09
1316.50	0.00	29.51
1316.50	0.00	33.68
897.62	0.00	43.04
498.68	0.00	56.59
936.66	0.09	20.73
897.62	0.00	45.09
1779.36	0.00	34.19
1402.38	0.00	60.46
1782.38	0.00	13.80
1037.54	0.28	58.44
1782.38	0.00	13.90
1782.38	0.00	13.80
737.54	0.18	74.31
376.98	0.00	76.89
1772.59	0.21	25.41
1380.86	0.00	21.72
1380.47	0.00	21.72
1377.38	0.20	42.79
240.38	0.00	119.09
1380.47	0.00	21.91
1378.55	0.00	40.35
1137.66	0.21	98.43
1378.55	0.00	40.68
1376.71	0.11	58.78
1688.45	0.11	19.24
99.43	0.00	88.08
1690.23	0.00	10.51
0.00	100.00	0.00
1690.23	0.00	5.26
1690.23	0.00	10.51
1590.81	5.88	89.79
99.43	0.00	82.57
1590.81	0.00	86.48
2083.02	0.00	114.79
2351.81	0.00	48.46
268.79	0.00	160.59
268.79	0.00	148.86
1072.55	0.00	56.30
1279.25	0.00	49.48
2351.74	0.00	18.41
2351.80	0.00	18.82
2082.95	0.00	116.36
1779.07	0.00	13.24
1569.77	11.76	83.09
104.65	0.00	83.00
0.00	100.00	0.00
104.65	0.00	83.00
1779.07	0.00	10.03
0.00	100.00	0.00
1779.07	0.00	10.03
1779.07	0.00	20.06
1222.67	0.00	79.34
1216.71	0.09	104.00
1222.67	0.00	63.99
1227.52	0.00	34.35
1227.52	0.00	34.57
1222.67	0.00	64.89
606.48	0.00	169.73
611.33	0.00	133.00
1217.82	0.00	60.11
1357.95	0.14	89.00
1929.91	0.00	28.33
1643.74	0.00	69.85
1930.15	0.11	15.11
1932.20	0.00	14.79
1929.91	0.00	28.66
286.17	0.00	158.23
1927.87	0.11	14.70
286.17	0.00	117.61
1810.87	0.00	12.55
905.43	0.00	17.48
1810.87	0.00	16.98
1808.95	0.11	9.98
1808.95	0.11	9.98
1810.87	0.00	4.94
905.43	0.00	9.42
904.48	0.11	16.15
1808.32	0.14	5.05
318.28	0.00	130.98
875.65	0.00	111.88
621.84	0.00	131.09
1497.49	0.00	36.64
1498.00	0.00	19.33
1497.49	0.00	37.02
1497.49	0.00	36.93
1496.42	0.11	19.95
1180.23	0.00	78.09
1355.59	0.00	54.24
1353.16	0.23	30.68
789.08	0.00	151.06
1356.29	0.00	39.51
1353.50	0.00	29.52
87.91	0.00	268.44
425.58	0.00	181.48
840.70	7.66	157.41
566.70	0.09	162.50
1008.76	0.00	92.10
267.78	0.14	89.67
266.02	0.00	102.50
999.34	0.09	89.31
269.99	0.11	97.20
998.12	0.00	82.60
1257.76	0.00	38.65
1255.63	0.00	54.78
1253.51	0.00	68.24
1862.47	0.00	15.50
1338.09	0.00	53.07
902.46	0.18	85.10
922.20	0.00	28.11
470.14	0.00	94.21
451.65	0.09	73.62
452.06	0.00	111.92
1790.15	0.00	41.29
1826.31	0.00	15.34
1614.55	0.00	34.83
1612.97	0.00	39.51
1612.97	0.00	39.68
193.52	0.00	277.29
1614.55	0.00	13.79
1222.61	6.14	144.39
98.74	0.00	173.94
1613.76	0.00	13.55
98.74	0.00	209.22
785.52	0.00	81.29
1483.76	0.00	62.32
785.52	0.00	49.77
1483.76	0.00	36.16
1483.76	0.00	35.50
727.33	0.00	86.78
1510.73	0.14	20.37
1512.85	0.00	20.22
1482.19	0.11	37.66
2595.77	0.00	30.56
1290.41	0.00	41.38
915.47	0.12	70.38
2595.77	0.00	12.00
467.27	0.00	77.43
1304.61	0.00	37.73
2595.77	0.00	12.16
1213.80	0.09	55.08
2595.02	0.00	26.45
582.71	0.00	95.35
1101.46	0.00	77.49
1399.92	0.00	17.17
1399.92	0.00	17.27
1399.92	0.00	17.36
1397.55	0.00	33.07
769.84	0.00	78.94
296.09	0.00	97.44
1347.81	0.00	44.59
0.00	100.00	0.00
1440.00	0.00	18.28
1440.00	0.00	12.19
720.00	0.00	17.61
1355.29	5.88	104.03
1440.00	0.00	24.38
84.71	0.00	96.74
1440.00	0.00	6.09
720.00	0.00	11.73
1128.55	0.00	97.46
660.88	0.00	96.40
467.69	0.00	296.05
827.29	0.11	294.40
1296.92	0.00	96.73
1296.92	0.00	33.53
1129.45	0.00	225.55
167.51	0.00	534.30
1129.63	0.00	223.18
1491.83	0.00	53.51
745.91	0.00	106.46
1491.83	0.00	43.53
1503.76	0.00	24.24
745.91	0.00	94.86
745.24	0.09	87.19
744.34	0.21	76.53
1485.86	0.00	39.98
1491.83	0.00	44.88
2176.85	0.00	10.64
0.00	100.00	0.00
2176.85	0.00	11.19
2174.88	0.09	70.05
2048.80	3.03	130.21
128.05	0.00	68.02
2176.85	0.00	4.18
1088.43	0.00	7.91
0.00	100.00	0.00
835.35	0.00	115.77
836.31	0.00	31.76
1419.86	0.00	83.16
1714.26	0.25	33.61
874.13	0.00	31.72
299.19	0.00	110.70
1709.00	0.00	31.71
873.65	0.00	107.82
1707.19	0.11	32.50
664.05	0.00	74.62
1653.06	0.00	28.43
635.79	0.00	75.43
1653.06	0.00	28.82
1667.19	0.00	15.29
720.57	0.00	61.25
353.22	0.00	129.47
1285.71	0.00	58.87
706.44	0.00	43.53
1507.39	0.00	16.11
1418.72	5.88	104.60
0.00	100.00	0.00
1507.39	0.00	11.65
1418.72	5.88	99.64
88.67	0.00	91.57
0.00	100.00	0.00
1507.39	0.00	109.03
1507.39	0.00	97.41
1853.76	0.00	12.46
1853.76	0.00	9.44
926.88	0.00	15.27
1853.76	0.00	9.44
926.88	0.00	17.07
1852.08	0.09	4.70
1853.76	0.00	4.61
1853.76	0.00	4.61
1853.76	0.00	4.83
1016.37	0.00	23.18
1013.68	0.27	16.80
1016.37	0.00	22.84
1016.37	0.00	25.31
1016.37	0.00	16.54
1016.37	0.00	24.19
1016.37	0.00	27.67
1013.32	0.30	18.06
1016.37	0.00	8.44
1610.59	0.00	50.11
1610.59	0.00	37.50
283.98	0.00	116.01
1053.04	0.00	121.26
1610.14	0.00	35.93
283.08	0.00	168.71
1610.14	0.00	36.24
1610.59	0.00	18.71
1610.14	0.00	36.48
468.91	0.14	48.63
1509.34	0.00	35.87
502.58	0.11	56.05
1609.96	0.00	13.90
1157.16	0.00	43.28
1576.42	0.00	26.17
1576.42	0.00	26.17
1593.19	0.00	14.28
1090.08	0.00	47.76
873.90	0.00	246.48
830.10	0.00	272.44
1697.28	0.00	64.56
1478.28	0.00	48.92
1697.29	0.00	24.38
1478.26	0.00	145.01
219.02	0.00	213.11
219.00	0.00	189.02
1695.20	0.11	47.32
1584.21	0.00	42.16
606.57	0.00	80.14
806.37	0.00	84.23
807.80	0.00	48.22
1589.91	0.00	25.56
179.83	0.00	129.78
349.67	0.00	88.15
783.54	0.00	23.62
1263.08	0.00	56.83
1554.16	0.00	45.95
330.21	0.00	118.71
329.69	0.00	78.37
1553.63	0.00	33.83
1224.47	0.00	76.52
1224.47	0.00	63.66
1554.16	0.00	18.06
1553.10	0.00	48.47
1554.68	0.00	18.34
1625.59	0.00	102.22
834.51	0.00	201.86
1071.88	0.00	141.93
1906.29	0.00	19.07
1906.29	0.00	19.13
1908.01	0.00	19.25
282.69	0.00	140.74
1906.11	0.00	36.33
282.69	0.00	159.24
1711.94	0.00	35.06
1746.18	0.00	15.61
1744.33	0.11	16.17
890.21	0.00	30.28
855.97	0.00	48.50
1711.94	0.00	14.29
1711.94	0.00	14.52
1746.18	0.00	14.23
1676.18	0.09	25.58
1542.46	0.21	14.26
1545.73	0.00	9.88
771.92	0.12	15.21
772.86	0.00	14.74
1543.56	0.14	5.82
771.10	0.23	11.84
1543.56	0.14	5.82
1545.73	0.00	5.70
772.86	0.00	17.19
1453.28	0.12	76.17
1761.78	0.00	42.58
1749.51	0.14	30.98
895.61	0.00	56.10
1761.29	0.00	30.98
1761.29	0.00	31.22
1761.78	0.00	16.44
306.72	0.00	88.56
856.35	0.00	29.58
1187.75	0.00	77.52
1504.48	0.00	43.93
1507.03	0.00	31.58
630.91	0.00	36.00
1507.03	0.00	32.69
321.55	0.09	87.70
318.95	0.11	94.74
1187.75	0.00	61.26
625.80	0.00	50.94
919.73	0.11	97.07
928.23	0.00	100.94
315.65	0.14	83.85
1746.07	0.00	29.54
870.53	0.00	76.88
815.33	0.00	95.99
875.54	0.00	90.84
1796.24	0.00	15.35
1796.24	0.00	15.35
1636.36	0.00	99.24
0.00	100.00	0.00
1636.36	0.00	5.41
947.37	0.00	104.20
0.00	100.00	0.00
1636.36	0.00	21.65
689.00	57.89	101.50
1636.36	0.00	5.41
1636.36	0.00	5.41
1325.90	0.16	48.02
1327.76	0.00	57.41
82.32	0.12	310.85
1079.39	5.80	195.17
165.61	0.09	411.91
1246.00	0.00	34.17
1327.89	0.00	62.72
1328.02	0.00	17.46
1326.69	0.09	35.75
854.54	0.00	105.11
1709.08	0.00	37.89
854.54	0.00	64.51
861.37	0.00	80.11
1709.08	0.00	37.89
854.54	0.00	80.30
1709.08	0.00	40.37
868.21	0.00	41.29
854.54	0.00	56.39
1645.34	0.00	11.55
1645.34	0.00	12.00
822.67	0.00	6.06
822.67	0.00	5.61
1645.34	0.00	8.64
1645.34	0.00	5.16
1643.60	0.11	5.27
1645.34	0.00	9.37
1643.60	0.11	5.49
2486.19	0.00	131.59
1243.09	0.00	216.44
2482.70	0.14	53.83
1243.09	0.00	95.51
1243.09	0.00	99.22
2486.19	0.00	99.46
17444.75	0.00	13.21
1243.09	0.00	99.22
1243.09	0.00	147.55
1574.41	0.00	28.87
1571.75	0.00	79.24
3146.16	0.00	9.61
2483.53	0.00	55.91
1568.41	0.21	26.41
331.31	0.00	68.43
3144.57	0.00	9.61
1571.75	0.00	71.54
331.31	0.00	80.91
1439.32	0.00	82.33
483.61	0.00	162.19
1438.02	0.09	50.38
1439.32	0.00	46.32
479.77	0.00	124.83
479.77	0.00	168.45
1443.16	0.00	25.03
1443.16	0.00	25.03
1443.16	0.00	25.18
858.36	0.11	91.40
1706.26	0.00	52.90
366.02	0.00	56.55
965.28	0.00	94.40
853.69	0.00	55.12
139.22	0.20	139.14
363.79	0.00	42.65
853.69	0.00	58.26
2068.17	0.09	17.78
1418.80	0.00	41.52
1418.80	0.00	31.82
233.45	0.09	136.90
1416.93	0.00	54.34
607.52	0.00	118.55
607.52	0.00	98.36
1416.93	0.00	30.52
616.87	0.00	33.60
420.59	0.00	93.79
713.40	0.00	75.75
1465.73	0.14	13.33
533.00	0.00	93.26
401.80	0.00	98.19
1472.30	0.25	28.29
205.00	0.00	148.82
1074.20	0.00	56.46
532.51	0.09	71.56
1434.99	0.00	35.61
268.10	0.30	206.27
1239.15	0.00	55.17
1280.02	0.00	41.92
1011.11	0.00	83.96
486.19	0.00	138.03
1282.17	0.00	22.20
1282.17	0.00	22.29
271.06	0.00	128.78
268.67	0.09	185.11
2070.09	0.00	28.15
2027.65	0.09	24.11
1014.75	0.00	46.96
1014.75	0.00	28.04
1013.83	0.09	33.94
1986.80	0.11	21.02
2027.35	0.11	12.24
1014.75	0.00	20.63
2070.09	0.00	12.42
790.45	0.16	206.02
1421.61	0.00	51.97
1421.61	0.00	52.17
628.56	0.00	263.42
1209.89	0.00	126.23
1420.33	0.09	27.38
1209.28	0.14	30.63
210.64	0.00	237.52
1420.27	0.00	26.30
1837.65	0.09	24.61
858.21	0.00	93.95
1838.32	0.00	19.33
855.54	0.20	99.71
1839.32	0.00	9.97
1838.32	0.00	19.48
123.75	0.11	137.64
1835.38	0.16	10.00
1836.66	0.09	10.00
462.91	0.00	94.66
1907.17	0.00	16.18
1370.20	0.00	74.07
1925.69	0.00	16.24
481.42	0.00	93.91
480.48	0.20	108.39
1907.17	0.00	16.40
462.91	0.00	125.50
1886.66	0.11	16.21
2190.14	0.00	187.45
2190.14	0.00	56.02
2187.46	0.12	57.44
2190.14	0.00	56.17
2190.14	0.00	115.80
1458.77	0.09	407.42
2190.14	0.00	108.21
2156.07	0.00	361.44
730.05	0.00	809.81
1417.15	0.09	13.59
1416.45	0.14	10.68
709.22	0.00	15.60
1418.44	0.00	16.55
1418.44	0.00	14.97
1418.44	0.00	14.41
1418.44	0.00	6.18
709.22	0.00	11.42
1416.45	0.14	6.01
1198.03	0.00	43.49
1195.34	0.00	45.36
1206.09	0.00	33.66
873.00	0.00	50.84
335.77	0.00	63.15
1195.34	0.00	30.28
1195.34	0.00	30.66
1195.34	0.00	31.04
1198.03	0.00	17.32
673.96	0.00	80.79
968.31	0.09	77.90
1340.92	0.08	34.54
1344.93	0.00	18.50
1341.95	0.00	34.69
1336.34	0.20	48.52
1341.95	0.00	35.80
375.75	0.00	66.40
372.76	0.00	111.89
862.26	0.00	103.53
806.77	0.00	164.27
289.05	0.00	128.44
1080.74	0.32	58.49
854.86	0.00	75.60
288.96	0.00	111.94
1946.62	0.00	17.81
1659.32	0.00	84.59
1093.52	0.00	122.03
1058.82	0.00	12.63
2117.65	0.00	4.29
0.00	100.00	0.00
0.00	100.00	0.00
2117.65	0.00	4.29
0.00	100.00	0.00
1058.82	0.00	8.12
0.00	100.00	0.00
2117.65	0.00	8.57
0.00	100.00	0.00
0.00	100.00	0.00
87.80	0.00	98.79
746.34	0.00	17.22
1492.68	0.00	98.83
1492.68	0.00	11.78
746.34	0.00	11.33
1492.68	0.00	17.67
1492.68	0.00	104.72
1471.20	0.09	71.45
309.60	0.09	124.81
1470.06	0.00	76.59
1151.70	0.09	77.38
1784.89	0.00	15.43
1784.89	0.00	15.74
1774.96	0.14	15.49
312.36	0.00	84.15
309.60	0.09	92.02
1653.14	0.00	29.12
1518.19	0.00	20.45
1515.21	0.20	21.63
1518.19	0.00	22.11
843.44	0.00	35.29
842.26	0.14	26.01
1551.93	0.00	12.14
1518.19	0.00	22.86
1653.14	0.00	13.10
1238.20	0.00	52.80
1286.75	0.00	21.37
1213.92	0.00	56.02
1262.48	0.00	23.08
1261.14	0.11	23.68
606.96	0.00	71.73
1213.92	0.00	37.62
605.86	0.18	88.19
1213.92	0.00	39.92
1979.15	0.00	20.23
293.27	0.00	137.80
293.27	0.00	163.71
1979.51	0.00	20.51
1977.57	0.08	39.01
1685.84	0.00	106.51
1682.38	0.23	98.53
1685.84	0.00	116.51
292.96	0.11	127.38
760.59	0.00	78.73
1146.83	0.00	71.44
1675.68	0.00	20.61
154.50	0.00	121.22
1669.74	0.00	19.99
742.77	0.00	90.22
1668.22	0.09	20.25
154.50	0.00	90.65
267.40	0.00	63.11
1280.72	0.18	71.85
1283.05	0.00	55.32
643.50	0.09	120.44
1283.05	0.00	27.32
1277.94	0.00	50.61
1283.05	0.00	28.00
1277.94	0.00	51.52
638.97	0.00	127.10
1283.05	0.00	28.67
790.03	0.00	61.07
789.31	0.09	61.11
772.86	0.00	69.78
841.55	0.00	61.93
446.54	0.00	52.96
1580.06	0.00	15.58
772.86	0.00	65.65
1234.84	0.14	18.58
1218.29	0.09	34.05
1393.19	0.00	12.79
1393.19	0.00	15.46
1393.19	0.00	6.28
1393.19	0.00	6.28
1393.19	0.00	6.28
1393.19	0.00	12.79
1389.53	0.26	11.23
1393.19	0.00	11.55
1389.97	0.23	12.23
1599.14	0.00	51.28
1604.53	0.00	16.13
1605.26	0.12	16.64
1604.53	0.00	16.23
1264.75	0.00	58.09
1599.14	0.00	44.10
1264.75	0.00	55.81
337.09	0.00	117.52
1601.83	0.00	15.68
1654.53	0.00	66.02
1652.66	0.14	53.41
1654.62	0.00	38.18
1367.18	0.00	90.27
1654.71	0.00	19.94
1654.62	0.00	38.57
1653.25	0.08	57.46
1652.39	0.14	20.20
287.80	0.00	136.94
1906.78	0.00	11.67
1905.05	0.09	7.97
1904.45	0.12	8.53
1906.78	0.00	4.71
1906.78	0.00	8.97
1906.78	0.00	4.71
1906.78	0.00	4.71
1906.78	0.00	11.67
1906.78	0.00	4.71
523.59	0.00	109.98
523.12	0.09	119.90
770.68	0.00	32.00
788.33	0.00	32.44
1562.70	0.14	11.89
1564.90	0.00	30.96
152.80	0.11	124.29
1553.13	0.00	33.50
1576.66	0.00	22.70
1289.55	0.00	48.71
657.93	0.00	81.33
1314.47	0.11	34.70
1342.18	0.00	19.31
1368.50	0.00	19.37
1315.87	0.00	35.41
1315.87	0.00	36.08
1342.18	0.00	19.97
656.28	0.25	53.04
1902.43	0.12	3.92
1904.76	0.00	5.37
1904.76	0.00	6.27
1902.75	0.11	4.82
1904.76	0.00	4.71
1904.76	0.00	4.71
1904.76	0.00	4.71
1904.76	0.00	4.71
1904.76	0.00	4.71
1355.82	0.00	60.95
1363.57	0.11	36.26
1077.76	0.00	66.46
298.74	0.00	100.08
1365.01	0.00	36.37
289.55	0.00	86.51
289.55	0.00	63.29
1068.57	0.00	76.96
1068.57	0.00	67.50
669.14	0.00	108.76
1338.29	0.00	18.20
0.00	100.00	0.00
669.14	0.00	119.54
1338.29	0.00	110.11
1338.29	0.00	123.71
669.14	0.00	12.59
0.00	100.00	0.00
1335.24	0.23	14.17
988.47	0.00	13.72
1976.94	0.00	12.55
987.57	0.09	14.09
1976.94	0.00	4.56
1976.94	0.00	11.19
1976.94	0.00	12.95
1976.94	0.00	4.56
1976.94	0.00	9.12
1976.94	0.00	9.12
1458.77	0.00	105.46
1458.77	0.00	90.22
1807.66	0.00	38.15
178.41	0.09	119.78
1495.87	0.09	31.22
199.17	0.00	145.90
1807.66	0.00	14.78
1804.92	0.00	41.98
171.70	0.00	218.37
708.22	0.14	11.03
1418.44	0.00	6.18
1418.44	0.00	6.18
1418.44	0.00	22.75
1414.46	0.28	12.60
709.22	0.00	11.90
1418.44	0.00	6.18
1418.44	0.00	12.35
1417.15	0.09	16.69
647.87	0.00	195.28
220.16	0.00	195.48
1254.01	0.00	51.48
1261.03	0.00	67.60
394.40	0.00	242.61
1253.66	0.00	77.98
1253.66	0.00	74.74
858.84	0.09	127.66
1041.21	0.00	135.31
1308.27	0.11	68.73
657.44	0.00	114.67
1294.00	0.00	61.68
1294.00	0.00	25.99
1279.50	0.32	67.26
651.63	0.09	97.56
1278.35	0.00	77.28
1288.78	0.00	48.50
1304.43	0.00	50.26
1221.24	0.00	45.36
1858.41	0.00	22.55
1858.41	0.00	23.68
1884.96	0.00	13.02
1938.05	0.00	12.98
690.27	0.00	46.41
663.72	0.00	35.19
1194.69	0.00	35.84
1725.66	0.00	27.76
2569.56	0.00	23.99
2573.92	0.00	10.11
2573.92	0.00	10.21
2573.92	0.00	9.64
2565.21	0.00	18.00
2025.16	0.00	35.53
2565.21	0.00	18.38
2569.56	0.00	9.56
544.40	0.00	43.76
1628.18	0.00	62.82
1626.82	0.00	38.83
1342.63	0.11	83.74
283.22	0.00	143.22
1626.82	0.00	35.19
1623.02	0.32	59.50
1627.27	0.00	18.55
1342.38	0.09	86.00
283.28	0.14	80.68
1135.33	0.00	49.56
1133.74	0.14	37.32
1135.33	0.00	37.38
888.35	0.00	76.13
1136.12	0.11	20.25
1133.34	0.00	52.83
248.63	0.14	89.51
1132.46	0.08	36.60
1125.37	0.00	48.85
1973.68	0.00	10.48
986.84	0.00	7.78
986.84	0.00	11.84
986.84	0.00	5.86
1973.68	0.00	10.48
985.46	0.14	6.88
1973.68	0.00	4.34
1973.68	0.00	4.57
1973.68	0.00	4.57
1687.50	0.00	19.25
1687.50	0.00	15.79
562.50	0.00	96.99
562.50	0.00	14.89
562.50	0.00	14.89
1687.50	0.00	5.26
1687.50	0.00	5.26
1687.50	0.00	10.53
1125.00	0.00	85.71
0.00	100.00	0.00
981.59	0.00	8.72
0.00	100.00	0.00
1732.21	3.23	75.55
1963.17	0.00	4.59
1963.17	0.00	75.38
980.55	0.11	8.83
1963.17	0.00	13.76
115.48	0.00	75.32
0.00	100.00	0.00
1834.38	0.14	4.99
1728.90	5.88	87.41
108.06	0.00	78.13
918.48	0.00	13.94
1728.90	0.00	81.09
918.48	0.00	9.29
108.06	0.00	151.19
1728.90	5.88	88.42
1605.71	0.00	15.17
802.85	0.00	97.98
802.85	0.00	21.22
0.00	100.00	0.00
1605.71	0.00	16.52
0.00	100.00	0.00
1605.71	0.00	94.18
802.85	0.00	89.67
1605.71	0.00	5.51
1600.00	0.00	11.56
1600.00	0.00	7.61
1600.00	0.00	8.29
800.00	0.00	9.70
1597.44	0.16	5.42
800.00	0.00	5.98
1600.00	0.00	5.30
1600.00	0.00	7.16
1600.00	0.00	9.70
1632.72	0.11	59.27
433.82	0.11	109.48
780.46	0.00	96.62
433.59	0.00	150.16
1634.45	0.00	22.12
1629.47	0.26	43.13
1634.45	0.00	22.54
1632.72	0.11	22.54
1633.75	0.00	42.84
1919.98	0.00	52.45
1922.05	0.11	24.23
641.37	0.11	125.45
744.61	0.00	171.45
1174.35	0.00	107.72
1256.40	0.00	128.43
641.37	0.11	68.57
641.02	0.00	59.32
641.02	0.00	63.48
369.36	0.00	327.18
1273.16	0.00	114.92
636.83	0.00	206.91
636.32	0.00	164.39
318.42	0.00	182.95
318.42	0.00	204.20
1271.37	0.14	64.59
1272.65	0.00	90.83
902.02	0.20	141.52
533.29	0.00	83.18
1104.91	0.16	65.03
1909.93	0.20	30.93
294.96	0.00	72.44
294.96	0.00	90.92
861.28	0.00	36.18
1333.21	0.00	64.12
1875.94	0.00	12.53
1871.22	0.00	33.98
1761.38	0.09	14.91
1762.98	0.00	9.39
1762.98	0.00	9.39
1762.98	0.00	5.06
881.49	0.00	13.72
1762.98	0.00	5.06
1762.98	0.00	5.06
1762.98	0.00	9.62
881.49	0.00	10.47
615.40	0.00	70.79
1203.82	0.20	54.11
1205.26	0.08	51.71
1255.42	0.00	20.40
1255.42	0.00	20.40
640.02	0.00	39.15
1107.72	0.00	41.67
1205.09	0.09	33.52
1230.80	0.00	18.64
1171.51	0.00	47.70
1267.86	0.00	85.54
1901.79	0.00	35.36
1166.43	0.00	28.73
735.36	0.00	89.29
633.93	0.00	103.13
1161.36	0.00	55.72
735.36	0.00	74.13
1904.85	0.11	19.20
2192.45	0.00	9.21
2192.45	0.00	4.15
2192.45	0.00	4.15
2192.45	0.00	4.15
2190.46	0.09	7.96
2192.45	0.00	4.15
2192.45	0.00	7.86
2192.45	0.00	4.15
2192.45	0.00	9.76
1863.71	0.09	38.67
1474.84	0.00	59.48
1865.32	0.11	29.98
1867.29	0.00	30.08
393.08	0.00	89.58
1865.40	0.00	14.97
1865.40	0.00	15.06
1864.77	0.00	28.34
1865.40	0.00	15.16
966.43	0.00	128.37
947.93	0.00	164.28
990.08	0.00	138.43
1533.09	0.00	16.46
119.40	0.00	235.66
565.96	0.09	196.15
445.91	0.30	232.83
542.63	0.00	202.02
1533.66	0.00	16.63
1486.35	0.00	60.21
1484.53	0.12	46.37
1486.36	0.00	23.75
1219.57	0.00	45.95
1486.36	0.00	23.75
1486.35	0.00	55.12
1478.06	0.00	44.60
258.27	0.21	196.38
1219.56	0.00	115.37
1630.45	0.11	39.83
1639.13	0.00	16.10
437.56	0.00	78.47
781.36	0.00	56.01
781.36	0.00	68.30
1195.54	0.21	53.54
1629.89	0.14	15.71
1632.18	0.00	30.57
1628.71	0.00	28.73
2091.16	0.00	20.41
269.84	0.00	146.40
1023.42	0.14	38.82
2091.15	0.00	20.46
1821.31	0.00	124.10
2091.15	0.00	39.24
2091.15	0.00	20.23
1024.85	0.00	56.73
2091.14	0.00	57.96
2059.33	0.12	11.83
121.29	0.00	69.71
2061.86	0.00	71.79
2059.68	0.11	9.22
1030.93	0.00	12.94
0.00	100.00	0.00
1030.93	0.00	8.33
2061.86	0.00	8.78
1940.57	0.00	70.37
1485.28	0.00	35.29
844.77	0.20	140.85
1484.52	0.00	46.28
1483.93	0.09	26.25
1485.28	0.00	26.14
1486.05	0.00	13.40
96.52	0.00	192.82
540.03	0.00	139.42
1486.05	0.00	13.15
1680.16	0.00	38.07
1091.01	0.00	36.88
1111.83	0.09	60.28
2138.39	0.00	13.54
1003.73	0.00	34.35
2116.57	0.00	13.57
589.15	0.00	64.12
2116.57	0.00	13.80
545.51	0.00	87.22
1566.19	0.00	40.30
1563.56	0.00	44.01
1563.99	0.14	31.42
337.50	0.00	74.18
1563.56	0.00	32.54
1566.32	0.16	16.46
1236.61	0.00	61.08
1550.19	0.18	42.61
1568.83	0.00	16.41
1389.96	0.00	17.67
693.27	0.25	19.00
0.00	100.00	0.00
1389.96	0.00	19.52
1389.96	0.00	6.57
1389.96	0.00	110.02
1389.96	0.00	110.97
1389.96	0.00	19.85
0.00	100.00	0.00
798.83	0.00	156.77
873.68	0.14	136.97
795.37	0.00	137.64
1303.71	0.00	66.81
432.27	0.00	205.65
504.89	0.00	206.69
1302.53	0.09	63.29
1303.71	0.00	59.77
511.80	0.00	72.90
1165.60	0.00	102.70
1170.28	0.00	51.43
1170.28	0.00	56.15
1170.28	0.00	66.97
1167.21	0.26	54.12
1170.28	0.00	56.67
1174.96	0.00	29.62
585.14	0.00	94.19
584.32	0.14	119.75
1670.94	0.00	41.58
362.48	0.21	91.31
1743.59	0.00	24.38
377.78	0.00	39.42
1293.17	0.00	49.36
2077.78	0.00	20.58
2092.31	0.00	10.97
2077.78	0.00	21.76
2092.31	0.00	11.13
1132.51	0.00	82.59
1367.02	0.00	18.48
1359.39	0.00	64.93
240.23	0.00	103.82
1363.20	0.00	36.36
1368.92	0.00	36.20
1368.92	0.00	35.97
1368.92	0.00	36.44
1359.39	0.00	49.51
826.13	0.00	46.96
1685.30	0.00	15.98
826.13	0.00	69.09
1685.30	0.00	16.42
1685.30	0.00	16.64
1685.30	0.00	16.42
1650.76	0.09	30.58
1685.30	0.00	17.35
1685.30	0.00	17.35
1531.76	0.14	32.10
421.40	0.00	48.33
1517.05	0.00	23.92
757.72	0.11	56.94
1517.05	0.00	24.45
1517.05	0.00	36.59
421.40	0.00	48.78
1532.52	0.09	13.85
1533.91	0.00	13.37
1509.91	0.00	98.87
94.37	0.00	92.56
1602.58	0.11	15.20
1604.28	0.00	92.01
1604.28	0.00	11.02
1602.32	0.12	5.62
1604.28	0.00	5.51
0.00	100.00	0.00
1604.28	0.00	5.51
1095.67	0.11	81.86
232.38	0.00	133.74
1089.39	0.00	63.11
1314.33	0.00	33.46
1319.91	0.00	18.13
1310.39	0.30	34.94
1316.19	0.00	17.62
1314.33	0.00	33.70
1310.61	0.00	59.57
1521.63	0.00	71.58
745.72	0.00	75.60
196.15	0.11	196.46
1325.23	0.00	167.98
745.72	0.00	50.97
1521.63	0.00	26.32
1521.62	0.00	51.55
1518.41	0.21	59.30
1521.62	0.00	51.68
470.25	0.00	73.59
1671.99	0.00	13.73
1602.32	0.00	34.24
1652.82	0.11	26.30
1654.57	0.00	26.45
1132.08	0.00	52.08
783.74	0.00	63.26
452.83	0.00	65.18
1652.25	0.14	26.85
810.08	0.00	17.79
1620.16	0.00	14.81
1620.16	0.00	16.16
1620.16	0.00	17.11
1620.16	0.00	5.46
809.22	0.11	10.58
810.08	0.00	15.99
1620.16	0.00	16.16
810.08	0.00	10.47
1702.13	0.00	14.26
1700.05	0.12	10.51
851.06	0.00	14.70
1702.13	0.00	86.12
0.00	100.00	0.00
850.29	0.09	15.17
0.00	100.00	0.00
850.29	0.09	16.07
1699.74	0.14	86.35
1602.15	0.00	52.58
1602.15	0.00	52.58
279.27	0.14	109.96
1322.93	0.00	89.68
1592.23	0.09	19.89
546.84	0.00	125.49
1601.26	0.00	54.23
1037.03	0.00	116.35
1601.70	0.00	39.42
960.81	0.11	189.52
101.31	0.00	407.26
1062.81	0.00	122.77
1062.01	0.09	108.81
1164.12	0.00	47.16
101.31	0.00	266.27
1164.12	0.00	47.28
1164.28	0.00	50.69
1164.12	0.00	47.43
605.20	0.00	79.69
1199.64	0.00	25.79
2401.97	0.00	9.47
2393.90	0.00	29.27
1199.64	0.00	17.45
1465.93	0.00	45.83
336.22	0.00	83.90
1196.95	0.00	29.40
2396.59	0.00	8.99
2072.51	0.11	30.24
582.69	0.14	58.04
2269.21	0.00	26.78
540.29	0.00	38.26
1404.75	0.00	46.19
972.52	0.00	23.12
972.52	0.00	43.30
540.29	0.00	33.54
1058.00	0.09	31.40
1688.56	0.00	13.87
1688.56	0.00	13.32
1688.56	0.00	9.96
1688.56	0.00	10.52
1685.49	0.18	10.73
1688.56	0.00	10.52
1686.19	0.14	10.53
1688.56	0.00	5.26
1688.56	0.00	5.26
0.00	100.00	0.00
0.00	100.00	0.00
1966.96	0.00	77.51
1851.26	0.00	76.53
1966.96	0.00	4.58
1964.56	0.12	4.69
1966.96	0.00	4.58
115.70	0.00	70.63
1965.18	0.09	9.69
1921.93	0.00	79.17
2255.58	0.00	43.60
334.30	0.00	118.07
1255.11	0.12	27.09
2253.63	0.11	32.98
2256.12	0.00	15.38
2256.12	0.00	15.38
999.69	0.00	31.77
2253.63	0.11	30.26
1285.84	0.00	64.86
1284.41	0.00	45.38
1285.48	0.00	45.58
224.26	0.00	134.00
1285.48	0.00	45.81
1285.84	0.00	23.84
1060.51	0.00	114.68
1285.48	0.00	46.21
1285.13	0.00	66.46
114.11	0.00	84.09
1937.85	0.11	9.38
0.00	100.00	0.00
0.00	100.00	0.00
969.95	0.00	8.82
969.95	0.00	20.93
1939.90	0.00	148.78
1825.79	5.88	76.70
0.00	100.00	0.00
1037.99	0.00	46.59
1415.44	0.00	24.99
393.18	0.00	57.81
1366.81	0.11	12.85
1352.53	0.00	23.26
1413.94	0.11	28.18
1398.23	0.11	23.68
1431.17	0.00	13.09
1336.80	0.00	31.18
139.91	0.00	55.58
2376.39	0.09	10.25
1958.80	0.00	60.24
2378.55	0.00	62.43
139.91	0.00	62.75
139.91	0.00	62.30
2378.55	0.00	3.86
0.00	100.00	0.00
2375.21	0.14	3.98
2105.49	5.88	68.75
1118.54	0.00	7.68
1117.53	0.09	7.76
131.59	0.00	65.36
2237.09	0.00	4.08
0.00	100.00	0.00
0.00	100.00	0.00
2105.49	0.00	4.31
2237.09	0.00	4.07
1597.07	0.00	24.88
795.38	0.00	100.09
1590.76	0.00	25.42
1584.45	0.00	47.68
1584.45	0.00	55.78
1584.45	0.00	48.35
787.52	0.20	118.16
1584.45	0.00	49.02
794.54	0.11	64.15
1104.43	0.00	35.31
992.94	0.11	36.22
662.66	0.00	47.78
1082.34	0.00	39.25
1082.34	0.00	49.30
1524.11	0.00	32.98
1634.56	0.00	13.51
1612.47	0.00	24.77
552.22	0.00	57.43
1781.30	0.00	7.99
1781.30	0.00	6.86
1781.30	0.00	7.31
1781.30	0.00	4.56
1781.30	0.00	9.62
1781.30	0.00	7.99
889.84	0.09	7.77
1778.80	0.14	4.45
890.65	0.00	12.37
1444.33	0.00	48.33
972.00	0.00	69.52
1448.24	0.00	19.89
487.07	0.18	72.76
487.95	0.00	94.51
877.38	0.11	45.00
1449.82	0.16	21.26
1424.82	0.00	51.54
956.38	0.00	63.52
1229.42	0.00	66.55
1228.89	0.00	46.57
326.83	0.00	208.43
1227.59	0.11	47.88
1225.67	0.26	51.01
954.35	0.00	110.35
1226.48	0.20	48.61
1228.37	0.00	68.22
902.06	0.00	91.13
1845.05	0.00	48.33
1845.05	0.00	50.62
1852.40	0.00	21.58
918.85	0.00	54.99
918.85	0.00	78.76
925.22	0.11	55.16
1845.05	0.00	20.48
918.85	0.00	95.80
916.09	0.30	49.56
1296.75	0.00	80.76
1297.20	0.00	61.53
282.00	0.00	247.99
507.60	0.00	143.25
507.60	0.00	159.45
1339.33	0.12	24.51
284.26	0.00	149.18
1058.07	0.00	121.30
1337.89	0.20	47.03
675.00	0.00	51.79
650.00	0.00	68.53
625.00	0.00	55.94
1750.00	0.00	25.13
1775.00	0.00	28.11
625.00	0.00	63.15
1800.00	0.00	13.94
1775.00	0.00	14.30
1125.00	0.00	46.86
1483.36	0.00	52.67
1483.36	0.00	39.26
258.59	0.00	110.41
1475.51	0.00	51.48
968.66	0.00	116.14
1475.09	0.00	40.63
711.91	0.09	143.37
505.56	0.09	158.23
1475.51	0.00	20.06
2155.77	0.00	53.92
1342.54	0.00	31.68
2610.30	0.00	11.55
2605.19	0.14	22.59
2606.81	0.11	11.90
2605.94	0.00	24.60
453.81	0.00	75.14
1269.93	0.00	21.48
2609.57	0.00	11.73
1882.08	0.00	33.58
253.36	0.00	85.99
1886.12	0.11	26.70
1884.09	0.00	13.17
1892.14	0.00	13.31
1875.45	0.25	26.43
1635.28	0.09	46.75
251.35	0.00	137.45
1377.38	0.00	72.48
841.46	0.00	40.91
743.13	0.00	108.32
1772.73	0.00	20.50
912.36	9.39	105.72
1772.73	0.00	20.89
1771.78	0.00	31.84
1770.84	0.00	31.23
118.07	0.09	163.71
855.21	0.16	20.71
809.71	0.09	96.95
810.45	0.00	21.49
0.00	100.00	0.00
810.45	0.00	15.98
810.45	0.00	106.34
810.45	0.00	21.94
1620.89	0.00	11.19
1620.89	0.00	5.73
1620.89	0.00	99.17
2120.94	0.00	21.99
991.92	0.11	73.04
967.01	0.00	70.45
2118.84	0.16	8.90
2122.24	0.00	21.38
2122.24	0.00	8.67
1828.89	0.00	40.37
162.25	0.00	117.33
318.01	0.00	42.09
1755.49	0.00	61.22
1755.80	0.00	23.25
226.58	0.00	167.57
1751.16	0.25	45.42
1528.92	0.00	144.25
1075.67	0.08	201.19
1755.49	0.00	22.75
1267.95	0.00	149.96
487.53	0.00	330.23
1764.00	0.00	35.44
1800.00	0.00	12.86
1800.00	0.00	13.08
900.00	0.00	45.11
900.00	0.00	51.88
1800.00	0.00	30.00
1836.00	0.00	12.38
900.00	0.00	37.44
900.00	0.00	27.07
1446.36	0.00	22.46
1446.36	0.00	16.84
0.00	100.00	0.00
1446.36	0.00	12.13
1444.60	0.12	12.25
1446.36	0.00	101.95
721.76	0.20	17.88
1446.36	0.00	6.07
1446.36	0.00	12.13
2147.90	0.00	11.32
2019.08	6.00	70.73
2147.90	0.00	12.69
1072.97	0.09	12.32
126.35	0.00	64.61
1073.95	0.00	12.26
2147.90	0.00	11.33
2147.90	0.00	4.23
0.00	100.00	0.00
2065.62	0.00	32.82
2057.39	0.00	40.09
2057.39	0.00	38.89
1028.69	0.00	70.62
2054.50	0.14	16.43
1028.69	0.00	64.44
2049.16	0.00	29.63
2054.50	0.14	16.93
2057.39	0.00	16.95
1359.52	0.00	66.19
1364.94	0.00	28.14
1358.09	0.11	53.31
1364.94	0.00	28.86
1359.52	0.00	53.86
682.47	0.00	93.22
1354.11	0.00	49.01
677.05	0.00	124.33
1348.69	0.00	66.22
2575.79	0.00	9.45
2026.63	0.00	36.50
2567.07	0.00	17.90
2571.43	0.00	9.65
2567.07	0.00	18.00
2567.07	0.00	18.57
2567.07	0.00	18.29
2567.07	0.00	9.19
544.79	0.00	42.40
538.77	0.00	181.51
543.04	0.00	150.51
965.49	0.09	92.81
1505.13	0.00	50.33
1073.26	0.00	93.18
534.49	0.00	178.09
534.08	0.08	150.67
1077.54	0.00	66.23
1077.54	0.00	66.90
927.30	0.11	109.88
1175.70	0.00	61.98
251.37	0.00	114.35
251.37	0.00	103.54
692.75	0.00	90.82
1167.78	0.00	58.87
1165.80	0.00	73.36
1171.74	0.00	22.31
445.34	0.00	134.59
1081.73	0.00	18.27
1081.73	0.00	17.72
1081.73	0.00	11.67
1080.75	0.09	12.22
1081.73	0.00	14.92
1081.73	0.00	16.27
1081.73	0.00	7.96
1080.75	0.09	14.57
1080.59	0.11	8.07
1270.48	0.00	49.60
490.04	0.00	57.66
1669.78	0.00	13.34
1615.33	0.00	41.35
1633.48	0.00	37.60
453.39	0.08	67.33
1648.98	0.16	12.75
1633.48	0.00	23.18
1252.33	0.00	39.42
2070.83	0.00	13.94
936.56	0.00	69.68
1200.18	0.00	71.25
1630.30	0.00	50.57
1127.34	0.00	72.09
848.29	0.18	85.59
2065.18	0.11	14.60
437.06	0.00	80.18
437.06	0.00	58.80
1953.32	0.00	50.94
1611.91	0.00	73.11
1953.87	0.00	31.47
1953.87	0.00	41.13
339.96	0.11	88.46
1953.87	0.00	15.70
1614.09	0.00	67.34
339.78	0.00	102.44
1953.87	0.00	16.01
1539.70	0.00	55.21
817.45	0.00	74.16
1132.61	0.00	62.27
1951.28	0.11	14.35
1542.98	0.00	16.33
1950.06	0.00	13.30
410.37	0.00	84.64
17977.35	0.00	2.77
1950.06	0.00	13.49
2216.48	0.14	27.08
1109.80	0.00	31.76
1997.63	0.00	26.09
1109.80	0.00	40.20
2219.59	0.00	27.14
2308.38	0.00	12.29
2175.20	0.00	20.63
2086.42	0.00	11.92
2219.59	0.00	11.88
494.12	0.08	25.64
494.51	0.00	21.47
1483.52	0.00	10.32
1978.02	0.00	13.67
494.51	0.00	31.94
1978.02	0.00	4.56
1978.02	0.00	11.41
494.12	0.08	20.13
1978.02	0.00	9.22
1467.75	0.00	48.05
1150.47	0.00	60.50
1467.75	0.00	53.36
1470.84	0.14	15.80
1470.33	0.00	29.55
322.44	0.00	68.17
1467.75	0.00	27.38
1467.75	0.00	36.79
1467.75	0.00	27.68
1856.45	0.00	41.74
1858.32	0.00	32.03
1851.24	0.28	37.93
391.69	0.00	99.46
1856.45	0.00	15.98
1858.32	0.00	32.31
1856.45	0.00	16.08
1467.26	0.00	63.80
1855.19	0.00	43.34
1378.38	0.00	117.83
1378.38	0.00	12.68
689.19	0.00	18.57
81.08	0.00	103.98
1297.30	0.00	108.97
1378.38	0.00	106.95
0.00	100.00	0.00
1378.38	0.00	6.34
0.00	100.00	0.00
2355.35	0.00	30.87
2355.35	0.00	31.15
2356.15	0.00	12.63
2355.35	0.00	24.29
1855.11	0.28	46.56
2356.15	0.00	12.84
495.82	0.00	72.36
2355.35	0.00	12.25
2355.35	0.00	12.34
947.37	0.00	13.53
0.00	100.00	0.00
111.30	0.14	73.52
1894.74	0.00	9.47
947.37	0.00	9.02
1894.74	0.00	9.92
1894.74	0.00	78.04
1783.28	3.03	78.07
1894.74	0.00	9.47
911.07	0.00	67.12
1755.74	0.00	45.61
829.92	0.00	96.99
844.67	0.00	83.97
461.07	0.00	106.01
461.07	0.00	114.58
1755.74	0.00	41.70
464.75	0.00	65.34
1752.05	0.00	33.71
788.08	0.00	89.70
598.31	0.09	107.41
554.33	0.00	161.42
556.55	0.00	164.71
601.08	0.00	71.52
1391.38	0.00	23.16
1389.16	0.00	23.19
278.28	0.00	219.49
1384.70	0.00	63.97
1362.60	0.00	16.03
681.30	0.00	11.37
1362.60	0.00	11.65
681.30	0.00	11.92
1362.60	0.00	13.45
1362.60	0.00	6.18
1362.60	0.00	6.41
1361.37	0.09	16.04
1362.60	0.00	6.41
1621.62	0.00	13.57
1620.15	0.09	10.48
1619.91	0.11	5.56
1621.62	0.00	5.46
1619.91	0.11	5.56
1619.35	0.14	5.57
1619.91	0.11	5.56
1620.15	0.09	5.56
1619.35	0.14	5.57
0.00	100.00	0.00
0.00	100.00	0.00
1987.01	0.00	4.54
116.88	0.00	69.92
1870.13	5.88	77.65
116.88	0.00	74.43
1870.13	3.03	75.71
1987.01	0.00	18.18
1987.01	0.00	79.01
2178.72	0.00	7.83
2176.01	0.00	20.66
1141.36	0.00	60.55
2172.36	0.11	15.49
1141.36	0.00	58.40
1006.29	0.00	61.80
1006.29	0.00	67.66
168.84	0.00	94.41
2177.36	0.00	7.80
710.31	0.00	62.29
1103.38	0.14	32.50
709.56	0.11	37.89
1089.15	0.00	46.26
1373.27	0.00	14.80
394.62	0.00	55.42
1357.49	0.00	27.08
394.62	0.00	50.61
1025.22	0.08	39.55
1642.34	0.00	18.65
1640.85	0.09	13.72
821.17	0.00	15.15
821.17	0.00	19.42
1639.71	0.16	5.52
1642.34	0.00	5.40
1642.34	0.00	19.57
1642.34	0.00	10.56
1642.34	0.00	5.40
1741.99	0.00	45.95
1741.99	0.00	47.30
870.21	0.09	82.84
1748.96	0.00	19.90
1740.15	0.11	18.75
1748.96	0.00	20.13
1735.02	0.00	33.64
871.00	0.00	74.77
1735.02	0.00	34.55
2011.17	0.00	11.89
1005.59	0.00	13.34
2006.59	0.23	8.97
1005.59	0.00	8.07
1005.59	0.00	15.25
2011.17	0.00	4.49
2011.17	0.00	4.49
1005.59	0.00	17.16
1005.59	0.00	14.70
1761.25	0.00	7.87
1761.25	0.00	8.32
1761.25	0.00	5.06
1761.25	0.00	3.71
1761.25	0.00	5.96
1761.25	0.00	4.16
1761.25	0.00	4.16
1761.25	0.00	4.61
1759.39	0.11	4.71
1007.44	0.00	127.07
1277.38	0.00	48.60
134.97	0.00	135.58
134.97	0.00	207.87
1278.38	0.09	52.91
1140.29	0.09	83.29
1276.30	0.00	34.77
1277.38	0.00	17.95
1276.30	0.00	34.96
413.79	0.00	93.22
413.79	0.00	96.38
1291.03	0.00	57.62
1655.17	0.00	37.25
413.79	0.00	108.11
1670.21	0.09	16.66
1671.72	0.00	16.46
413.36	0.11	120.59
1655.17	0.00	31.45
1306.74	0.14	60.43
871.21	0.00	102.75
1305.07	0.00	63.83
1308.57	0.00	46.26
1308.57	0.00	52.78
1308.57	0.00	46.56
1305.81	0.21	47.75
437.36	0.00	131.19
507.33	0.00	80.40
1519.25	0.00	32.16
1023.45	0.00	61.30
1205.39	0.00	49.79
122.81	0.00	184.93
1513.53	0.08	24.73
1510.72	0.26	24.75
699.75	0.11	105.43
295.66	0.00	142.17
1519.25	0.00	12.02
1467.93	0.12	53.80
1220.38	0.00	90.53
1469.31	0.00	57.74
266.62	0.00	150.83
1211.74	0.00	114.17
257.57	0.00	114.42
1477.54	0.00	41.57
1469.72	0.00	20.27
1469.72	0.00	20.35
861.33	0.00	125.32
484.67	0.11	128.87
991.95	0.00	114.84
861.12	0.00	37.01
1722.45	0.00	13.27
1717.40	0.28	26.53
860.24	0.00	118.89
1722.45	0.00	13.40
136.29	0.00	177.60
520.98	0.00	17.48
2082.05	0.09	8.80
1562.95	0.00	11.29
520.98	0.00	16.04
1041.97	0.00	8.02
1041.97	0.00	21.92
2083.94	0.00	4.35
2079.84	0.20	9.02
2082.05	0.09	8.80
1606.09	0.00	34.84
1606.09	0.00	27.86
1256.70	0.00	53.36
1608.91	0.00	14.85
352.21	0.00	64.25
1597.64	0.00	13.94
1592.00	0.00	35.92
1606.09	0.00	29.54
1601.58	0.11	26.42
1200.00	0.00	11.28
2400.00	0.00	3.83
2400.00	0.00	64.51
0.00	100.00	0.00
2400.00	0.00	7.67
1200.00	0.00	7.22
0.00	100.00	0.00
2400.00	0.00	3.83
2400.00	0.00	7.89
1005.86	0.20	21.41
1004.80	0.30	17.62
1007.84	0.00	8.51
2015.68	0.00	73.86
0.00	100.00	0.00
1007.84	0.00	20.36
2015.68	0.00	9.28
2015.68	0.00	4.48
1007.84	0.00	8.51
467.85	0.00	71.15
809.74	0.00	29.64
808.88	0.11	33.12
1565.50	0.00	29.47
1619.48	0.00	23.30
1619.48	0.00	23.39
809.74	0.00	51.66
1256.93	0.21	27.01
449.86	0.00	45.29
1339.29	0.00	13.91
1339.29	0.00	10.21
1339.29	0.00	10.66
1339.29	0.00	6.06
1339.29	0.00	10.66
1339.29	0.00	11.12
1336.37	0.22	11.79
1339.29	0.00	15.82
1339.29	0.00	6.06
2190.96	0.00	34.99
2205.07	0.00	34.96
2205.81	0.00	14.11
2205.07	0.00	27.16
1726.19	0.00	56.00
2205.81	0.00	14.30
2205.81	0.00	14.39
1739.94	0.11	17.07
464.03	0.00	90.91
1825.05	0.00	44.49
318.81	0.00	93.13
317.86	0.14	94.48
1825.56	0.00	17.52
1507.26	0.00	76.71
1507.26	0.00	90.88
1822.01	0.00	59.20
1507.26	0.00	70.16
317.80	0.00	91.63
568.90	0.00	101.68
2214.23	0.00	8.99
1320.83	0.08	96.20
2203.08	0.00	8.95
145.01	0.00	123.47
2175.19	0.00	8.89
139.29	0.11	91.17
2180.77	0.00	25.32
2186.35	0.00	17.39
2107.91	0.00	53.38
2105.45	0.14	40.98
2108.41	0.00	31.39
312.84	0.00	104.60
2108.41	0.00	31.59
1796.07	0.00	81.68
1483.73	0.00	77.66
312.34	0.00	94.97
312.34	0.00	131.23
1078.85	0.00	178.97
1212.75	0.00	43.48
1263.65	0.00	114.27
431.54	0.00	127.89
219.99	0.00	180.27
1475.20	0.00	67.35
1479.93	0.16	23.42
219.99	0.00	178.57
1473.64	0.11	45.63
950.10	0.00	40.53
672.99	0.00	47.69
659.29	0.08	76.81
329.90	0.00	127.16
1623.10	0.00	41.20
1649.49	0.00	15.23
659.79	0.00	32.19
1634.56	0.11	29.79
645.42	0.18	96.90
1883.81	0.11	11.65
1883.81	0.11	10.80
942.05	0.09	12.88
1885.80	0.00	4.48
1885.80	0.00	4.76
1885.80	0.00	4.76
1885.80	0.00	4.76
942.90	0.00	10.16
1885.80	0.00	4.76
925.93	0.00	23.95
1851.85	0.00	14.73
925.93	0.00	9.22
1851.85	0.00	4.84
1849.89	0.11	4.94
925.93	0.00	13.83
925.93	0.00	14.73
1851.85	0.00	4.84
1851.85	0.00	4.84
804.54	0.21	101.80
1046.94	0.00	51.57
1091.35	0.00	44.18
294.45	0.00	114.03
1044.61	0.00	42.26
1043.50	0.11	42.92
1091.35	0.00	48.40
1039.93	0.00	70.64
1089.01	0.00	42.04
1191.31	0.00	54.39
1189.86	0.12	44.23
1187.41	0.11	57.65
1193.95	0.00	22.19
1188.78	0.21	42.67
335.47	0.00	77.85
857.71	0.09	81.57
1191.31	0.00	21.06
1191.31	0.00	21.18
1284.28	0.00	54.13
1287.14	0.00	34.83
1287.14	0.00	35.21
363.26	0.00	65.27
1272.84	0.00	43.72
1278.56	0.00	17.66
1284.28	0.00	53.00
929.60	0.00	58.12
1290.00	0.00	19.00
1278.69	0.00	33.73
2409.84	0.00	28.02
2557.38	0.00	11.13
2508.20	0.00	11.35
1229.51	0.00	40.34
2508.20	0.00	11.57
2505.54	0.11	12.13
2508.20	0.00	11.79
2459.02	0.00	10.45
716.84	0.00	44.64
711.19	0.00	84.52
1405.46	0.00	75.60
1411.10	0.00	44.40
705.55	0.00	62.34
1409.61	0.11	45.48
1405.46	0.00	61.26
705.55	0.00	110.40
1416.74	0.00	25.33
