264.71	0.00	1.49
500.00	0.00	2.53
837.21	0.00	1.53
264.71	0.00	2.01
499.55	0.09	2.12
837.21	0.00	2.64
264.71	0.00	2.55
499.47	0.11	1.28
836.45	0.09	3.23
264.71	0.00	3.65
500.00	0.00	2.26
836.19	0.12	2.45
264.71	0.00	4.05
500.00	0.00	2.86
837.21	0.00	1.97
264.71	0.00	3.09
499.47	0.11	3.48
837.21	0.00	1.32
264.71	0.00	1.80
500.00	0.00	1.87
837.21	0.00	1.24
264.71	0.00	2.35
499.47	0.11	2.51
837.21	0.00	2.62
264.71	0.00	3.58
499.47	0.11	1.28
837.21	0.00	2.12
264.47	0.09	2.01
500.00	0.00	0.65
837.21	0.00	1.63
264.71	0.00	2.95
499.30	0.14	2.48
837.21	0.00	1.10
264.15	0.21	2.78
500.00	0.00	1.63
834.68	0.30	3.18
264.19	0.20	4.00
500.00	0.00	2.00
837.21	0.00	0.73
264.71	0.00	3.63
500.00	0.00	2.25
835.01	0.26	2.58
264.47	0.09	1.39
500.00	0.00	2.96
836.45	0.09	3.04
264.71	0.00	2.95
500.00	0.00	1.86
836.45	0.09	2.83
264.71	0.00	2.33
500.00	0.00	2.30
837.21	0.00	1.25
264.71	0.00	1.79
500.00	0.00	2.06
835.30	0.23	2.34
264.71	0.00	2.36
500.00	0.00	2.47
837.21	0.00	2.28
264.43	0.11	1.53
500.00	0.00	4.23
835.44	0.21	2.92
264.71	0.00	0.79
500.00	0.00	3.41
837.21	0.00	3.42
264.71	0.00	1.42
500.00	0.00	2.78
837.21	0.00	2.87
264.71	0.00	1.23
500.00	0.00	3.29
837.21	0.00	1.68
264.71	0.00	2.58
499.55	0.09	2.21
834.86	0.28	2.31
264.71	0.00	1.62
500.00	0.00	1.56
837.21	0.00	0.55
264.47	0.09	2.18
500.00	0.00	2.04
837.21	0.00	1.57
264.71	0.00	0.60
500.00	0.00	1.07
837.21	0.00	1.04
264.71	0.00	0.59
499.30	0.14	0.59
836.03	0.14	0.64
264.71	0.00	1.04
500.00	0.00	1.09
836.32	0.11	2.24
264.47	0.09	1.66
499.61	0.08	3.00
837.21	0.00	1.53
264.71	0.00	3.26
499.30	0.14	2.09
836.03	0.14	2.26
264.71	0.00	2.59
499.47	0.11	0.82
836.45	0.09	3.60
264.71	0.00	2.48
500.00	0.00	2.68
836.45	0.09	1.24
264.28	0.16	2.06
500.00	0.00	1.70
837.21	0.00	1.51
264.71	0.00	2.42
500.00	0.00	0.76
837.21	0.00	3.09
264.71	0.00	1.69
499.47	0.11	2.35
835.44	0.21	2.02
264.71	0.00	1.92
500.00	0.00	2.11
837.21	0.00	2.11
264.71	0.00	2.46
500.00	0.00	2.81
837.21	0.00	3.11
264.71	0.00	3.04
500.00	0.00	3.15
837.21	0.00	2.67
264.71	0.00	2.19
500.00	0.00	2.15
837.21	0.00	1.50
264.43	0.11	1.13
500.00	0.00	1.08
837.21	0.00	0.99
264.71	0.00	2.72
499.47	0.11	1.66
837.21	0.00	1.57
264.71	0.00	0.61
500.00	0.00	1.29
837.21	0.00	2.03
264.71	0.00	3.28
500.00	0.00	0.61
837.21	0.00	1.06
264.71	0.00	3.84
500.00	0.00	2.41
837.21	0.00	1.47
264.71	0.00	2.24
500.00	0.00	1.29
837.21	0.00	1.63
264.71	0.00	3.69
500.00	0.00	0.76
837.21	0.00	2.08
264.71	0.00	1.61
500.00	0.00	2.76
837.21	0.00	3.24
264.71	0.00	2.66
500.00	0.00	3.79
837.21	0.00	1.64
264.71	0.00	1.50
500.00	0.00	2.63
837.21	0.00	1.76
264.71	0.00	2.15
498.94	0.21	3.25
837.21	0.00	2.21
264.43	0.11	4.23
500.00	0.00	2.35
837.21	0.00	0.74
264.71	0.00	5.33
500.00	0.00	3.95
837.21	0.00	2.02
264.71	0.00	4.49
500.00	0.00	3.32
837.21	0.00	3.27
264.71	0.00	2.06
499.30	0.14	0.77
834.86	0.28	2.27
264.71	0.00	1.06
500.00	0.00	1.35
836.03	0.14	1.20
264.71	0.00	2.73
500.00	0.00	0.56
837.21	0.00	1.65
264.71	0.00	0.64
500.00	0.00	0.55
837.21	0.00	1.59
264.33	0.14	1.21
500.00	0.00	3.07
837.21	0.00	0.56
264.71	0.00	0.73
500.00	0.00	2.60
837.21	0.00	1.06
264.71	0.00	2.18
500.00	0.00	1.68
837.21	0.00	2.59
264.71	0.00	2.69
500.00	0.00	2.09
836.32	0.11	0.64
264.71	0.00	3.16
500.00	0.00	1.15
837.21	0.00	2.08
264.38	0.12	2.16
499.39	0.12	1.93
837.21	0.00	1.77
264.43	0.11	1.28
500.00	0.00	3.65
837.21	0.00	2.94
264.71	0.00	3.54
500.00	0.00	2.92
837.21	0.00	1.55
264.47	0.09	2.98
500.00	0.00	1.92
837.21	0.00	1.57
264.38	0.12	2.26
500.00	0.00	0.67
837.21	0.00	0.98
264.71	0.00	1.05
500.00	0.00	1.75
837.21	0.00	2.02
264.71	0.00	1.61
500.00	0.00	2.29
836.45	0.09	1.68
264.71	0.00	2.09
500.00	0.00	1.73
837.21	0.00	1.62
264.71	0.00	1.07
500.00	0.00	1.04
837.21	0.00	1.15
264.71	0.00	1.38
499.55	0.09	0.75
836.32	0.11	2.20
264.71	0.00	1.95
499.47	0.11	1.30
837.21	0.00	1.01
264.71	0.00	1.86
500.00	0.00	2.52
836.03	0.14	1.57
264.71	0.00	2.15
500.00	0.00	2.12
837.21	0.00	1.74
264.71	0.00	3.38
500.00	0.00	2.64
837.21	0.00	2.25
264.23	0.18	4.32
500.00	0.00	3.35
836.32	0.11	2.35
264.71	0.00	2.98
500.00	0.00	2.12
837.21	0.00	1.94
264.71	0.00	3.49
500.00	0.00	2.72
836.03	0.14	1.23
264.71	0.00	1.21
498.69	0.26	3.56
836.03	0.14	1.80
264.71	0.00	3.44
500.00	0.00	3.02
836.19	0.12	2.19
264.71	0.00	2.19
499.30	0.14	0.92
835.44	0.21	4.13
264.71	0.00	3.93
500.00	0.00	1.44
837.21	0.00	2.76
264.71	0.00	1.84
500.00	0.00	1.77
836.45	0.09	1.62
264.71	0.00	1.07
500.00	0.00	0.73
837.21	0.00	2.71
264.71	0.00	1.57
499.47	0.11	2.47
837.21	0.00	1.02
264.71	0.00	0.62
500.00	0.00	2.20
837.21	0.00	1.13
264.71	0.00	1.89
499.55	0.09	1.16
837.21	0.00	2.05
264.71	0.00	0.56
500.00	0.00	1.67
837.21	0.00	2.17
264.71	0.00	3.11
500.00	0.00	2.03
837.21	0.00	2.83
264.71	0.00	2.49
500.00	0.00	3.16
837.21	0.00	1.66
264.71	0.00	2.49
500.00	0.00	2.70
836.03	0.14	1.17
264.71	0.00	2.38
500.00	0.00	3.63
837.21	0.00	1.89
264.71	0.00	1.25
500.00	0.00	2.82
837.21	0.00	2.33
264.71	0.00	3.12
500.00	0.00	3.24
837.21	0.00	2.78
264.71	0.00	1.83
500.00	0.00	2.14
837.21	0.00	0.53
264.71	0.00	2.98
500.00	0.00	1.12
837.21	0.00	2.71
264.15	0.21	2.37
500.00	0.00	2.74
837.21	0.00	3.16
264.71	0.00	2.12
500.00	0.00	0.57
837.21	0.00	0.61
264.71	0.00	3.54
499.09	0.18	2.44
837.21	0.00	1.07
264.71	0.00	1.63
500.00	0.00	3.55
837.21	0.00	2.22
264.47	0.09	2.13
499.55	0.09	0.66
837.21	0.00	2.20
264.71	0.00	1.08
500.00	0.00	1.15
836.45	0.09	1.13
264.71	0.00	3.53
500.00	0.00	2.34
837.21	0.00	0.62
264.71	0.00	1.69
500.00	0.00	2.63
837.21	0.00	1.15
264.71	0.00	1.27
500.00	0.00	2.69
835.30	0.23	1.70
264.71	0.00	2.29
500.00	0.00	0.70
837.21	0.00	0.56
264.71	0.00	2.02
500.00	0.00	1.52
837.21	0.00	1.12
264.71	0.00	0.99
500.00	0.00	0.48
837.21	0.00	0.56
264.47	0.09	2.59
500.00	0.00	2.57
837.21	0.00	1.70
264.71	0.00	2.34
500.00	0.00	3.02
835.43	0.21	1.88
264.71	0.00	3.08
500.00	0.00	1.19
837.21	0.00	2.31
264.71	0.00	1.16
500.00	0.00	1.59
837.21	0.00	3.49
264.71	0.00	1.95
500.00	0.00	2.44
837.21	0.00	2.19
264.71	0.00	1.91
500.00	0.00	2.44
835.30	0.23	2.77
264.71	0.00	2.76
500.00	0.00	3.06
836.32	0.11	3.41
264.71	0.00	3.33
500.00	0.00	0.72
837.21	0.00	3.15
264.71	0.00	3.63
499.30	0.14	2.11
837.21	0.00	2.55
264.43	0.11	3.06
500.00	0.00	2.67
837.21	0.00	3.24
264.71	0.00	1.96
499.47	0.11	2.16
837.21	0.00	1.64
264.71	0.00	1.38
500.00	0.00	2.73
837.21	0.00	2.12
264.71	0.00	2.44
500.00	0.00	3.19
837.21	0.00	1.53
264.71	0.00	2.90
500.00	0.00	1.40
837.21	0.00	1.96
264.71	0.00	0.70
500.00	0.00	0.63
837.21	0.00	2.37
264.50	0.08	2.28
500.00	0.00	1.91
837.21	0.00	2.48
264.71	0.00	3.57
500.00	0.00	2.32
837.21	0.00	0.62
264.47	0.09	3.12
500.00	0.00	1.17
837.21	0.00	2.15
264.47	0.09	2.54
500.00	0.00	1.66
837.21	0.00	2.60
264.71	0.00	2.53
500.00	0.00	2.26
837.21	0.00	2.18
264.71	0.00	1.29
500.00	0.00	3.46
837.21	0.00	3.50
264.71	0.00	3.04
500.00	0.00	3.72
837.21	0.00	2.18
264.71	0.00	2.39
500.00	0.00	2.14
836.32	0.11	3.50
264.71	0.00	2.95
500.00	0.00	4.12
835.28	0.23	2.81
264.71	0.00	1.72
500.00	0.00	2.50
837.21	0.00	3.32
264.71	0.00	1.70
500.00	0.00	2.03
837.21	0.00	1.25
264.05	0.25	2.18
500.00	0.00	1.03
837.21	0.00	1.54
264.71	0.00	2.76
499.47	0.11	2.65
837.21	0.00	1.05
264.71	0.00	2.11
500.00	0.00	1.72
837.21	0.00	2.90
264.71	0.00	2.42
500.00	0.00	2.86
835.57	0.20	2.25
264.71	0.00	1.30
499.55	0.09	3.51
837.21	0.00	1.15
264.71	0.00	1.44
500.00	0.00	2.04
837.21	0.00	1.75
264.71	0.00	2.07
500.00	0.00	2.66
837.21	0.00	2.24
264.71	0.00	1.29
500.00	0.00	3.81
837.21	0.00	1.43
264.71	0.00	2.10
500.00	0.00	1.66
837.21	0.00	0.68
264.71	0.00	2.61
500.00	0.00	3.20
837.21	0.00	0.70
264.71	0.00	3.83
500.00	0.00	2.53
837.21	0.00	2.41
264.33	0.14	2.40
500.00	0.00	2.93
837.21	0.00	0.64
264.71	0.00	1.17
500.00	0.00	1.97
837.21	0.00	3.04
264.71	0.00	1.62
500.00	0.00	2.42
837.21	0.00	2.53
264.71	0.00	2.90
500.00	0.00	2.31
837.21	0.00	2.26
264.71	0.00	2.35
500.00	0.00	1.13
836.45	0.09	2.14
264.71	0.00	2.71
500.00	0.00	1.09
836.45	0.09	1.12
264.71	0.00	1.98
500.00	0.00	1.63
837.21	0.00	1.51
264.71	0.00	0.94
500.00	0.00	1.59
837.21	0.00	0.57
264.71	0.00	3.26
500.00	0.00	1.09
837.21	0.00	1.04
264.71	0.00	1.51
500.00	0.00	1.38
837.21	0.00	1.44
264.71	0.00	2.56
499.55	0.09	1.82
837.21	0.00	2.96
264.71	0.00	0.76
500.00	0.00	0.67
837.21	0.00	1.88
264.00	0.27	3.14
500.00	0.00	0.72
835.28	0.23	1.98
264.71	0.00	2.68
500.00	0.00	3.16
836.32	0.11	0.66
264.71	0.00	3.72
500.00	0.00	1.70
836.32	0.11	3.30
264.47	0.09	0.60
500.00	0.00	0.58
837.21	0.00	0.54
264.71	0.00	2.99
499.61	0.08	1.76
836.32	0.11	1.72
264.43	0.11	2.43
500.00	0.00	1.10
837.21	0.00	1.17
264.47	0.09	2.17
500.00	0.00	2.42
836.03	0.14	1.32
264.71	0.00	2.30
500.00	0.00	1.38
837.21	0.00	1.81
264.71	0.00	3.76
500.00	0.00	1.23
837.21	0.00	2.29
264.71	0.00	2.43
500.00	0.00	3.63
837.21	0.00	1.98
264.71	0.00	1.29
500.00	0.00	4.46
837.21	0.00	2.26
264.71	0.00	3.88
500.00	0.00	3.20
836.32	0.11	2.82
264.71	0.00	2.68
500.00	0.00	1.66
836.45	0.09	1.63
264.71	0.00	0.62
500.00	0.00	1.06
837.21	0.00	2.65
264.71	0.00	2.18
499.47	0.11	1.17
837.21	0.00	1.11
264.71	0.00	1.85
500.00	0.00	1.42
834.70	0.30	1.34
264.71	0.00	0.74
498.77	0.25	1.93
837.21	0.00	2.69
264.71	0.00	1.20
500.00	0.00	2.47
835.43	0.21	2.18
264.71	0.00	0.58
500.00	0.00	3.75
837.21	0.00	0.57
264.33	0.14	1.77
500.00	0.00	2.67
836.03	0.14	0.82
264.33	0.14	1.99
499.55	0.09	3.20
836.32	0.11	2.09
264.43	0.11	2.26
500.00	0.00	2.24
837.21	0.00	3.54
264.71	0.00	2.62
500.00	0.00	1.17
837.21	0.00	2.52
264.71	0.00	1.75
499.47	0.11	3.00
837.21	0.00	3.76
264.33	0.14	1.88
500.00	0.00	1.73
836.45	0.09	1.84
264.71	0.00	1.20
499.30	0.14	2.34
837.21	0.00	2.13
264.71	0.00	0.64
499.47	0.11	1.20
837.21	0.00	1.57
264.71	0.00	1.71
500.00	0.00	1.26
836.45	0.09	0.64
264.71	0.00	2.84
499.55	0.09	2.45
835.44	0.21	2.30
264.71	0.00	0.75
500.00	0.00	1.09
837.21	0.00	1.64
264.71	0.00	2.03
500.00	0.00	0.79
837.21	0.00	2.94
264.71	0.00	1.97
500.00	0.00	1.25
837.21	0.00	3.44
264.71	0.00	1.57
500.00	0.00	1.71
837.21	0.00	2.43
264.71	0.00	2.03
500.00	0.00	0.70
834.68	0.30	3.01
264.71	0.00	3.64
499.39	0.12	2.11
837.21	0.00	0.50
264.50	0.08	2.88
500.00	0.00	2.49
837.21	0.00	2.32
264.71	0.00	1.76
499.39	0.12	2.22
837.21	0.00	1.70
264.71	0.00	2.70
500.00	0.00	2.69
837.21	0.00	2.17
264.71	0.00	1.31
500.00	0.00	1.56
837.21	0.00	2.17
264.71	0.00	1.92
500.00	0.00	2.24
837.21	0.00	3.03
264.71	0.00	0.98
500.00	0.00	1.21
837.21	0.00	1.97
264.71	0.00	3.05
500.00	0.00	1.67
837.21	0.00	2.51
264.71	0.00	2.13
500.00	0.00	2.27
836.32	0.11	0.78
264.71	0.00	2.68
499.47	0.11	1.16
837.21	0.00	1.23
264.71	0.00	4.00
499.55	0.09	2.88
837.21	0.00	1.94
264.71	0.00	2.83
500.00	0.00	1.96
837.21	0.00	0.61
264.33	0.14	0.71
500.00	0.00	2.45
837.21	0.00	0.48
264.71	0.00	2.32
500.00	0.00	1.46
837.21	0.00	1.07
264.43	0.11	2.29
500.00	0.00	1.50
837.21	0.00	0.64
264.43	0.11	2.93
500.00	0.00	1.85
835.15	0.25	2.32
264.71	0.00	1.61
499.55	0.09	2.29
837.21	0.00	2.26
264.71	0.00	4.90
500.00	0.00	2.52
837.21	0.00	3.77
264.71	0.00	3.26
499.55	0.09	3.22
836.56	0.08	3.08
264.10	0.23	4.01
500.00	0.00	4.64
836.32	0.11	1.86
264.71	0.00	1.64
500.00	0.00	1.99
837.21	0.00	1.23
264.33	0.14	1.08
500.00	0.00	1.02
837.21	0.00	1.46
264.23	0.18	3.11
500.00	0.00	2.52
837.21	0.00	0.92
264.71	0.00	2.35
500.00	0.00	2.25
837.21	0.00	1.18
264.47	0.09	2.67
500.00	0.00	0.56
837.21	0.00	1.22
264.01	0.26	3.24
500.00	0.00	1.11
837.21	0.00	1.50
264.71	0.00	2.49
500.00	0.00	0.77
835.57	0.20	2.51
264.71	0.00	3.03
499.55	0.09	2.69
836.32	0.11	1.31
264.71	0.00	4.33
500.00	0.00	3.16
837.21	0.00	3.79
264.71	0.00	2.03
498.94	0.21	1.81
837.21	0.00	1.62
264.71	0.00	2.57
500.00	0.00	1.49
837.21	0.00	2.03
264.47	0.09	3.95
500.00	0.00	0.60
837.21	0.00	1.06
264.71	0.00	2.29
500.00	0.00	1.70
837.21	0.00	2.61
264.71	0.00	2.75
500.00	0.00	2.27
837.21	0.00	2.63
264.38	0.12	3.32
500.00	0.00	0.75
837.21	0.00	2.12
264.71	0.00	1.67
500.00	0.00	1.08
837.21	0.00	2.50
264.71	0.00	2.16
500.00	0.00	0.71
836.45	0.09	1.95
264.71	0.00	2.66
500.00	0.00	0.76
837.21	0.00	2.45
264.43	0.11	2.15
500.00	0.00	1.60
837.21	0.00	0.65
264.33	0.14	2.78
500.00	0.00	2.34
837.21	0.00	1.82
264.71	0.00	4.07
498.94	0.21	1.86
837.21	0.00	1.11
264.71	0.00	2.52
500.00	0.00	0.78
837.21	0.00	1.78
264.71	0.00	2.98
500.00	0.00	3.36
835.11	0.25	2.86
264.71	0.00	2.88
500.00	0.00	1.76
836.45	0.09	3.64
264.71	0.00	2.19
500.00	0.00	0.65
837.21	0.00	2.35
264.43	0.11	1.14
499.47	0.11	0.78
837.21	0.00	0.96
264.71	0.00	3.37
499.30	0.14	1.25
837.21	0.00	2.45
264.71	0.00	2.02
499.47	0.11	1.95
836.19	0.12	2.36
264.43	0.11	3.11
500.00	0.00	0.67
835.57	0.20	3.04
264.47	0.09	4.00
500.00	0.00	3.34
837.21	0.00	1.61
264.33	0.14	1.78
499.39	0.12	1.79
837.21	0.00	1.63
264.71	0.00	1.61
500.00	0.00	1.36
837.21	0.00	2.01
264.71	0.00	2.25
500.00	0.00	2.37
837.21	0.00	1.02
264.71	0.00	2.03
500.00	0.00	2.59
837.21	0.00	0.61
264.71	0.00	2.58
499.55	0.09	2.14
836.32	0.11	2.18
264.43	0.11	3.19
500.00	0.00	1.56
837.21	0.00	1.66
264.71	0.00	2.78
500.00	0.00	0.66
837.21	0.00	2.17
264.71	0.00	1.74
500.00	0.00	0.65
835.44	0.21	1.75
264.71	0.00	2.18
500.00	0.00	1.15
837.21	0.00	2.22
264.01	0.26	2.30
500.00	0.00	1.94
837.21	0.00	0.56
264.47	0.09	1.85
500.00	0.00	1.00
836.32	0.11	1.60
264.71	0.00	1.24
500.00	0.00	1.46
837.21	0.00	2.10
264.71	0.00	2.22
499.47	0.11	3.02
837.21	0.00	2.09
264.71	0.00	2.79
500.00	0.00	2.29
837.21	0.00	1.07
264.71	0.00	1.66
500.00	0.00	1.67
837.21	0.00	2.60
264.71	0.00	1.94
500.00	0.00	1.52
837.21	0.00	1.50
264.71	0.00	2.39
500.00	0.00	0.85
836.45	0.09	3.47
264.33	0.14	0.73
500.00	0.00	1.25
837.21	0.00	2.87
264.33	0.14	1.75
500.00	0.00	2.71
837.21	0.00	0.55
264.71	0.00	2.24
500.00	0.00	1.00
837.21	0.00	2.14
264.71	0.00	2.86
500.00	0.00	0.57
837.21	0.00	1.01
264.71	0.00	1.69
500.00	0.00	0.62
837.21	0.00	2.11
264.71	0.00	1.12
500.00	0.00	1.10
837.21	0.00	1.00
264.33	0.14	1.66
500.00	0.00	2.34
836.45	0.09	2.65
264.71	0.00	2.00
499.55	0.09	1.87
837.21	0.00	2.14
264.43	0.11	2.61
500.00	0.00	1.15
837.21	0.00	0.53
264.71	0.00	1.48
500.00	0.00	1.38
837.21	0.00	1.04
264.71	0.00	1.90
500.00	0.00	2.24
837.21	0.00	2.76
264.47	0.09	3.75
500.00	0.00	1.15
837.21	0.00	1.05
264.43	0.11	3.04
500.00	0.00	2.81
837.21	0.00	2.18
264.33	0.14	3.06
500.00	0.00	2.24
837.21	0.00	2.23
264.71	0.00	3.35
500.00	0.00	3.73
835.44	0.21	4.06
264.71	0.00	4.37
500.00	0.00	3.13
837.21	0.00	4.57
264.71	0.00	3.69
499.47	0.11	1.84
836.03	0.14	0.71
264.71	0.00	2.58
500.00	0.00	1.10
836.03	0.14	1.31
264.71	0.00	3.08
499.47	0.11	1.40
837.21	0.00	2.34
264.71	0.00	3.03
500.00	0.00	0.73
837.21	0.00	2.00
264.71	0.00	0.80
500.00	0.00	1.27
837.21	0.00	2.50
264.71	0.00	2.36
500.00	0.00	2.46
837.21	0.00	3.01
264.71	0.00	2.05
500.00	0.00	0.64
837.21	0.00	1.47
264.71	0.00	1.05
500.00	0.00	0.69
837.21	0.00	0.98
264.71	0.00	2.63
500.00	0.00	1.08
837.21	0.00	2.49
264.71	0.00	1.62
500.00	0.00	1.77
837.21	0.00	1.89
264.71	0.00	1.95
499.30	0.14	1.16
837.21	0.00	2.95
264.71	0.00	2.53
500.00	0.00	1.38
837.21	0.00	1.42
264.71	0.00	2.57
500.00	0.00	2.24
837.21	0.00	2.17
264.71	0.00	1.18
500.00	0.00	2.77
837.21	0.00	1.08
264.71	0.00	1.65
500.00	0.00	3.19
837.21	0.00	3.38
264.71	0.00	2.21
500.00	0.00	1.84
837.21	0.00	2.06
264.71	0.00	2.28
500.00	0.00	2.26
837.21	0.00	2.69
264.71	0.00	2.85
500.00	0.00	3.48
837.21	0.00	1.05
264.71	0.00	1.07
500.00	0.00	0.53
837.21	0.00	0.54
264.71	0.00	0.99
500.00	0.00	1.97
837.21	0.00	1.49
264.71	0.00	2.01
500.00	0.00	1.47
837.21	0.00	1.03
264.19	0.20	3.02
500.00	0.00	0.71
837.21	0.00	1.56
264.71	0.00	1.91
500.00	0.00	1.17
837.21	0.00	3.08
264.71	0.00	1.35
500.00	0.00	3.05
837.21	0.00	2.56
264.71	0.00	2.10
500.00	0.00	3.26
837.21	0.00	1.81
264.71	0.00	3.61
499.47	0.11	1.28
837.21	0.00	3.28
264.71	0.00	1.64
499.47	0.11	1.85
837.21	0.00	2.68
264.71	0.00	1.72
500.00	0.00	1.59
837.21	0.00	1.61
264.43	0.11	1.11
500.00	0.00	1.03
837.21	0.00	2.01
264.71	0.00	1.14
500.00	0.00	2.00
836.45	0.09	1.09
264.43	0.11	1.74
500.00	0.00	1.66
837.21	0.00	0.56
264.71	0.00	2.22
500.00	0.00	2.18
837.21	0.00	1.62
264.23	0.18	3.68
500.00	0.00	0.63
837.21	0.00	2.63
264.71	0.00	2.57
500.00	0.00	2.35
837.21	0.00	0.71
264.71	0.00	1.28
500.00	0.00	4.24
837.21	0.00	2.34
264.71	0.00	3.23
498.94	0.21	3.79
837.21	0.00	2.86
264.71	0.00	0.71
500.00	0.00	1.98
837.21	0.00	0.58
264.47	0.09	2.27
500.00	0.00	2.50
836.32	0.11	1.15
264.71	0.00	1.52
500.00	0.00	2.95
837.21	0.00	2.36
264.71	0.00	2.42
500.00	0.00	2.40
837.21	0.00	2.08
264.71	0.00	3.00
500.00	0.00	0.82
836.32	0.11	2.68
264.71	0.00	1.70
499.00	0.20	2.79
836.32	0.11	3.20
264.33	0.14	1.74
500.00	0.00	2.25
837.21	0.00	1.57
264.43	0.11	0.70
500.00	0.00	0.62
837.21	0.00	0.99
264.71	0.00	1.95
500.00	0.00	1.07
837.21	0.00	2.01
264.71	0.00	1.82
500.00	0.00	1.82
837.21	0.00	1.94
264.33	0.14	1.24
500.00	0.00	0.48
837.21	0.00	2.39
264.71	0.00	0.57
500.00	0.00	2.17
837.21	0.00	1.44
264.71	0.00	3.10
500.00	0.00	1.95
837.21	0.00	1.67
264.71	0.00	1.12
499.20	0.16	0.83
837.21	0.00	2.74
264.71	0.00	1.64
500.00	0.00	3.17
836.03	0.14	2.21
264.71	0.00	0.62
499.30	0.14	0.74
837.21	0.00	0.57
264.71	0.00	1.08
500.00	0.00	2.81
837.21	0.00	2.20
264.71	0.00	2.55
500.00	0.00	2.26
837.21	0.00	1.70
264.71	0.00	2.07
500.00	0.00	3.63
837.21	0.00	2.16
264.71	0.00	3.00
500.00	0.00	3.11
836.45	0.09	2.78
264.71	0.00	3.08
499.39	0.12	1.80
835.15	0.25	2.59
264.71	0.00	2.01
500.00	0.00	1.10
837.21	0.00	1.03
264.71	0.00	0.95
500.00	0.00	0.58
837.21	0.00	0.99
264.71	0.00	1.46
500.00	0.00	1.05
837.21	0.00	1.47
264.33	0.14	2.32
500.00	0.00	2.18
837.21	0.00	1.57
264.71	0.00	2.83
499.02	0.20	1.93
837.21	0.00	0.62
264.38	0.12	1.70
500.00	0.00	2.66
837.21	0.00	1.04
264.71	0.00	1.82
500.00	0.00	0.69
835.11	0.25	2.16
264.71	0.00	1.12
500.00	0.00	1.22
837.21	0.00	1.66
264.71	0.00	2.35
500.00	0.00	2.31
837.21	0.00	2.80
264.38	0.12	0.61
500.00	0.00	0.53
837.21	0.00	0.49
264.38	0.12	0.69
499.20	0.16	0.69
837.21	0.00	0.49
264.28	0.16	1.26
500.00	0.00	1.14
837.21	0.00	1.42
264.43	0.11	3.70
499.30	0.14	2.52
837.21	0.00	2.10
264.71	0.00	2.71
500.00	0.00	1.48
836.19	0.12	2.87
264.43	0.11	4.67
500.00	0.00	3.36
837.21	0.00	3.21
264.71	0.00	1.82
499.39	0.12	2.23
837.21	0.00	1.68
264.71	0.00	2.39
500.00	0.00	1.09
837.21	0.00	2.17
264.71	0.00	0.80
499.55	0.09	2.86
837.21	0.00	1.46
264.71	0.00	1.94
500.00	0.00	2.13
837.21	0.00	0.65
264.14	0.21	2.50
500.00	0.00	1.00
837.21	0.00	1.74
264.05	0.25	3.08
498.94	0.21	2.85
837.21	0.00	0.66
264.71	0.00	1.30
500.00	0.00	1.61
836.03	0.14	0.74
264.43	0.11	3.05
500.00	0.00	2.20
837.21	0.00	1.32
264.71	0.00	3.56
500.00	0.00	2.81
837.21	0.00	1.84
264.71	0.00	1.81
500.00	0.00	2.15
837.21	0.00	1.77
264.71	0.00	1.94
498.77	0.25	3.33
837.21	0.00	1.14
264.47	0.09	2.63
500.00	0.00	2.72
837.21	0.00	1.91
264.71	0.00	3.69
500.00	0.00	3.79
837.21	0.00	3.45
264.71	0.00	3.85
500.00	0.00	2.40
835.57	0.20	2.43
264.71	0.00	4.78
500.00	0.00	1.22
837.21	0.00	2.98
264.71	0.00	2.40
499.39	0.12	2.07
837.21	0.00	3.16
264.71	0.00	1.24
500.00	0.00	2.43
837.21	0.00	1.01
264.71	0.00	1.73
500.00	0.00	1.24
837.21	0.00	2.54
264.15	0.21	3.48
499.02	0.20	3.65
835.11	0.25	2.09
264.71	0.00	3.97
500.00	0.00	2.83
837.21	0.00	2.57
264.71	0.00	2.99
500.00	0.00	1.64
837.21	0.00	1.56
264.71	0.00	1.55
500.00	0.00	1.62
837.21	0.00	1.67
264.71	0.00	0.98
498.50	0.30	1.49
837.21	0.00	2.08
264.15	0.21	3.12
500.00	0.00	2.87
837.21	0.00	0.55
264.19	0.20	2.34
498.77	0.25	2.27
837.21	0.00	0.63
264.71	0.00	2.88
499.47	0.11	1.80
836.03	0.14	1.20
264.71	0.00	2.23
500.00	0.00	1.11
837.21	0.00	2.25
264.47	0.09	3.87
500.00	0.00	2.44
837.21	0.00	2.04
264.71	0.00	2.75
500.00	0.00	1.16
837.21	0.00	2.54
264.71	0.00	3.33
500.00	0.00	0.60
837.21	0.00	1.54
264.71	0.00	3.42
500.00	0.00	1.53
837.21	0.00	2.23
264.71	0.00	3.82
499.47	0.11	2.56
836.32	0.11	1.20
264.71	0.00	1.29
500.00	0.00	3.06
837.21	0.00	3.55
264.71	0.00	1.72
500.00	0.00	2.19
836.03	0.14	0.73
264.71	0.00	0.61
500.00	0.00	2.60
836.45	0.09	1.93
264.19	0.20	3.22
499.39	0.12	1.53
837.21	0.00	1.20
264.71	0.00	2.18
500.00	0.00	1.31
835.57	0.20	1.79
264.71	0.00	2.73
499.30	0.14	1.17
837.21	0.00	0.53
264.43	0.11	1.62
500.00	0.00	1.84
837.21	0.00	1.14
264.19	0.20	2.58
500.00	0.00	2.01
837.21	0.00	1.77
264.33	0.14	1.32
500.00	0.00	2.51
837.21	0.00	1.13
264.71	0.00	1.83
500.00	0.00	3.01
835.87	0.16	1.27
264.15	0.21	2.37
499.47	0.11	1.90
837.21	0.00	1.54
264.71	0.00	2.86
499.47	0.11	0.76
837.21	0.00	2.63
264.71	0.00	3.34
500.00	0.00	2.39
837.21	0.00	2.04
264.43	0.11	2.13
500.00	0.00	1.89
837.21	0.00	1.65
264.71	0.00	2.52
498.94	0.21	2.62
837.21	0.00	2.13
264.71	0.00	3.08
500.00	0.00	1.68
837.21	0.00	3.29
264.71	0.00	1.72
500.00	0.00	1.67
837.21	0.00	1.52
264.71	0.00	2.24
500.00	0.00	2.10
837.21	0.00	2.05
264.71	0.00	1.14
499.55	0.09	2.22
837.21	0.00	1.47
264.71	0.00	2.16
500.00	0.00	2.84
837.21	0.00	1.69
264.71	0.00	2.75
500.00	0.00	3.27
837.21	0.00	0.59
264.43	0.11	3.30
500.00	0.00	1.14
837.21	0.00	2.20
264.43	0.11	0.65
500.00	0.00	2.62
837.21	0.00	1.09
264.71	0.00	2.24
500.00	0.00	3.01
837.21	0.00	0.45
264.71	0.00	2.38
500.00	0.00	1.05
836.45	0.09	1.90
264.71	0.00	2.90
500.00	0.00	1.61
837.21	0.00	1.11
264.71	0.00	2.59
500.00	0.00	1.71
837.21	0.00	1.56
264.47	0.09	3.32
500.00	0.00	2.08
837.21	0.00	2.65
264.71	0.00	3.15
500.00	0.00	2.58
837.21	0.00	3.24
264.71	0.00	2.24
500.00	0.00	3.72
836.56	0.08	4.11
264.71	0.00	2.81
500.00	0.00	1.75
837.21	0.00	3.49
264.71	0.00	2.93
500.00	0.00	1.98
837.21	0.00	2.14
264.71	0.00	3.31
500.00	0.00	0.61
834.70	0.30	2.79
264.71	0.00	2.22
500.00	0.00	2.57
837.21	0.00	3.24
264.71	0.00	1.26
500.00	0.00	2.17
835.68	0.18	2.87
264.71	0.00	2.01
500.00	0.00	2.70
837.21	0.00	0.56
264.71	0.00	1.30
500.00	0.00	1.57
837.21	0.00	2.23
264.71	0.00	0.50
500.00	0.00	1.70
837.21	0.00	1.96
264.71	0.00	2.31
500.00	0.00	1.11
837.21	0.00	1.00
264.33	0.14	1.83
500.00	0.00	1.11
837.21	0.00	2.97
264.71	0.00	1.36
500.00	0.00	1.96
837.21	0.00	2.09
264.71	0.00	3.52
500.00	0.00	1.07
837.21	0.00	1.04
264.71	0.00	3.03
500.00	0.00	3.13
837.21	0.00	2.61
264.71	0.00	3.05
499.47	0.11	2.44
836.32	0.11	2.70
264.71	0.00	1.13
499.47	0.11	1.97
837.21	0.00	0.58
264.71	0.00	1.59
499.02	0.20	2.66
837.21	0.00	3.20
264.71	0.00	3.08
500.00	0.00	1.93
837.21	0.00	0.57
264.47	0.09	3.56
500.00	0.00	1.13
837.21	0.00	2.65
264.33	0.14	1.30
500.00	0.00	2.37
837.21	0.00	2.78
264.71	0.00	2.04
500.00	0.00	1.96
837.21	0.00	1.60
264.71	0.00	1.07
500.00	0.00	1.01
837.21	0.00	1.02
264.71	0.00	2.55
500.00	0.00	3.13
837.21	0.00	1.75
264.50	0.08	3.71
500.00	0.00	1.60
837.21	0.00	3.08
264.71	0.00	2.89
500.00	0.00	1.93
837.21	0.00	2.53
264.71	0.00	3.10
499.47	0.11	1.30
837.21	0.00	1.50
264.71	0.00	2.29
499.55	0.09	2.04
836.03	0.14	1.93
264.71	0.00	3.80
500.00	0.00	2.40
837.21	0.00	1.24
264.71	0.00	1.66
500.00	0.00	2.79
835.01	0.26	2.54
264.71	0.00	2.05
500.00	0.00	2.72
837.21	0.00	2.01
264.71	0.00	1.26
499.55	0.09	2.13
837.21	0.00	2.55
264.71	0.00	2.46
499.30	0.14	1.48
837.21	0.00	2.99
264.71	0.00	2.53
500.00	0.00	2.61
837.21	0.00	3.30
264.10	0.23	3.36
500.00	0.00	1.19
837.21	0.00	2.63
264.47	0.09	3.81
499.55	0.09	3.13
837.21	0.00	1.59
264.71	0.00	2.05
499.39	0.12	0.81
837.21	0.00	1.67
264.71	0.00	2.57
500.00	0.00	2.31
836.19	0.12	1.81
264.50	0.08	4.78
500.00	0.00	2.86
837.21	0.00	2.34
264.71	0.00	0.82
499.30	0.14	0.83
836.32	0.11	2.79
264.33	0.14	2.54
500.00	0.00	2.13
837.21	0.00	1.02
264.71	0.00	3.12
500.00	0.00	1.28
837.21	0.00	2.56
264.71	0.00	1.71
500.00	0.00	2.02
837.21	0.00	3.22
264.05	0.25	2.25
499.47	0.11	2.32
837.21	0.00	2.09
264.71	0.00	2.84
499.55	0.09	1.34
836.32	0.11	2.67
264.71	0.00	1.27
500.00	0.00	1.10
837.21	0.00	1.55
264.71	0.00	2.13
500.00	0.00	1.67
837.21	0.00	1.06
264.71	0.00	2.74
500.00	0.00	2.26
837.21	0.00	2.05
264.43	0.11	1.66
500.00	0.00	1.81
837.21	0.00	0.52
264.71	0.00	3.86
500.00	0.00	2.36
837.21	0.00	2.84
264.71	0.00	4.35
500.00	0.00	3.66
837.21	0.00	3.35
264.47	0.09	2.10
500.00	0.00	0.60
836.32	0.11	0.60
264.33	0.14	0.76
499.55	0.09	0.71
837.21	0.00	2.21
264.47	0.09	3.22
500.00	0.00	2.35
836.45	0.09	1.74
264.71	0.00	0.73
500.00	0.00	0.71
837.21	0.00	3.51
264.71	0.00	1.19
500.00	0.00	2.36
837.21	0.00	3.03
264.71	0.00	1.71
500.00	0.00	1.66
837.21	0.00	3.14
264.33	0.14	2.32
500.00	0.00	1.68
837.21	0.00	1.59
264.43	0.11	2.83
499.61	0.08	1.09
837.21	0.00	1.05
264.43	0.11	1.80
500.00	0.00	1.55
837.21	0.00	0.61
264.28	0.16	2.37
500.00	0.00	2.28
837.21	0.00	2.03
264.47	0.09	2.95
500.00	0.00	2.85
837.21	0.00	2.55
264.71	0.00	1.71
500.00	0.00	1.69
837.21	0.00	3.05
264.71	0.00	1.73
500.00	0.00	2.06
836.45	0.09	0.75
264.71	0.00	0.69
500.00	0.00	1.01
837.21	0.00	1.75
264.71	0.00	1.19
500.00	0.00	2.54
837.21	0.00	1.56
264.71	0.00	1.80
500.00	0.00	2.01
836.03	0.14	0.77
264.71	0.00	0.64
500.00	0.00	3.41
834.68	0.30	2.78
264.71	0.00	2.61
500.00	0.00	1.46
836.03	0.14	0.77
264.43	0.11	2.11
500.00	0.00	0.71
837.21	0.00	1.13
264.71	0.00	2.58
500.00	0.00	0.60
837.21	0.00	2.05
264.71	0.00	3.75
500.00	0.00	1.19
837.21	0.00	2.46
264.71	0.00	2.19
500.00	0.00	4.05
837.21	0.00	2.33
264.71	0.00	2.61
499.61	0.08	2.98
837.21	0.00	2.88
264.71	0.00	4.08
500.00	0.00	3.65
836.45	0.09	1.70
264.33	0.14	2.51
500.00	0.00	2.40
837.21	0.00	2.21
264.71	0.00	2.99
500.00	0.00	1.25
836.56	0.08	2.78
264.43	0.11	3.64
500.00	0.00	2.97
837.21	0.00	2.84
264.71	0.00	1.26
500.00	0.00	1.73
837.21	0.00	2.12
264.71	0.00	0.76
500.00	0.00	1.44
836.45	0.09	1.10
263.96	0.28	2.28
499.47	0.11	2.43
837.21	0.00	2.63
264.71	0.00	3.15
500.00	0.00	1.78
836.32	0.11	0.63
264.71	0.00	0.99
499.39	0.12	1.17
836.56	0.08	1.71
264.43	0.11	2.61
500.00	0.00	1.62
837.21	0.00	1.16
264.71	0.00	0.76
500.00	0.00	3.12
835.30	0.23	2.34
264.71	0.00	2.62
500.00	0.00	0.63
837.21	0.00	1.17
264.71	0.00	3.00
499.30	0.14	2.56
837.21	0.00	2.89
264.71	0.00	1.88
500.00	0.00	2.08
837.21	0.00	2.01
264.71	0.00	3.56
500.00	0.00	2.57
837.21	0.00	2.49
264.05	0.25	2.84
500.00	0.00	1.54
837.21	0.00	1.50
264.33	0.14	1.94
500.00	0.00	1.80
837.21	0.00	1.65
264.71	0.00	0.68
499.30	0.14	2.31
837.21	0.00	2.77
264.71	0.00	2.45
500.00	0.00	1.14
835.44	0.21	2.28
264.71	0.00	1.77
500.00	0.00	1.69
837.21	0.00	1.73
264.33	0.14	0.99
500.00	0.00	3.21
836.03	0.14	2.20
264.71	0.00	2.88
500.00	0.00	3.80
837.21	0.00	1.59
264.71	0.00	1.75
500.00	0.00	0.53
836.19	0.12	0.71
264.47	0.09	3.36
500.00	0.00	2.08
837.21	0.00	0.50
264.71	0.00	2.75
500.00	0.00	1.47
836.03	0.14	1.86
264.43	0.11	2.02
500.00	0.00	0.75
837.21	0.00	2.00
264.71	0.00	1.13
500.00	0.00	1.10
837.21	0.00	2.43
264.71	0.00	1.17
500.00	0.00	2.96
837.21	0.00	1.56
264.71	0.00	2.32
500.00	0.00	1.92
837.21	0.00	2.21
264.71	0.00	2.95
499.09	0.18	2.60
837.21	0.00	1.13
264.71	0.00	3.50
500.00	0.00	3.98
837.21	0.00	2.36
264.33	0.14	1.93
500.00	0.00	1.76
837.21	0.00	1.63
264.71	0.00	1.16
499.55	0.09	2.27
837.21	0.00	2.12
264.71	0.00	1.24
500.00	0.00	2.73
837.21	0.00	2.07
264.33	0.14	2.07
500.00	0.00	2.11
836.32	0.11	0.77
264.71	0.00	2.61
500.00	0.00	2.64
837.21	0.00	1.88
264.71	0.00	2.72
500.00	0.00	3.17
837.21	0.00	2.99
264.71	0.00	2.10
499.47	0.11	0.69
837.21	0.00	0.60
264.71	0.00	1.11
500.00	0.00	1.13
837.21	0.00	1.02
264.71	0.00	1.56
500.00	0.00	2.34
836.32	0.11	1.58
264.71	0.00	1.66
500.00	0.00	2.87
837.21	0.00	0.60
264.71	0.00	0.80
500.00	0.00	2.89
836.03	0.14	1.17
264.71	0.00	1.15
498.91	0.22	2.33
837.21	0.00	2.22
264.71	0.00	1.94
500.00	0.00	1.47
837.21	0.00	2.08
264.43	0.11	2.37
500.00	0.00	2.29
837.21	0.00	2.57
264.71	0.00	1.26
500.00	0.00	3.61
837.21	0.00	1.52
264.71	0.00	2.09
500.00	0.00	1.16
837.21	0.00	1.56
264.71	0.00	2.27
500.00	0.00	2.71
837.21	0.00	1.02
264.71	0.00	1.55
500.00	0.00	3.18
837.21	0.00	1.82
264.71	0.00	3.19
500.00	0.00	1.77
837.21	0.00	2.69
264.43	0.11	1.29
500.00	0.00	3.22
837.21	0.00	2.08
264.71	0.00	2.62
500.00	0.00	2.66
836.19	0.12	1.12
264.71	0.00	4.41
499.30	0.14	0.98
837.21	0.00	2.11
264.43	0.11	3.19
500.00	0.00	2.91
837.21	0.00	2.66
264.71	0.00	5.19
499.02	0.20	3.82
837.21	0.00	3.92
264.33	0.14	0.84
500.00	0.00	2.11
837.21	0.00	2.83
264.47	0.09	1.99
500.00	0.00	3.85
837.21	0.00	3.38
264.71	0.00	0.67
500.00	0.00	4.39
837.21	0.00	1.05
264.71	0.00	3.53
500.00	0.00	1.82
837.21	0.00	2.02
264.71	0.00	4.02
500.00	0.00	3.08
836.32	0.11	2.62
264.71	0.00	2.84
500.00	0.00	0.82
837.21	0.00	3.09
264.71	0.00	1.90
500.00	0.00	2.19
837.21	0.00	2.77
264.71	0.00	0.77
500.00	0.00	3.47
837.21	0.00	1.06
264.71	0.00	2.53
500.00	0.00	1.58
836.19	0.12	2.30
264.71	0.00	2.06
500.00	0.00	1.76
837.21	0.00	0.56
264.10	0.23	2.68
498.86	0.23	2.51
836.03	0.14	1.13
264.71	0.00	1.60
500.00	0.00	1.67
837.21	0.00	2.27
264.71	0.00	3.12
499.30	0.14	0.73
837.21	0.00	0.57
264.71	0.00	0.95
500.00	0.00	1.18
837.21	0.00	1.03
264.71	0.00	2.76
500.00	0.00	1.81
837.21	0.00	0.57
264.71	0.00	1.98
500.00	0.00	2.33
835.69	0.18	3.29
264.71	0.00	1.21
500.00	0.00	1.20
837.21	0.00	2.57
264.14	0.21	2.75
500.00	0.00	1.68
837.21	0.00	1.47
264.71	0.00	5.14
500.00	0.00	1.97
837.21	0.00	2.67
264.71	0.00	4.69
500.00	0.00	1.27
837.21	0.00	2.99
263.91	0.30	3.97
500.00	0.00	2.52
837.21	0.00	3.06
264.71	0.00	2.80
500.00	0.00	1.61
837.21	0.00	2.01
264.71	0.00	1.01
500.00	0.00	0.97
837.21	0.00	1.04
263.82	0.34	3.07
499.55	0.09	2.18
837.21	0.00	2.52
264.71	0.00	1.30
500.00	0.00	1.52
837.21	0.00	0.53
264.43	0.11	1.85
500.00	0.00	2.05
837.21	0.00	0.99
264.71	0.00	2.37
500.00	0.00	1.04
837.21	0.00	1.99
264.71	0.00	1.74
500.00	0.00	0.64
837.21	0.00	1.51
264.71	0.00	0.65
500.00	0.00	1.86
837.21	0.00	2.97
264.71	0.00	2.24
499.30	0.14	1.28
837.21	0.00	2.44
264.71	0.00	2.09
500.00	0.00	1.99
837.21	0.00	0.57
264.71	0.00	1.03
500.00	0.00	2.49
837.21	0.00	1.03
264.71	0.00	1.54
500.00	0.00	2.95
837.21	0.00	2.52
264.71	0.00	2.09
500.00	0.00	1.30
836.03	0.14	1.58
264.71	0.00	2.32
500.00	0.00	2.09
837.21	0.00	2.04
264.71	0.00	2.70
500.00	0.00	2.58
837.21	0.00	1.00
264.71	0.00	2.14
499.47	0.11	2.35
837.21	0.00	2.82
264.71	0.00	3.54
499.47	0.11	2.95
836.45	0.09	3.47
264.71	0.00	1.44
500.00	0.00	3.44
837.21	0.00	2.91
264.71	0.00	1.76
500.00	0.00	1.29
837.21	0.00	2.11
264.71	0.00	1.05
500.00	0.00	0.65
836.03	0.14	1.10
264.71	0.00	2.30
500.00	0.00	1.76
837.21	0.00	1.55
264.71	0.00	1.68
499.30	0.14	0.67
837.21	0.00	0.50
264.71	0.00	2.05
500.00	0.00	2.20
837.21	0.00	0.97
264.71	0.00	3.32
500.00	0.00	1.60
837.21	0.00	1.74
264.71	0.00	1.98
500.00	0.00	1.95
837.21	0.00	1.64
264.15	0.21	3.66
499.09	0.18	3.41
836.03	0.14	2.61
264.71	0.00	1.28
500.00	0.00	1.24
837.21	0.00	3.25
264.71	0.00	2.38
500.00	0.00	1.56
837.21	0.00	3.16
264.71	0.00	2.95
500.00	0.00	2.39
837.21	0.00	1.02
264.71	0.00	1.74
500.00	0.00	2.93
837.21	0.00	3.66
264.71	0.00	2.61
498.60	0.28	2.61
837.21	0.00	2.09
263.91	0.30	1.86
500.00	0.00	1.30
837.21	0.00	2.60
264.71	0.00	3.58
500.00	0.00	3.14
837.21	0.00	3.10
264.71	0.00	2.18
500.00	0.00	2.10
837.21	0.00	0.62
264.71	0.00	2.77
500.00	0.00	1.10
837.21	0.00	2.12
264.38	0.12	3.35
500.00	0.00	1.59
836.03	0.14	1.64
264.71	0.00	2.08
500.00	0.00	2.89
837.21	0.00	2.17
264.71	0.00	1.09
500.00	0.00	2.19
837.21	0.00	2.74
264.71	0.00	2.74
500.00	0.00	1.28
836.03	0.14	1.68
264.71	0.00	2.17
500.00	0.00	1.63
837.21	0.00	1.58
264.71	0.00	3.19
500.00	0.00	3.26
837.21	0.00	2.07
264.71	0.00	2.71
498.77	0.25	2.29
837.21	0.00	2.08
264.71	0.00	1.85
500.00	0.00	2.55
837.21	0.00	1.72
264.71	0.00	3.58
499.55	0.09	1.98
837.21	0.00	0.69
264.43	0.11	2.96
499.55	0.09	2.96
837.21	0.00	2.25
264.71	0.00	2.32
500.00	0.00	1.33
836.32	0.11	1.74
264.19	0.20	3.76
500.00	0.00	1.39
837.21	0.00	2.80
264.47	0.09	1.72
500.00	0.00	0.73
835.87	0.16	1.13
264.71	0.00	3.51
500.00	0.00	2.85
837.21	0.00	2.19
264.71	0.00	2.91
500.00	0.00	3.58
837.21	0.00	3.43
264.71	0.00	1.68
499.47	0.11	3.42
837.21	0.00	1.58
264.71	0.00	1.86
500.00	0.00	2.35
836.32	0.11	0.68
264.71	0.00	1.93
500.00	0.00	0.60
837.21	0.00	2.15
264.28	0.16	1.29
499.55	0.09	3.02
837.21	0.00	2.63
264.19	0.20	2.20
500.00	0.00	1.70
837.21	0.00	0.63
264.38	0.12	2.82
500.00	0.00	0.57
837.21	0.00	1.08
264.71	0.00	3.42
500.00	0.00	2.27
836.45	0.09	1.63
264.71	0.00	2.97
500.00	0.00	1.79
836.03	0.14	2.08
264.71	0.00	2.31
500.00	0.00	0.64
837.21	0.00	2.57
264.71	0.00	1.56
500.00	0.00	1.24
837.21	0.00	1.45
264.43	0.11	2.35
500.00	0.00	1.85
837.21	0.00	2.11
264.71	0.00	2.97
500.00	0.00	1.18
837.21	0.00	2.60
264.71	0.00	1.65
500.00	0.00	1.67
835.87	0.16	1.62
264.71	0.00	3.77
500.00	0.00	3.89
837.21	0.00	0.80
264.33	0.14	3.02
500.00	0.00	2.97
837.21	0.00	2.38
264.71	0.00	3.58
500.00	0.00	3.19
837.21	0.00	3.03
264.71	0.00	2.40
499.30	0.14	2.18
837.21	0.00	1.78
264.71	0.00	2.93
499.30	0.14	1.22
837.21	0.00	1.13
264.71	0.00	2.48
499.02	0.20	3.78
834.86	0.28	2.33
263.86	0.32	2.92
500.00	0.00	0.62
837.21	0.00	0.52
264.71	0.00	3.50
500.00	0.00	1.25
836.45	0.09	2.08
264.71	0.00	2.25
500.00	0.00	0.60
837.21	0.00	1.53
264.71	0.00	1.64
500.00	0.00	1.69
837.21	0.00	1.12
264.71	0.00	2.23
499.47	0.11	2.39
837.21	0.00	1.17
264.71	0.00	3.12
499.47	0.11	1.60
837.21	0.00	2.34
264.71	0.00	1.66
500.00	0.00	1.69
837.21	0.00	1.65
264.71	0.00	1.10
500.00	0.00	1.05
836.03	0.14	1.12
264.47	0.09	2.33
499.39	0.12	1.23
837.21	0.00	2.67
264.71	0.00	2.35
499.47	0.11	2.38
836.19	0.12	0.75
264.05	0.25	3.02
500.00	0.00	2.50
837.21	0.00	2.34
264.71	0.00	1.76
500.00	0.00	3.10
837.21	0.00	2.96
264.47	0.09	3.49
499.09	0.18	3.40
837.21	0.00	2.11
264.43	0.11	4.17
500.00	0.00	3.28
836.45	0.09	3.52
264.71	0.00	1.36
499.39	0.12	1.36
837.21	0.00	3.20
264.10	0.23	2.52
500.00	0.00	1.89
837.21	0.00	0.52
264.71	0.00	1.28
500.00	0.00	2.91
834.42	0.33	3.01
264.43	0.11	3.30
500.00	0.00	1.23
837.21	0.00	1.56
264.71	0.00	1.89
500.00	0.00	1.76
837.21	0.00	2.07
264.71	0.00	1.82
499.47	0.11	1.24
836.32	0.11	1.10
264.71	0.00	2.39
499.30	0.14	0.89
837.21	0.00	1.55
264.71	0.00	2.77
500.00	0.00	1.80
837.21	0.00	2.17
264.71	0.00	0.84
500.00	0.00	1.86
836.32	0.11	1.70
264.38	0.12	1.46
500.00	0.00	3.08
837.21	0.00	2.68
264.71	0.00	3.38
500.00	0.00	1.82
837.21	0.00	1.54
264.28	0.16	1.13
499.47	0.11	0.78
837.21	0.00	1.00
264.71	0.00	2.72
500.00	0.00	2.22
837.21	0.00	2.63
264.71	0.00	2.32
500.00	0.00	1.76
837.21	0.00	2.03
264.71	0.00	0.93
499.61	0.08	0.74
836.45	0.09	1.07
264.71	0.00	2.67
500.00	0.00	1.25
837.21	0.00	1.52
264.47	0.09	1.88
500.00	0.00	2.26
837.21	0.00	3.06
264.71	0.00	2.63
500.00	0.00	1.27
837.21	0.00	2.48
264.71	0.00	4.05
500.00	0.00	1.66
837.21	0.00	1.47
264.43	0.11	2.22
500.00	0.00	3.32
837.21	0.00	1.32
264.71	0.00	2.74
499.47	0.11	1.29
836.32	0.11	2.29
263.96	0.28	3.38
500.00	0.00	1.76
837.21	0.00	3.50
264.43	0.11	2.42
500.00	0.00	3.16
837.21	0.00	2.21
264.50	0.08	3.15
500.00	0.00	1.21
837.21	0.00	3.38
264.71	0.00	1.79
499.47	0.11	2.60
836.19	0.12	1.63
264.71	0.00	2.20
500.00	0.00	3.36
837.21	0.00	3.58
264.71	0.00	1.26
500.00	0.00	1.26
837.21	0.00	2.54
264.71	0.00	2.85
499.47	0.11	1.85
837.21	0.00	3.03
264.71	0.00	1.99
500.00	0.00	2.88
836.32	0.11	0.72
264.19	0.20	2.71
500.00	0.00	2.28
837.21	0.00	3.37
264.71	0.00	3.43
500.00	0.00	1.33
837.21	0.00	2.78
264.71	0.00	0.62
500.00	0.00	1.55
837.21	0.00	0.55
264.71	0.00	1.13
500.00	0.00	2.10
837.21	0.00	1.01
264.71	0.00	1.59
500.00	0.00	2.68
837.21	0.00	2.08
264.43	0.11	3.18
499.55	0.09	3.21
837.21	0.00	2.07
264.71	0.00	2.24
500.00	0.00	0.79
837.21	0.00	3.63
264.33	0.14	1.48
500.00	0.00	2.60
837.21	0.00	3.05
264.71	0.00	2.76
499.55	0.09	1.43
837.21	0.00	1.56
264.71	0.00	0.61
499.30	0.14	1.31
837.21	0.00	2.03
264.71	0.00	2.36
500.00	0.00	2.43
837.21	0.00	0.62
264.71	0.00	2.69
500.00	0.00	2.21
837.21	0.00	0.60
264.38	0.12	2.12
500.00	0.00	1.13
837.21	0.00	2.19
264.71	0.00	3.02
500.00	0.00	2.69
836.03	0.14	1.77
264.71	0.00	3.88
500.00	0.00	1.73
837.21	0.00	1.81
264.71	0.00	1.20
500.00	0.00	3.26
837.21	0.00	1.73
264.09	0.23	3.16
500.00	0.00	3.80
837.21	0.00	2.84
264.71	0.00	0.57
498.94	0.21	2.39
836.32	0.11	0.70
263.91	0.30	2.17
500.00	0.00	2.43
836.45	0.09	1.76
264.38	0.12	2.74
499.02	0.20	3.22
837.21	0.00	2.92
264.71	0.00	3.11
500.00	0.00	2.30
837.21	0.00	1.85
264.71	0.00	3.60
499.09	0.18	2.99
836.19	0.12	2.30
264.71	0.00	2.40
500.00	0.00	1.74
836.45	0.09	2.84
264.71	0.00	3.97
500.00	0.00	3.94
837.21	0.00	1.53
264.43	0.11	2.70
499.30	0.14	2.86
834.39	0.34	3.45
264.71	0.00	4.52
500.00	0.00	3.42
837.21	0.00	1.73
264.43	0.11	1.85
500.00	0.00	1.84
836.45	0.09	1.69
264.71	0.00	3.33
500.00	0.00	1.06
836.03	0.14	0.66
264.71	0.00	1.19
500.00	0.00	2.27
837.21	0.00	2.80
264.71	0.00	2.07
500.00	0.00	0.54
837.21	0.00	0.63
264.71	0.00	1.08
499.09	0.18	2.26
837.21	0.00	1.12
264.71	0.00	3.41
500.00	0.00	2.78
837.21	0.00	1.51
264.71	0.00	2.00
500.00	0.00	1.73
837.21	0.00	0.60
264.71	0.00	1.02
500.00	0.00	2.13
837.21	0.00	1.07
264.43	0.11	2.84
500.00	0.00	1.13
837.21	0.00	2.14
264.47	0.09	1.58
500.00	0.00	1.38
837.21	0.00	1.49
264.71	0.00	1.52
500.00	0.00	0.93
837.21	0.00	1.07
264.71	0.00	2.15
500.00	0.00	2.43
837.21	0.00	1.02
264.71	0.00	3.14
499.47	0.11	1.81
835.57	0.20	3.11
264.47	0.09	1.75
500.00	0.00	2.35
836.03	0.14	1.40
264.71	0.00	1.14
500.00	0.00	3.52
837.21	0.00	1.91
264.71	0.00	3.38
500.00	0.00	1.69
836.03	0.14	0.77
264.47	0.09	2.30
500.00	0.00	1.73
837.21	0.00	1.78
264.06	0.24	3.10
500.00	0.00	0.56
837.21	0.00	1.10
264.71	0.00	2.55
500.00	0.00	0.60
837.21	0.00	0.53
264.71	0.00	2.65
499.55	0.09	1.67
837.21	0.00	1.54
264.71	0.00	1.01
500.00	0.00	1.01
837.21	0.00	0.53
264.71	0.00	0.53
500.00	0.00	0.77
837.21	0.00	1.52
264.71	0.00	2.34
500.00	0.00	1.84
837.21	0.00	3.07
264.71	0.00	3.00
500.00	0.00	1.21
837.21	0.00	1.97
264.43	0.11	2.16
500.00	0.00	2.23
837.21	0.00	2.23
264.71	0.00	2.51
500.00	0.00	2.83
837.21	0.00	1.14
264.71	0.00	3.22
500.00	0.00	3.32
836.45	0.09	2.85
264.71	0.00	3.16
499.39	0.12	2.11
836.32	0.11	1.70
264.71	0.00	2.63
500.00	0.00	1.12
837.21	0.00	0.58
264.71	0.00	2.70
500.00	0.00	2.59
837.21	0.00	1.05
264.71	0.00	2.22
500.00	0.00	1.71
837.21	0.00	2.53
264.71	0.00	3.49
500.00	0.00	1.29
837.21	0.00	1.00
264.33	0.14	1.69
500.00	0.00	1.21
837.21	0.00	1.49
264.71	0.00	1.92
500.00	0.00	0.54
837.21	0.00	0.50
264.71	0.00	2.41
500.00	0.00	1.58
837.21	0.00	0.59
264.71	0.00	2.92
500.00	0.00	1.05
837.21	0.00	1.00
264.71	0.00	2.00
499.30	0.14	0.74
837.21	0.00	1.58
264.71	0.00	2.52
499.47	0.11	1.89
836.45	0.09	2.11
264.71	0.00	3.28
500.00	0.00	1.32
837.21	0.00	2.68
264.71	0.00	2.11
500.00	0.00	1.23
837.21	0.00	2.22
264.71	0.00	2.17
500.00	0.00	1.68
836.32	0.11	1.10
264.71	0.00	1.52
500.00	0.00	1.28
837.21	0.00	1.10
264.71	0.00	3.27
500.00	0.00	2.19
837.21	0.00	1.99
264.71	0.00	0.95
500.00	0.00	1.17
837.21	0.00	2.47
264.50	0.08	3.53
500.00	0.00	1.63
837.21	0.00	1.46
264.71	0.00	3.57
500.00	0.00	3.23
835.57	0.20	1.99
264.71	0.00	4.17
500.00	0.00	2.21
837.21	0.00	1.22
264.71	0.00	4.03
500.00	0.00	2.72
837.21	0.00	1.68
264.71	0.00	1.58
499.47	0.11	0.67
837.21	0.00	1.62
264.71	0.00	0.47
500.00	0.00	1.13
837.21	0.00	0.54
264.71	0.00	2.75
500.00	0.00	1.69
836.45	0.09	1.10
264.71	0.00	1.45
500.00	0.00	2.24
837.21	0.00	0.60
264.71	0.00	1.55
500.00	0.00	2.33
836.45	0.09	1.71
264.71	0.00	2.92
499.47	0.11	1.66
837.21	0.00	2.85
264.71	0.00	1.73
500.00	0.00	1.26
837.21	0.00	1.63
264.71	0.00	1.67
500.00	0.00	1.68
837.21	0.00	2.62
264.71	0.00	1.14
500.00	0.00	2.15
836.32	0.11	1.11
264.43	0.11	4.14
500.00	0.00	2.11
837.21	0.00	2.23
264.71	0.00	1.47
500.00	0.00	4.02
837.21	0.00	2.79
264.71	0.00	4.58
500.00	0.00	3.25
837.21	0.00	3.22
264.71	0.00	2.32
500.00	0.00	1.99
837.21	0.00	2.76
264.71	0.00	4.15
499.55	0.09	0.86
837.21	0.00	2.98
264.71	0.00	3.68
500.00	0.00	2.42
837.21	0.00	3.28
264.71	0.00	1.65
500.00	0.00	0.50
837.21	0.00	0.56
264.71	0.00	0.57
500.00	0.00	1.55
837.21	0.00	1.60
264.71	0.00	1.08
500.00	0.00	2.65
837.21	0.00	1.02
264.71	0.00	2.99
500.00	0.00	2.82
837.21	0.00	0.70
264.71	0.00	3.53
500.00	0.00	1.07
837.21	0.00	2.35
264.71	0.00	4.14
500.00	0.00	3.24
837.21	0.00	0.66
264.71	0.00	1.81
500.00	0.00	2.27
837.21	0.00	1.15
264.71	0.00	1.90
500.00	0.00	2.68
834.70	0.30	1.41
264.71	0.00	1.18
499.30	0.14	1.77
835.44	0.21	2.73
264.71	0.00	1.66
500.00	0.00	1.62
837.21	0.00	1.07
264.71	0.00	2.67
499.55	0.09	2.20
837.21	0.00	1.61
264.47	0.09	2.34
500.00	0.00	1.11
837.21	0.00	1.08
264.71	0.00	2.27
500.00	0.00	1.89
837.21	0.00	2.94
264.71	0.00	2.80
500.00	0.00	2.24
836.45	0.09	1.20
264.71	0.00	4.18
500.00	0.00	3.66
837.21	0.00	1.65
264.71	0.00	2.81
500.00	0.00	0.49
837.21	0.00	0.62
264.71	0.00	2.06
500.00	0.00	2.03
837.21	0.00	1.68
264.71	0.00	2.58
500.00	0.00	2.56
837.21	0.00	0.52
264.71	0.00	3.51
500.00	0.00	0.55
837.21	0.00	0.63
264.43	0.11	4.22
499.55	0.09	3.40
837.21	0.00	2.13
264.71	0.00	2.89
500.00	0.00	2.72
837.21	0.00	1.65
264.71	0.00	3.64
500.00	0.00	2.51
837.21	0.00	2.16
264.43	0.11	3.13
499.47	0.11	3.20
836.45	0.09	2.83
264.71	0.00	4.18
500.00	0.00	1.77
837.21	0.00	3.17
264.71	0.00	1.28
500.00	0.00	2.02
834.86	0.28	1.93
264.71	0.00	0.77
500.00	0.00	2.54
836.32	0.11	1.28
264.71	0.00	1.85
500.00	0.00	3.11
837.21	0.00	0.56
264.71	0.00	2.32
500.00	0.00	2.71
836.45	0.09	2.27
264.71	0.00	1.26
500.00	0.00	2.58
837.21	0.00	3.50
264.71	0.00	3.97
500.00	0.00	1.71
836.45	0.09	1.69
264.71	0.00	2.15
500.00	0.00	0.67
837.21	0.00	1.61
264.43	0.11	1.24
500.00	0.00	1.12
837.21	0.00	2.01
264.71	0.00	2.76
500.00	0.00	0.75
836.32	0.11	1.08
264.71	0.00	2.59
498.77	0.25	2.57
837.21	0.00	1.63
264.71	0.00	3.00
500.00	0.00	1.34
837.21	0.00	3.82
264.71	0.00	1.77
499.47	0.11	4.04
837.21	0.00	3.28
264.09	0.23	2.23
499.30	0.14	1.94
836.19	0.12	1.66
264.71	0.00	1.64
499.39	0.12	1.28
834.70	0.30	2.71
264.28	0.16	1.46
500.00	0.00	2.00
837.21	0.00	2.17
264.71	0.00	2.00
500.00	0.00	1.83
837.21	0.00	2.01
264.71	0.00	1.16
500.00	0.00	2.39
837.21	0.00	2.12
264.10	0.23	2.86
500.00	0.00	1.57
837.21	0.00	2.59
264.38	0.12	2.18
500.00	0.00	2.24
837.21	0.00	0.57
264.71	0.00	1.04
500.00	0.00	1.03
837.21	0.00	1.60
264.71	0.00	1.55
500.00	0.00	0.67
837.21	0.00	1.49
264.71	0.00	1.67
500.00	0.00	0.58
837.21	0.00	0.54
264.38	0.12	1.19
499.55	0.09	1.14
836.45	0.09	1.09
264.71	0.00	2.16
500.00	0.00	2.37
837.21	0.00	1.54
264.47	0.09	2.39
500.00	0.00	0.73
837.21	0.00	3.23
264.71	0.00	3.98
500.00	0.00	2.34
837.21	0.00	2.67
264.71	0.00	3.44
500.00	0.00	2.49
837.21	0.00	2.60
264.71	0.00	3.03
500.00	0.00	1.56
837.21	0.00	3.19
264.71	0.00	2.00
500.00	0.00	2.01
835.44	0.21	2.63
264.71	0.00	2.53
500.00	0.00	1.96
837.21	0.00	1.54
264.71	0.00	2.88
499.47	0.11	2.91
836.32	0.11	1.75
264.71	0.00	0.69
500.00	0.00	2.09
837.21	0.00	1.76
264.71	0.00	2.36
499.30	0.14	1.21
837.21	0.00	1.19
264.71	0.00	2.18
498.50	0.30	2.10
836.45	0.09	1.76
264.71	0.00	1.10
499.47	0.11	1.80
837.21	0.00	0.60
264.71	0.00	1.61
500.00	0.00	2.35
835.69	0.18	2.39
264.47	0.09	2.05
500.00	0.00	2.15
837.21	0.00	1.86
264.47	0.09	2.47
500.00	0.00	3.40
836.32	0.11	0.84
264.71	0.00	3.00
500.00	0.00	1.62
835.15	0.25	2.33
264.71	0.00	2.78
499.20	0.16	0.71
837.21	0.00	0.57
264.71	0.00	2.10
499.39	0.12	1.83
837.21	0.00	1.03
264.71	0.00	2.42
500.00	0.00	1.08
836.45	0.09	2.22
264.71	0.00	2.95
499.30	0.14	2.34
837.21	0.00	2.33
264.71	0.00	2.17
500.00	0.00	2.74
837.21	0.00	1.14
264.71	0.00	1.12
500.00	0.00	3.32
837.21	0.00	2.20
264.71	0.00	2.02
500.00	0.00	2.43
837.21	0.00	3.23
264.33	0.14	2.74
500.00	0.00	1.25
837.21	0.00	2.21
264.19	0.20	4.44
500.00	0.00	3.14
837.21	0.00	2.71
264.71	0.00	2.44
500.00	0.00	2.48
837.21	0.00	0.72
264.01	0.26	3.18
498.86	0.23	3.15
835.30	0.23	2.09
264.71	0.00	4.60
499.39	0.12	1.85
837.21	0.00	2.53
264.71	0.00	1.70
500.00	0.00	1.64
837.21	0.00	0.65
264.71	0.00	1.07
499.61	0.08	3.42
837.21	0.00	1.10
264.47	0.09	2.52
499.02	0.20	2.80
837.21	0.00	1.17
264.71	0.00	0.56
500.00	0.00	0.58
837.21	0.00	0.52
264.47	0.09	1.17
500.00	0.00	1.78
837.21	0.00	1.53
264.71	0.00	1.67
499.30	0.14	1.18
836.03	0.14	2.10
264.71	0.00	2.41
500.00	0.00	2.47
836.45	0.09	2.16
264.71	0.00	2.88
500.00	0.00	1.30
837.21	0.00	3.80
264.71	0.00	2.78
500.00	0.00	3.13
837.21	0.00	3.20
264.71	0.00	2.32
500.00	0.00	2.45
837.21	0.00	2.40
264.71	0.00	3.63
500.00	0.00	3.73
837.21	0.00	2.81
264.71	0.00	3.02
499.02	0.20	4.46
835.15	0.25	3.07
264.71	0.00	3.12
500.00	0.00	2.31
836.03	0.14	2.14
264.71	0.00	1.98
500.00	0.00	1.15
837.21	0.00	2.60
264.71	0.00	2.55
499.39	0.12	1.72
837.21	0.00	3.12
264.71	0.00	2.09
500.00	0.00	2.04
836.32	0.11	0.77
264.71	0.00	3.57
500.00	0.00	3.13
837.21	0.00	1.22
264.71	0.00	1.71
500.00	0.00	3.10
836.32	0.11	1.78
264.71	0.00	1.94
500.00	0.00	0.55
837.21	0.00	0.57
264.71	0.00	2.63
500.00	0.00	1.67
837.21	0.00	1.64
264.71	0.00	1.56
499.47	0.11	1.59
837.21	0.00	1.03
264.71	0.00	2.44
500.00	0.00	2.26
837.21	0.00	3.05
264.71	0.00	3.65
500.00	0.00	0.81
837.21	0.00	1.02
264.33	0.14	1.77
500.00	0.00	1.27
837.21	0.00	2.51
264.71	0.00	2.34
499.30	0.14	2.15
837.21	0.00	1.32
264.71	0.00	2.87
500.00	0.00	2.69
836.32	0.11	2.53
264.71	0.00	1.72
500.00	0.00	3.16
837.21	0.00	1.16
264.33	0.14	2.57
500.00	0.00	2.20
837.21	0.00	1.61
264.71	0.00	1.18
500.00	0.00	1.08
837.21	0.00	2.72
264.43	0.11	1.79
498.86	0.23	2.91
836.32	0.11	0.78
264.71	0.00	1.98
500.00	0.00	0.63
837.21	0.00	2.22
264.71	0.00	2.48
499.61	0.08	3.68
835.87	0.16	1.18
264.71	0.00	1.41
500.00	0.00	3.14
837.21	0.00	2.71
264.71	0.00	1.82
500.00	0.00	2.30
836.03	0.14	1.76
264.71	0.00	1.15
499.47	0.11	1.82
837.21	0.00	2.10
264.71	0.00	2.45
500.00	0.00	2.88
837.21	0.00	3.27
264.71	0.00	3.27
500.00	0.00	2.37
837.21	0.00	2.97
264.71	0.00	3.87
500.00	0.00	1.22
836.56	0.08	1.16
264.71	0.00	2.98
500.00	0.00	1.69
836.03	0.14	1.73
264.71	0.00	1.40
500.00	0.00	1.29
836.32	0.11	2.68
264.43	0.11	0.66
500.00	0.00	1.85
837.21	0.00	0.51
264.71	0.00	1.98
500.00	0.00	0.70
836.32	0.11	2.08
264.33	0.14	2.65
500.00	0.00	3.26
837.21	0.00	3.20
264.71	0.00	4.06
499.39	0.12	2.87
837.21	0.00	2.69
264.71	0.00	1.80
499.30	0.14	1.71
837.21	0.00	2.68
264.71	0.00	1.64
500.00	0.00	1.93
837.21	0.00	0.61
264.71	0.00	1.13
500.00	0.00	0.99
837.21	0.00	1.12
264.71	0.00	2.19
500.00	0.00	2.52
837.21	0.00	1.67
264.71	0.00	0.46
500.00	0.00	2.01
837.21	0.00	3.00
264.71	0.00	2.27
500.00	0.00	2.19
837.21	0.00	3.40
264.38	0.12	1.62
500.00	0.00	1.24
837.21	0.00	3.04
264.33	0.14	2.33
500.00	0.00	2.28
836.45	0.09	1.51
264.71	0.00	3.02
500.00	0.00	1.13
836.03	0.14	1.24
264.33	0.14	3.45
500.00	0.00	2.79
837.21	0.00	2.57
264.43	0.11	3.54
499.47	0.11	2.07
837.21	0.00	2.70
264.71	0.00	2.49
500.00	0.00	0.73
837.21	0.00	0.56
264.71	0.00	4.22
499.47	0.11	1.33
837.21	0.00	2.14
264.71	0.00	2.24
499.47	0.11	3.17
837.21	0.00	0.65
264.71	0.00	2.80
499.30	0.14	1.22
837.21	0.00	1.67
264.71	0.00	3.31
499.55	0.09	1.80
837.21	0.00	2.18
264.71	0.00	2.18
500.00	0.00	2.15
837.21	0.00	0.63
264.71	0.00	4.07
500.00	0.00	1.09
837.21	0.00	0.63
264.22	0.18	3.32
500.00	0.00	2.38
835.44	0.21	2.00
264.71	0.00	0.58
500.00	0.00	0.61
835.57	0.20	1.71
264.71	0.00	1.04
500.00	0.00	1.06
837.21	0.00	0.57
264.71	0.00	3.06
500.00	0.00	2.31
836.32	0.11	2.93
264.43	0.11	2.77
500.00	0.00	1.82
837.21	0.00	1.67
264.15	0.21	3.69
500.00	0.00	1.15
837.21	0.00	2.08
264.71	0.00	3.09
500.00	0.00	2.92
837.21	0.00	2.61
264.43	0.11	2.25
500.00	0.00	0.96
837.21	0.00	1.49
264.71	0.00	1.13
500.00	0.00	1.62
837.21	0.00	2.00
264.71	0.00	1.58
500.00	0.00	1.04
836.45	0.09	1.62
264.71	0.00	2.04
500.00	0.00	2.04
837.21	0.00	1.43
264.43	0.11	2.68
500.00	0.00	2.61
837.21	0.00	2.17
264.71	0.00	3.28
500.00	0.00	3.11
837.21	0.00	2.67
264.71	0.00	1.90
499.55	0.09	3.08
837.21	0.00	2.03
264.71	0.00	2.39
500.00	0.00	1.09
837.21	0.00	3.09
264.71	0.00	2.97
500.00	0.00	2.88
837.21	0.00	2.58
264.71	0.00	3.68
500.00	0.00	1.92
837.21	0.00	2.07
264.43	0.11	1.26
500.00	0.00	1.28
837.21	0.00	2.55
264.71	0.00	3.03
499.47	0.11	1.87
837.21	0.00	3.06
264.71	0.00	1.78
500.00	0.00	2.15
837.21	0.00	1.97
264.71	0.00	3.09
499.47	0.11	2.79
837.21	0.00	1.15
264.71	0.00	1.27
499.47	0.11	3.37
837.21	0.00	2.15
264.71	0.00	2.14
500.00	0.00	2.90
837.21	0.00	3.46
264.71	0.00	2.80
500.00	0.00	0.81
837.21	0.00	2.48
264.71	0.00	4.00
499.47	0.11	1.46
837.21	0.00	4.06
264.71	0.00	3.13
500.00	0.00	2.77
837.21	0.00	3.30
264.71	0.00	4.15
500.00	0.00	2.56
836.32	0.11	2.19
264.71	0.00	3.78
499.30	0.14	1.47
836.45	0.09	3.87
264.71	0.00	1.92
500.00	0.00	2.37
836.03	0.14	0.78
264.47	0.09	2.42
499.47	0.11	1.17
837.21	0.00	1.95
264.71	0.00	2.99
498.85	0.23	3.16
837.21	0.00	3.09
264.71	0.00	0.75
500.00	0.00	1.80
835.68	0.18	2.94
264.71	0.00	1.26
500.00	0.00	3.03
836.45	0.09	2.22
264.71	0.00	2.49
500.00	0.00	1.80
837.21	0.00	1.02
264.43	0.11	2.30
500.00	0.00	2.39
837.21	0.00	2.24
264.71	0.00	2.74
500.00	0.00	1.07
836.56	0.08	1.76
264.71	0.00	1.66
500.00	0.00	1.55
837.21	0.00	1.09
264.71	0.00	1.55
499.20	0.16	2.10
837.21	0.00	1.20
264.71	0.00	1.96
500.00	0.00	2.60
835.43	0.21	2.29
264.71	0.00	2.49
500.00	0.00	2.31
837.21	0.00	2.89
264.43	0.11	2.18
499.55	0.09	1.35
837.21	0.00	2.62
264.71	0.00	1.06
500.00	0.00	1.93
837.21	0.00	1.16
264.71	0.00	1.57
500.00	0.00	3.10
837.21	0.00	2.03
264.71	0.00	1.93
499.55	0.09	2.21
837.21	0.00	0.57
264.71	0.00	0.78
500.00	0.00	1.17
837.21	0.00	2.13
264.33	0.14	1.27
500.00	0.00	2.88
836.45	0.09	2.69
264.71	0.00	3.43
499.30	0.14	2.09
837.21	0.00	3.16
264.33	0.14	1.39
500.00	0.00	2.62
836.32	0.11	3.31
264.71	0.00	1.85
500.00	0.00	1.23
837.21	0.00	1.50
264.43	0.11	2.47
500.00	0.00	1.85
837.21	0.00	3.04
264.71	0.00	4.96
499.47	0.11	2.71
837.21	0.00	0.67
264.71	0.00	4.40
498.86	0.23	3.19
835.28	0.23	2.55
264.71	0.00	2.22
500.00	0.00	3.79
837.21	0.00	2.13
264.71	0.00	0.99
498.67	0.27	2.62
837.21	0.00	3.86
264.15	0.21	3.07
500.00	0.00	3.20
837.21	0.00	3.13
264.71	0.00	2.26
500.00	0.00	2.24
837.21	0.00	1.66
264.47	0.09	3.06
500.00	0.00	2.74
837.21	0.00	2.64
264.71	0.00	1.72
500.00	0.00	1.74
837.21	0.00	2.20
264.47	0.09	2.15
500.00	0.00	0.59
837.21	0.00	1.50
264.71	0.00	2.94
500.00	0.00	1.60
837.21	0.00	2.53
264.71	0.00	1.86
500.00	0.00	1.83
836.32	0.11	1.26
264.71	0.00	2.23
500.00	0.00	0.69
836.32	0.11	1.75
264.71	0.00	2.70
500.00	0.00	1.16
837.21	0.00	2.85
264.71	0.00	2.81
499.30	0.14	1.75
836.03	0.14	1.18
264.71	0.00	1.78
499.30	0.14	1.64
837.21	0.00	2.07
264.71	0.00	1.88
500.00	0.00	2.16
837.21	0.00	1.05
264.71	0.00	3.24
500.00	0.00	3.51
837.21	0.00	2.60
264.71	0.00	1.79
500.00	0.00	2.79
837.21	0.00	1.75
264.71	0.00	2.30
498.85	0.23	2.37
836.45	0.09	1.15
264.71	0.00	1.65
500.00	0.00	1.60
837.21	0.00	0.53
264.71	0.00	1.27
500.00	0.00	3.53
836.32	0.11	1.99
264.47	0.09	3.43
499.20	0.16	1.25
837.21	0.00	3.15
264.47	0.09	4.22
500.00	0.00	4.17
837.21	0.00	0.65
264.71	0.00	1.75
500.00	0.00	1.78
837.21	0.00	1.99
264.71	0.00	2.08
500.00	0.00	2.08
837.21	0.00	2.46
264.71	0.00	3.06
500.00	0.00	1.19
837.21	0.00	2.93
264.71	0.00	2.42
500.00	0.00	2.51
837.21	0.00	3.46
264.71	0.00	1.38
500.00	0.00	0.93
837.21	0.00	2.47
264.71	0.00	3.04
500.00	0.00	1.40
837.21	0.00	4.04
264.71	0.00	3.88
500.00	0.00	2.47
837.21	0.00	1.72
264.71	0.00	2.86
500.00	0.00	0.62
837.21	0.00	2.19
264.71	0.00	3.23
500.00	0.00	2.46
836.32	0.11	2.72
264.47	0.09	2.58
500.00	0.00	1.96
837.21	0.00	2.07
263.91	0.30	3.30
500.00	0.00	2.53
837.21	0.00	2.58
264.47	0.09	3.56
500.00	0.00	1.39
837.21	0.00	3.13
264.71	0.00	1.59
500.00	0.00	1.91
837.21	0.00	0.59
264.71	0.00	1.69
500.00	0.00	2.08
837.21	0.00	1.70
264.71	0.00	1.02
500.00	0.00	3.15
837.21	0.00	1.46
264.71	0.00	2.49
500.00	0.00	3.38
837.21	0.00	3.21
264.71	0.00	1.25
500.00	0.00	1.19
837.21	0.00	1.11
264.71	0.00	3.97
500.00	0.00	2.93
837.21	0.00	2.67
264.71	0.00	2.02
500.00	0.00	0.53
836.32	0.11	0.60
264.71	0.00	1.01
499.30	0.14	1.13
837.21	0.00	1.06
264.71	0.00	1.53
500.00	0.00	1.58
836.45	0.09	1.61
264.71	0.00	1.75
500.00	0.00	2.27
837.21	0.00	3.53
264.71	0.00	2.16
500.00	0.00	1.93
837.21	0.00	4.04
264.71	0.00	2.61
500.00	0.00	1.63
836.45	0.09	2.59
264.71	0.00	4.12
500.00	0.00	2.64
837.21	0.00	3.64
263.96	0.28	3.66
499.30	0.14	1.44
837.21	0.00	2.66
264.71	0.00	1.89
500.00	0.00	2.76
837.21	0.00	3.08
264.71	0.00	3.55
500.00	0.00	2.16
837.21	0.00	3.55
264.71	0.00	1.58
500.00	0.00	2.63
837.21	0.00	4.13
264.43	0.11	2.60
500.00	0.00	2.25
837.21	0.00	3.00
264.43	0.11	2.35
499.30	0.14	2.63
837.21	0.00	2.12
264.71	0.00	2.95
499.39	0.12	1.30
837.21	0.00	3.22
264.71	0.00	3.48
500.00	0.00	1.78
837.21	0.00	1.57
264.10	0.23	2.33
500.00	0.00	1.74
837.21	0.00	0.62
264.71	0.00	3.51
500.00	0.00	2.28
836.32	0.11	2.44
264.71	0.00	4.20
500.00	0.00	0.64
837.21	0.00	0.60
264.71	0.00	3.05
498.94	0.21	3.49
837.21	0.00	3.27
264.71	0.00	3.33
499.55	0.09	2.95
837.21	0.00	2.69
264.71	0.00	2.39
500.00	0.00	1.72
836.45	0.09	2.84
264.33	0.14	2.08
500.00	0.00	1.29
837.21	0.00	1.53
264.71	0.00	2.63
500.00	0.00	1.78
837.21	0.00	2.02
264.71	0.00	3.15
500.00	0.00	0.75
837.21	0.00	2.53
264.71	0.00	2.34
500.00	0.00	2.14
837.21	0.00	2.35
264.71	0.00	1.20
500.00	0.00	2.67
837.21	0.00	1.12
264.43	0.11	1.74
500.00	0.00	3.20
836.32	0.11	1.68
264.71	0.00	1.36
500.00	0.00	1.58
837.21	0.00	1.88
264.71	0.00	0.64
500.00	0.00	0.79
837.21	0.00	2.34
264.71	0.00	0.56
500.00	0.00	0.95
837.21	0.00	2.91
264.71	0.00	1.76
499.47	0.11	2.08
837.21	0.00	0.63
264.71	0.00	2.39
500.00	0.00	3.61
837.21	0.00	1.09
264.71	0.00	0.69
500.00	0.00	3.03
837.21	0.00	1.65
264.71	0.00	2.53
499.47	0.11	1.94
836.45	0.09	2.11
264.71	0.00	1.90
500.00	0.00	2.52
837.21	0.00	2.73
264.71	0.00	1.15
500.00	0.00	1.57
837.21	0.00	1.14
264.71	0.00	3.53
500.00	0.00	2.83
837.21	0.00	2.32
264.00	0.27	3.21
500.00	0.00	3.25
835.57	0.20	2.84
264.71	0.00	1.85
500.00	0.00	2.61
836.45	0.09	3.35
264.71	0.00	1.61
500.00	0.00	1.84
836.45	0.09	2.12
263.91	0.30	1.94
499.55	0.09	3.22
837.21	0.00	2.60
264.71	0.00	2.60
500.00	0.00	1.33
837.21	0.00	3.11
264.71	0.00	3.80
500.00	0.00	1.85
837.21	0.00	3.11
264.71	0.00	2.49
500.00	0.00	3.22
837.21	0.00	2.08
264.71	0.00	3.08
499.55	0.09	1.88
837.21	0.00	2.62
263.91	0.30	4.00
500.00	0.00	1.83
836.03	0.14	0.75
264.71	0.00	3.10
498.60	0.28	2.46
837.21	0.00	1.21
264.71	0.00	1.69
500.00	0.00	2.41
836.45	0.09	3.08
264.71	0.00	2.24
500.00	0.00	2.92
837.21	0.00	2.70
264.71	0.00	2.90
499.55	0.09	2.20
836.32	0.11	2.16
264.43	0.11	1.73
500.00	0.00	1.25
837.21	0.00	1.17
264.71	0.00	3.69
500.00	0.00	2.34
837.21	0.00	2.29
264.05	0.25	2.95
500.00	0.00	2.93
836.45	0.09	1.24
264.71	0.00	2.55
499.30	0.14	1.78
837.21	0.00	1.71
264.47	0.09	2.54
500.00	0.00	2.15
837.21	0.00	1.33
264.19	0.20	2.76
500.00	0.00	1.11
837.21	0.00	2.24
264.43	0.11	1.90
500.00	0.00	2.80
836.45	0.09	1.65
263.96	0.28	2.08
500.00	0.00	0.65
835.30	0.23	2.39
264.71	0.00	1.29
500.00	0.00	2.43
835.57	0.20	1.85
264.71	0.00	1.74
499.30	0.14	1.96
836.32	0.11	1.23
264.71	0.00	1.61
500.00	0.00	0.55
837.21	0.00	1.04
264.71	0.00	0.56
500.00	0.00	1.63
836.45	0.09	1.49
264.71	0.00	2.11
500.00	0.00	1.81
836.45	0.09	2.08
264.71	0.00	2.44
500.00	0.00	3.75
836.32	0.11	1.86
264.00	0.27	2.63
499.47	0.11	2.67
837.21	0.00	1.38
264.71	0.00	1.85
500.00	0.00	3.23
837.21	0.00	1.96
264.71	0.00	1.87
499.30	0.14	1.38
837.21	0.00	1.98
264.28	0.16	1.20
500.00	0.00	0.52
837.21	0.00	1.54
264.71	0.00	2.43
500.00	0.00	2.57
837.21	0.00	1.47
264.71	0.00	2.42
499.55	0.09	2.66
836.56	0.08	2.21
264.71	0.00	1.24
500.00	0.00	2.43
835.57	0.20	3.37
264.71	0.00	3.05
500.00	0.00	1.20
837.21	0.00	2.75
264.01	0.26	2.47
499.55	0.09	1.82
837.21	0.00	3.09
263.87	0.32	4.20
499.30	0.14	0.94
837.21	0.00	1.04
264.71	0.00	1.29
500.00	0.00	2.34
837.21	0.00	3.55
264.71	0.00	2.45
500.00	0.00	0.73
837.21	0.00	3.25
264.71	0.00	2.53
500.00	0.00	1.18
836.45	0.09	2.58
264.71	0.00	1.96
498.59	0.28	2.89
837.21	0.00	2.64
264.09	0.23	3.45
500.00	0.00	3.65
837.21	0.00	2.33
264.71	0.00	2.51
500.00	0.00	2.61
837.21	0.00	2.18
264.71	0.00	1.56
500.00	0.00	3.21
836.45	0.09	2.71
264.71	0.00	3.35
500.00	0.00	1.89
837.21	0.00	2.08
264.47	0.09	4.18
500.00	0.00	0.72
837.21	0.00	1.03
264.71	0.00	2.13
500.00	0.00	1.24
836.45	0.09	2.69
264.71	0.00	1.92
500.00	0.00	2.21
835.57	0.20	2.37
264.71	0.00	2.47
498.86	0.23	2.91
837.21	0.00	1.85
264.71	0.00	0.88
500.00	0.00	3.40
837.21	0.00	1.24
264.71	0.00	1.73
500.00	0.00	0.68
837.21	0.00	1.64
264.71	0.00	1.11
499.47	0.11	1.13
836.56	0.08	2.15
264.71	0.00	1.62
499.09	0.18	2.75
837.21	0.00	2.62
264.71	0.00	0.59
500.00	0.00	2.82
837.21	0.00	1.71
264.71	0.00	0.64
499.61	0.08	2.62
837.21	0.00	1.68
264.10	0.23	1.77
500.00	0.00	2.27
836.32	0.11	1.15
264.43	0.11	2.17
500.00	0.00	2.89
837.21	0.00	1.70
264.71	0.00	2.78
500.00	0.00	2.09
837.21	0.00	3.18
264.47	0.09	3.24
500.00	0.00	3.54
837.21	0.00	2.62
264.71	0.00	1.31
500.00	0.00	2.01
837.21	0.00	2.15
264.71	0.00	0.53
500.00	0.00	2.49
837.21	0.00	0.60
264.33	0.14	1.20
500.00	0.00	2.21
837.21	0.00	1.06
264.71	0.00	3.60
500.00	0.00	2.32
836.03	0.14	2.34
264.71	0.00	2.54
500.00	0.00	1.22
837.21	0.00	1.10
264.71	0.00	4.22
500.00	0.00	2.98
836.45	0.09	2.99
264.71	0.00	2.20
500.00	0.00	1.69
837.21	0.00	0.59
264.71	0.00	1.10
500.00	0.00	1.02
836.03	0.14	2.15
264.71	0.00	3.52
500.00	0.00	2.22
837.21	0.00	2.70
264.33	0.14	1.20
500.00	0.00	0.57
837.21	0.00	1.63
264.71	0.00	0.72
500.00	0.00	3.21
837.21	0.00	2.21
264.71	0.00	1.90
500.00	0.00	2.62
837.21	0.00	1.05
264.71	0.00	2.21
500.00	0.00	2.63
837.21	0.00	1.61
264.71	0.00	1.68
500.00	0.00	2.11
837.21	0.00	0.56
264.50	0.08	3.04
500.00	0.00	1.24
837.21	0.00	1.56
264.71	0.00	1.69
500.00	0.00	1.64
836.19	0.12	1.66
264.71	0.00	0.67
500.00	0.00	1.99
837.21	0.00	0.64
264.71	0.00	1.13
499.30	0.14	2.60
837.21	0.00	1.03
264.38	0.12	2.43
499.55	0.09	3.78
837.21	0.00	1.41
264.33	0.14	1.38
500.00	0.00	2.56
837.21	0.00	1.33
264.43	0.11	3.14
499.39	0.12	3.21
837.21	0.00	1.81
264.33	0.14	1.79
500.00	0.00	3.09
836.32	0.11	2.09
264.71	0.00	0.91
500.00	0.00	1.21
837.21	0.00	2.61
264.71	0.00	2.18
500.00	0.00	1.66
837.21	0.00	3.81
264.71	0.00	2.23
500.00	0.00	2.08
837.21	0.00	2.60
264.43	0.11	1.22
500.00	0.00	1.12
837.21	0.00	1.05
264.71	0.00	1.68
500.00	0.00	1.58
837.21	0.00	1.50
264.71	0.00	3.07
499.47	0.11	2.32
836.56	0.08	2.27
264.71	0.00	2.46
500.00	0.00	2.03
837.21	0.00	1.16
264.71	0.00	1.71
500.00	0.00	3.80
837.21	0.00	2.87
264.71	0.00	2.05
500.00	0.00	2.33
837.21	0.00	1.91
264.71	0.00	3.13
500.00	0.00	2.49
837.21	0.00	3.49
264.71	0.00	2.61
500.00	0.00	3.85
835.30	0.23	2.88
264.71	0.00	1.66
500.00	0.00	1.56
837.21	0.00	2.49
264.71	0.00	1.03
500.00	0.00	2.21
837.21	0.00	1.90
264.71	0.00	0.75
499.30	0.14	1.58
837.21	0.00	1.02
264.71	0.00	2.43
500.00	0.00	2.23
837.21	0.00	1.72
264.47	0.09	1.31
499.55	0.09	2.72
837.21	0.00	2.21
264.71	0.00	1.83
500.00	0.00	4.04
837.21	0.00	2.78
264.71	0.00	2.12
500.00	0.00	0.53
837.21	0.00	0.62
264.23	0.18	3.64
500.00	0.00	2.92
837.21	0.00	1.08
264.71	0.00	1.48
500.00	0.00	2.61
836.45	0.09	2.49
264.71	0.00	1.75
500.00	0.00	1.74
837.21	0.00	1.66
264.71	0.00	1.80
499.55	0.09	3.44
834.86	0.28	2.00
264.71	0.00	2.32
499.55	0.09	2.17
837.21	0.00	2.20
264.43	0.11	2.39
500.00	0.00	1.64
836.32	0.11	1.85
264.71	0.00	1.23
498.42	0.32	3.00
836.45	0.09	2.34
264.71	0.00	4.03
500.00	0.00	2.12
837.21	0.00	2.81
264.71	0.00	2.21
500.00	0.00	2.34
837.21	0.00	3.53
264.71	0.00	1.20
500.00	0.00	1.23
837.21	0.00	2.53
264.71	0.00	1.66
500.00	0.00	3.01
837.21	0.00	2.99
264.71	0.00	2.01
500.00	0.00	0.50
837.21	0.00	0.53
264.71	0.00	0.94
500.00	0.00	1.17
837.21	0.00	1.46
264.33	0.14	1.55
500.00	0.00	0.96
837.21	0.00	0.98
264.38	0.12	2.34
500.00	0.00	1.61
837.21	0.00	3.90
264.71	0.00	2.84
500.00	0.00	2.08
834.56	0.32	3.37
264.71	0.00	1.46
499.55	0.09	3.56
837.21	0.00	2.72
264.71	0.00	1.85
500.00	0.00	2.90
837.21	0.00	1.72
264.71	0.00	2.35
499.47	0.11	0.74
837.21	0.00	2.20
264.71	0.00	2.84
500.00	0.00	3.51
837.21	0.00	1.32
264.71	0.00	1.95
500.00	0.00	3.72
836.32	0.11	2.22
264.71	0.00	0.92
498.69	0.26	3.19
837.21	0.00	3.39
264.71	0.00	1.40
500.00	0.00	1.72
837.21	0.00	1.53
264.33	0.14	1.75
500.00	0.00	2.64
837.21	0.00	1.58
264.71	0.00	1.20
500.00	0.00	1.13
837.21	0.00	0.48
264.71	0.00	1.58
499.30	0.14	1.54
837.21	0.00	2.03
264.71	0.00	1.98
500.00	0.00	0.84
834.99	0.27	2.26
264.71	0.00	2.46
500.00	0.00	1.17
837.21	0.00	2.13
264.43	0.11	1.53
500.00	0.00	2.03
837.21	0.00	3.38
264.71	0.00	3.53
500.00	0.00	2.06
837.21	0.00	3.52
264.71	0.00	2.95
499.30	0.14	1.36
837.21	0.00	2.54
264.71	0.00	2.00
500.00	0.00	2.30
837.21	0.00	4.10
264.71	0.00	2.02
500.00	0.00	2.33
836.03	0.14	2.37
264.47	0.09	2.68
498.85	0.23	3.04
837.21	0.00	2.79
264.71	0.00	2.98
500.00	0.00	3.55
837.21	0.00	1.57
264.71	0.00	1.75
499.55	0.09	1.81
837.21	0.00	1.94
264.71	0.00	1.16
500.00	0.00	2.33
837.21	0.00	1.02
264.71	0.00	1.18
500.00	0.00	1.85
837.21	0.00	1.44
264.71	0.00	2.35
499.47	0.11	2.19
837.21	0.00	3.01
264.71	0.00	2.99
500.00	0.00	1.24
837.21	0.00	3.13
264.71	0.00	1.67
499.47	0.11	1.41
837.21	0.00	2.50
264.71	0.00	3.25
499.47	0.11	0.96
836.32	0.11	2.13
264.43	0.11	3.64
499.39	0.12	1.34
837.21	0.00	3.33
264.43	0.11	1.45
500.00	0.00	1.92
837.21	0.00	1.55
264.71	0.00	4.45
500.00	0.00	2.27
837.21	0.00	2.31
264.47	0.09	3.27
500.00	0.00	2.88
837.21	0.00	2.97
264.71	0.00	5.26
500.00	0.00	3.49
835.57	0.20	3.43
264.43	0.11	2.14
500.00	0.00	1.88
837.21	0.00	1.16
264.71	0.00	2.69
500.00	0.00	1.74
837.21	0.00	1.56
264.71	0.00	3.19
500.00	0.00	1.09
837.21	0.00	2.04
264.71	0.00	2.35
500.00	0.00	1.65
837.21	0.00	1.91
264.71	0.00	1.09
500.00	0.00	2.15
837.21	0.00	0.97
264.71	0.00	1.06
500.00	0.00	1.78
837.21	0.00	2.40
264.38	0.12	2.09
499.02	0.20	3.67
836.56	0.08	2.93
264.71	0.00	0.73
500.00	0.00	1.12
837.21	0.00	1.08
264.09	0.23	2.87
499.55	0.09	2.98
837.21	0.00	1.54
264.71	0.00	1.71
500.00	0.00	1.72
837.21	0.00	1.43
264.71	0.00	1.54
500.00	0.00	3.30
836.56	0.08	1.98
264.71	0.00	3.01
499.30	0.14	2.70
836.32	0.11	1.30
264.71	0.00	0.56
500.00	0.00	0.50
837.21	0.00	0.54
264.71	0.00	0.58
500.00	0.00	2.63
837.21	0.00	0.54
264.71	0.00	1.59
500.00	0.00	1.44
837.21	0.00	2.12
264.71	0.00	3.00
500.00	0.00	2.29
837.21	0.00	2.06
264.71	0.00	2.36
500.00	0.00	2.72
837.21	0.00	1.09
264.71	0.00	1.17
499.30	0.14	1.68
837.21	0.00	1.55
264.71	0.00	2.39
499.30	0.14	2.28
836.32	0.11	2.36
264.71	0.00	1.21
500.00	0.00	2.04
836.45	0.09	2.61
263.91	0.30	4.31
500.00	0.00	2.85
837.21	0.00	1.23
264.71	0.00	2.24
500.00	0.00	2.63
837.21	0.00	0.63
264.71	0.00	2.73
500.00	0.00	0.66
837.21	0.00	2.82
264.71	0.00	2.87
498.94	0.21	2.20
836.19	0.12	2.34
264.71	0.00	2.33
500.00	0.00	0.70
837.21	0.00	1.99
264.71	0.00	2.84
500.00	0.00	2.28
837.21	0.00	3.57
264.71	0.00	3.48
500.00	0.00	3.37
837.21	0.00	2.98
264.71	0.00	0.55
500.00	0.00	1.51
837.21	0.00	1.10
264.71	0.00	1.01
500.00	0.00	2.70
837.21	0.00	1.56
264.71	0.00	0.71
500.00	0.00	1.24
837.21	0.00	2.03
264.38	0.12	1.97
500.00	0.00	1.60
837.21	0.00	2.08
264.71	0.00	3.28
500.00	0.00	3.13
837.21	0.00	2.55
264.71	0.00	1.41
500.00	0.00	3.51
837.21	0.00	3.05
264.71	0.00	2.18
499.02	0.20	3.85
837.21	0.00	1.77
264.47	0.09	2.75
500.00	0.00	3.32
837.21	0.00	1.13
264.71	0.00	1.66
500.00	0.00	2.94
837.21	0.00	0.75
264.71	0.00	1.99
500.00	0.00	2.24
836.45	0.09	2.75
264.71	0.00	0.73
500.00	0.00	2.95
837.21	0.00	1.03
264.33	0.14	1.29
500.00	0.00	1.15
837.21	0.00	3.29
264.71	0.00	2.30
499.00	0.20	2.40
837.21	0.00	2.43
264.71	0.00	1.15
500.00	0.00	2.89
837.21	0.00	1.72
264.71	0.00	2.93
499.09	0.18	4.44
837.21	0.00	1.07
264.71	0.00	2.45
500.00	0.00	3.64
835.57	0.20	3.70
263.96	0.28	2.96
500.00	0.00	1.19
836.19	0.12	1.27
264.33	0.14	1.02
499.30	0.14	2.97
835.57	0.20	3.09
264.43	0.11	2.21
500.00	0.00	3.22
837.21	0.00	2.46
264.71	0.00	2.74
498.39	0.32	3.70
834.86	0.28	2.07
264.71	0.00	3.68
499.30	0.14	1.35
837.21	0.00	1.28
264.43	0.11	4.01
500.00	0.00	2.05
837.21	0.00	2.24
264.71	0.00	1.39
500.00	0.00	3.70
837.21	0.00	2.70
264.71	0.00	3.24
500.00	0.00	4.49
837.21	0.00	4.00
264.71	0.00	1.79
498.94	0.21	3.81
837.21	0.00	1.46
264.71	0.00	1.16
500.00	0.00	3.29
837.21	0.00	1.89
264.71	0.00	2.51
500.00	0.00	3.08
837.21	0.00	0.68
264.71	0.00	1.72
500.00	0.00	0.74
835.57	0.20	3.65
264.71	0.00	1.22
500.00	0.00	2.07
837.21	0.00	2.56
264.71	0.00	1.77
500.00	0.00	2.64
837.21	0.00	3.05
264.01	0.26	1.74
500.00	0.00	0.71
835.30	0.23	2.19
264.71	0.00	0.70
500.00	0.00	1.18
837.21	0.00	2.66
264.71	0.00	2.93
500.00	0.00	1.63
837.21	0.00	1.56
264.38	0.12	2.43
500.00	0.00	2.24
837.21	0.00	1.74
264.43	0.11	3.00
500.00	0.00	2.35
836.19	0.12	2.31
264.71	0.00	1.97
499.55	0.09	1.64
837.21	0.00	1.64
264.10	0.23	3.33
499.30	0.14	1.78
836.32	0.11	1.77
264.33	0.14	1.17
500.00	0.00	1.05
837.21	0.00	1.18
264.71	0.00	1.67
499.47	0.11	3.14
837.21	0.00	1.19
264.71	0.00	2.16
499.47	0.11	2.16
837.21	0.00	2.58
264.71	0.00	2.46
500.00	0.00	2.69
837.21	0.00	3.09
264.71	0.00	1.22
499.30	0.14	1.76
837.21	0.00	3.73
264.71	0.00	2.27
500.00	0.00	1.82
836.32	0.11	0.72
264.10	0.23	3.04
500.00	0.00	1.25
837.21	0.00	1.17
264.71	0.00	3.71
498.94	0.21	2.45
837.21	0.00	2.92
264.71	0.00	2.10
500.00	0.00	0.61
837.21	0.00	1.05
264.43	0.11	2.66
500.00	0.00	1.38
837.21	0.00	2.04
264.71	0.00	3.37
500.00	0.00	1.84
837.21	0.00	2.52
264.71	0.00	2.61
500.00	0.00	1.48
837.21	0.00	2.07
264.33	0.14	1.65
500.00	0.00	0.92
836.32	0.11	1.06
264.71	0.00	2.10
500.00	0.00	1.29
837.21	0.00	0.59
264.71	0.00	2.20
500.00	0.00	1.57
837.21	0.00	2.09
264.71	0.00	2.83
500.00	0.00	2.79
837.21	0.00	3.70
264.47	0.09	4.36
500.00	0.00	3.51
837.21	0.00	4.15
264.71	0.00	1.91
500.00	0.00	1.82
837.21	0.00	1.64
264.71	0.00	2.40
499.55	0.09	1.18
837.21	0.00	2.48
264.71	0.00	2.70
500.00	0.00	2.43
837.21	0.00	1.99
264.71	0.00	2.13
500.00	0.00	3.33
837.21	0.00	1.84
264.47	0.09	3.07
500.00	0.00	2.27
835.87	0.16	0.75
264.71	0.00	4.25
500.00	0.00	2.78
837.21	0.00	2.37
264.71	0.00	3.68
499.30	0.14	0.78
837.21	0.00	0.60
264.10	0.23	2.47
500.00	0.00	1.41
837.21	0.00	1.61
264.05	0.25	3.11
500.00	0.00	1.87
837.21	0.00	2.09
264.71	0.00	3.50
500.00	0.00	3.37
837.21	0.00	1.74
264.71	0.00	3.01
500.00	0.00	3.59
837.21	0.00	1.17
264.71	0.00	3.62
500.00	0.00	1.72
836.45	0.09	2.46
264.71	0.00	1.25
500.00	0.00	1.74
837.21	0.00	1.11
264.71	0.00	2.80
499.09	0.18	2.33
837.21	0.00	1.64
264.71	0.00	3.22
500.00	0.00	1.60
837.21	0.00	1.04
264.33	0.14	1.96
498.67	0.27	2.44
837.21	0.00	2.65
264.71	0.00	2.35
500.00	0.00	1.25
837.21	0.00	1.61
264.71	0.00	1.26
500.00	0.00	1.70
836.45	0.09	2.08
264.71	0.00	1.50
500.00	0.00	1.15
837.21	0.00	1.49
264.71	0.00	1.56
500.00	0.00	2.15
837.21	0.00	0.53
264.71	0.00	1.00
500.00	0.00	0.60
836.32	0.11	1.64
264.71	0.00	2.46
500.00	0.00	2.97
837.21	0.00	2.07
264.71	0.00	1.16
500.00	0.00	1.91
837.21	0.00	1.04
264.71	0.00	3.54
500.00	0.00	2.49
837.21	0.00	3.20
264.71	0.00	3.86
500.00	0.00	2.41
837.21	0.00	2.22
264.19	0.20	4.85
500.00	0.00	1.32
837.21	0.00	2.73
264.71	0.00	4.32
500.00	0.00	3.08
837.21	0.00	3.06
264.71	0.00	2.11
500.00	0.00	1.97
837.21	0.00	1.76
264.43	0.11	1.37
500.00	0.00	2.37
837.21	0.00	3.43
264.71	0.00	3.73
500.00	0.00	2.78
835.15	0.25	2.78
264.71	0.00	2.39
500.00	0.00	2.26
837.21	0.00	2.28
264.71	0.00	2.70
499.39	0.12	3.07
837.21	0.00	2.69
264.71	0.00	1.75
500.00	0.00	4.22
837.21	0.00	3.09
264.71	0.00	3.81
500.00	0.00	0.67
836.45	0.09	0.71
264.33	0.14	1.11
500.00	0.00	1.14
837.21	0.00	2.84
264.09	0.23	3.10
500.00	0.00	1.63
837.21	0.00	1.60
264.71	0.00	0.52
500.00	0.00	1.61
837.21	0.00	0.60
264.71	0.00	2.15
500.00	0.00	1.05
837.21	0.00	1.09
264.19	0.20	3.58
500.00	0.00	2.08
836.32	0.11	1.77
264.71	0.00	1.85
500.00	0.00	1.81
837.21	0.00	1.58
264.71	0.00	2.41
500.00	0.00	2.92
836.32	0.11	2.13
264.71	0.00	1.64
500.00	0.00	2.30
837.21	0.00	2.63
264.43	0.11	1.70
499.47	0.11	1.88
837.21	0.00	2.46
264.71	0.00	1.15
500.00	0.00	2.40
837.21	0.00	1.99
264.47	0.09	1.88
500.00	0.00	2.01
837.21	0.00	2.92
264.71	0.00	2.01
500.00	0.00	1.75
837.21	0.00	0.58
264.23	0.18	2.69
500.00	0.00	3.35
836.32	0.11	2.23
264.71	0.00	3.20
500.00	0.00	2.78
837.21	0.00	1.80
264.71	0.00	2.24
500.00	0.00	1.40
836.32	0.11	1.74
264.43	0.11	3.00
500.00	0.00	2.48
837.21	0.00	2.24
264.19	0.20	3.40
500.00	0.00	2.33
837.21	0.00	2.20
264.33	0.14	0.70
500.00	0.00	0.58
837.21	0.00	0.49
264.71	0.00	1.95
499.39	0.12	1.43
836.32	0.11	1.59
264.71	0.00	1.20
500.00	0.00	1.86
837.21	0.00	2.65
264.71	0.00	3.82
500.00	0.00	2.03
837.21	0.00	3.49
264.71	0.00	2.65
500.00	0.00	2.57
837.21	0.00	2.30
264.71	0.00	3.21
500.00	0.00	3.92
835.57	0.20	3.00
264.71	0.00	1.65
500.00	0.00	2.68
837.21	0.00	1.59
264.71	0.00	1.80
500.00	0.00	2.15
837.21	0.00	1.59
264.71	0.00	1.03
500.00	0.00	1.06
837.21	0.00	2.08
264.71	0.00	1.33
500.00	0.00	2.05
837.21	0.00	0.71
264.71	0.00	1.21
500.00	0.00	3.54
835.87	0.16	1.25
264.47	0.09	2.65
499.55	0.09	4.23
837.21	0.00	1.14
264.71	0.00	2.40
499.39	0.12	0.70
837.21	0.00	0.53
264.71	0.00	3.33
499.47	0.11	0.75
837.21	0.00	1.95
264.71	0.00	2.88
500.00	0.00	1.19
837.21	0.00	1.44
264.71	0.00	2.20
500.00	0.00	0.71
836.32	0.11	1.58
264.71	0.00	1.18
500.00	0.00	0.80
837.21	0.00	3.18
264.71	0.00	3.67
499.47	0.11	2.16
836.45	0.09	2.64
264.71	0.00	3.68
500.00	0.00	2.32
837.21	0.00	2.22
264.43	0.11	2.38
500.00	0.00	2.80
835.22	0.24	2.86
264.01	0.26	2.96
499.55	0.09	3.36
837.21	0.00	2.72
264.47	0.09	3.95
499.39	0.12	2.20
837.21	0.00	1.65
264.71	0.00	2.86
500.00	0.00	1.38
837.21	0.00	3.18
264.71	0.00	3.24
500.00	0.00	1.40
837.21	0.00	2.61
264.71	0.00	1.87
499.47	0.11	2.41
837.21	0.00	2.17
264.71	0.00	2.41
500.00	0.00	2.47
837.21	0.00	1.10
264.71	0.00	3.87
500.00	0.00	2.84
837.21	0.00	1.56
264.71	0.00	1.69
500.00	0.00	0.61
837.21	0.00	0.54
264.71	0.00	2.11
500.00	0.00	1.74
837.21	0.00	2.58
264.71	0.00	1.17
500.00	0.00	2.21
837.21	0.00	2.00
264.43	0.11	1.54
500.00	0.00	1.57
837.21	0.00	0.55
264.71	0.00	2.78
499.55	0.09	2.11
837.21	0.00	0.52
264.71	0.00	0.50
500.00	0.00	1.08
837.21	0.00	1.00
264.71	0.00	4.16
500.00	0.00	2.16
836.03	0.14	1.93
264.71	0.00	2.90
500.00	0.00	3.54
837.21	0.00	2.97
264.19	0.20	3.50
500.00	0.00	1.60
837.21	0.00	2.40
264.71	0.00	1.79
500.00	0.00	3.10
837.21	0.00	2.26
264.71	0.00	3.02
500.00	0.00	1.05
837.21	0.00	2.17
264.71	0.00	2.96
500.00	0.00	2.58
835.87	0.16	0.69
264.71	0.00	1.30
500.00	0.00	2.16
837.21	0.00	2.71
264.71	0.00	2.90
500.00	0.00	2.66
837.21	0.00	2.18
264.28	0.16	1.48
500.00	0.00	3.17
837.21	0.00	1.55
264.71	0.00	2.25
500.00	0.00	0.62
836.32	0.11	1.72
264.71	0.00	2.72
500.00	0.00	0.74
837.21	0.00	2.20
264.71	0.00	1.64
498.86	0.23	2.25
834.70	0.30	2.84
264.71	0.00	0.59
500.00	0.00	2.20
837.21	0.00	0.55
264.71	0.00	1.05
500.00	0.00	1.00
837.21	0.00	1.99
264.71	0.00	2.26
500.00	0.00	1.05
837.21	0.00	1.45
264.71	0.00	3.66
500.00	0.00	2.27
837.21	0.00	1.94
264.71	0.00	2.51
500.00	0.00	2.92
837.21	0.00	3.06
264.50	0.08	4.52
500.00	0.00	3.25
836.03	0.14	1.33
264.43	0.11	3.88
498.78	0.24	2.59
837.21	0.00	1.87
264.71	0.00	1.25
500.00	0.00	3.13
836.03	0.14	2.37
264.71	0.00	4.55
500.00	0.00	1.79
837.21	0.00	3.66
264.71	0.00	2.08
500.00	0.00	2.03
837.21	0.00	2.30
264.47	0.09	2.73
498.77	0.25	2.55
836.56	0.08	2.82
264.71	0.00	1.78
499.55	0.09	3.08
836.32	0.11	1.73
264.71	0.00	1.75
500.00	0.00	2.52
837.21	0.00	0.59
264.19	0.20	3.87
498.50	0.30	2.05
836.56	0.08	2.92
264.71	0.00	2.32
500.00	0.00	3.02
837.21	0.00	2.27
264.71	0.00	0.81
499.39	0.12	0.85
836.32	0.11	2.20
264.71	0.00	2.94
500.00	0.00	2.60
835.68	0.18	3.55
264.43	0.11	1.15
500.00	0.00	2.97
837.21	0.00	1.55
264.47	0.09	2.18
500.00	0.00	1.85
837.21	0.00	2.03
264.71	0.00	1.71
499.47	0.11	1.18
837.21	0.00	1.01
264.71	0.00	2.15
500.00	0.00	2.43
837.21	0.00	2.54
264.71	0.00	2.17
500.00	0.00	1.66
837.21	0.00	1.59
264.43	0.11	1.15
500.00	0.00	1.11
837.21	0.00	1.03
264.71	0.00	2.87
500.00	0.00	0.53
837.21	0.00	1.49
264.71	0.00	2.66
500.00	0.00	1.74
836.19	0.12	2.10
264.71	0.00	1.06
500.00	0.00	2.09
837.21	0.00	1.15
264.71	0.00	2.48
500.00	0.00	1.14
837.21	0.00	1.60
264.71	0.00	3.59
500.00	0.00	1.61
837.21	0.00	1.70
264.10	0.23	2.85
500.00	0.00	3.75
837.21	0.00	1.16
264.71	0.00	2.02
499.61	0.08	3.20
837.21	0.00	2.17
263.96	0.28	2.32
500.00	0.00	1.65
837.21	0.00	1.55
264.71	0.00	2.82
500.00	0.00	1.06
837.21	0.00	0.61
264.38	0.12	1.69
499.39	0.12	1.39
837.21	0.00	2.17
264.71	0.00	1.86
500.00	0.00	2.06
837.21	0.00	2.13
264.71	0.00	2.01
500.00	0.00	1.04
837.21	0.00	1.99
264.71	0.00	1.23
500.00	0.00	2.55
837.21	0.00	2.03
264.71	0.00	3.45
500.00	0.00	1.76
837.21	0.00	2.09
264.71	0.00	1.12
500.00	0.00	2.26
837.21	0.00	2.12
264.71	0.00	4.14
500.00	0.00	1.17
837.21	0.00	3.14
264.71	0.00	2.06
500.00	0.00	2.09
837.21	0.00	0.63
264.71	0.00	2.53
500.00	0.00	3.25
837.21	0.00	1.09
264.71	0.00	2.73
500.00	0.00	1.53
837.21	0.00	1.55
264.71	0.00	2.00
500.00	0.00	2.40
837.21	0.00	1.95
264.71	0.00	2.54
500.00	0.00	0.60
837.21	0.00	2.46
264.71	0.00	3.00
500.00	0.00	2.02
837.21	0.00	2.92
264.71	0.00	3.17
500.00	0.00	0.76
835.44	0.21	3.13
264.71	0.00	3.31
498.86	0.23	2.60
836.03	0.14	2.40
264.71	0.00	2.42
500.00	0.00	1.80
836.19	0.12	1.15
264.71	0.00	2.92
500.00	0.00	2.04
837.21	0.00	2.50
264.71	0.00	2.34
499.20	0.16	0.71
837.21	0.00	0.54
264.71	0.00	0.67
500.00	0.00	2.29
837.21	0.00	2.99
264.71	0.00	1.78
500.00	0.00	3.85
837.21	0.00	2.32
264.71	0.00	1.32
498.91	0.22	2.89
837.21	0.00	1.16
264.71	0.00	2.48
499.55	0.09	4.60
837.21	0.00	1.62
264.71	0.00	3.11
499.55	0.09	2.62
836.32	0.11	0.67
264.71	0.00	1.11
499.47	0.11	1.15
837.21	0.00	2.17
264.43	0.11	1.66
499.55	0.09	0.82
837.21	0.00	2.66
264.71	0.00	3.09
500.00	0.00	2.30
837.21	0.00	0.64
264.71	0.00	1.25
500.00	0.00	2.54
837.21	0.00	2.20
264.71	0.00	2.53
500.00	0.00	4.01
837.21	0.00	3.52
264.71	0.00	0.54
500.00	0.00	1.99
836.32	0.11	1.22
264.71	0.00	2.22
500.00	0.00	1.52
837.21	0.00	1.57
264.71	0.00	1.62
500.00	0.00	0.62
837.21	0.00	0.94
264.71	0.00	3.45
500.00	0.00	2.85
837.21	0.00	2.15
264.71	0.00	4.00
500.00	0.00	1.04
837.21	0.00	3.87
264.33	0.14	1.42
500.00	0.00	1.33
836.56	0.08	3.74
264.71	0.00	2.66
500.00	0.00	1.52
837.21	0.00	1.14
264.43	0.11	1.70
500.00	0.00	2.11
837.21	0.00	0.59
264.71	0.00	3.23
500.00	0.00	2.27
837.21	0.00	1.60
264.71	0.00	2.01
500.00	0.00	2.12
836.45	0.09	2.79
264.71	0.00	2.26
499.47	0.11	1.14
837.21	0.00	0.51
264.33	0.14	1.24
500.00	0.00	2.75
837.21	0.00	2.29
264.71	0.00	2.25
500.00	0.00	3.18
837.21	0.00	2.48
264.71	0.00	1.27
500.00	0.00	2.70
837.21	0.00	0.64
264.71	0.00	1.63
500.00	0.00	3.67
834.86	0.28	2.44
264.71	0.00	1.69
500.00	0.00	0.52
837.21	0.00	1.02
264.71	0.00	1.00
499.30	0.14	1.09
837.21	0.00	0.52
264.71	0.00	0.65
500.00	0.00	1.57
836.32	0.11	1.07
264.71	0.00	3.80
500.00	0.00	2.47
837.21	0.00	1.81
264.71	0.00	3.11
499.55	0.09	3.85
836.45	0.09	3.51
264.71	0.00	3.62
500.00	0.00	1.81
837.21	0.00	2.71
264.71	0.00	3.09
500.00	0.00	2.01
837.21	0.00	1.49
264.71	0.00	2.38
500.00	0.00	2.64
836.45	0.09	1.20
264.71	0.00	1.30
500.00	0.00	3.81
836.03	0.14	1.76
264.71	0.00	4.12
500.00	0.00	2.26
837.21	0.00	2.20
264.33	0.14	1.45
500.00	0.00	2.48
837.21	0.00	2.58
264.15	0.21	3.45
499.30	0.14	1.54
837.21	0.00	3.10
264.71	0.00	2.33
500.00	0.00	2.24
837.21	0.00	1.88
264.71	0.00	2.89
499.61	0.08	2.88
837.21	0.00	2.97
264.43	0.11	3.56
500.00	0.00	4.31
837.21	0.00	1.17
264.71	0.00	3.40
500.00	0.00	1.85
836.03	0.14	2.23
264.71	0.00	2.76
500.00	0.00	3.00
837.21	0.00	1.08
264.71	0.00	3.44
500.00	0.00	1.21
837.21	0.00	1.54
264.71	0.00	1.79
499.47	0.11	2.64
837.21	0.00	1.65
264.71	0.00	2.36
500.00	0.00	1.24
837.21	0.00	2.68
264.71	0.00	3.55
500.00	0.00	0.69
837.21	0.00	2.14
264.71	0.00	2.37
500.00	0.00	2.21
837.21	0.00	1.65
264.71	0.00	1.89
500.00	0.00	1.08
837.21	0.00	2.18
264.71	0.00	1.21
499.02	0.20	2.91
836.45	0.09	2.68
264.71	0.00	1.08
500.00	0.00	1.64
837.21	0.00	1.92
264.71	0.00	1.89
500.00	0.00	1.06
837.21	0.00	0.98
264.09	0.23	2.03
500.00	0.00	0.56
837.21	0.00	2.99
264.71	0.00	2.25
500.00	0.00	0.53
836.19	0.12	0.82
264.09	0.23	2.69
500.00	0.00	2.05
837.21	0.00	1.16
264.71	0.00	3.15
500.00	0.00	2.60
837.21	0.00	1.69
264.19	0.20	3.06
498.49	0.30	3.35
837.21	0.00	0.63
264.71	0.00	3.08
500.00	0.00	1.71
835.15	0.25	1.55
264.71	0.00	1.13
500.00	0.00	2.60
837.21	0.00	0.69
264.43	0.11	1.74
500.00	0.00	1.18
837.21	0.00	1.58
264.71	0.00	1.07
500.00	0.00	1.66
837.21	0.00	1.54
264.71	0.00	2.24
498.94	0.21	2.31
837.21	0.00	1.03
264.71	0.00	1.68
500.00	0.00	1.98
837.21	0.00	1.71
264.71	0.00	0.66
500.00	0.00	2.42
837.21	0.00	1.82
264.71	0.00	2.91
499.55	0.09	3.11
837.21	0.00	1.13
264.71	0.00	1.43
499.55	0.09	2.25
837.21	0.00	0.62
264.33	0.14	0.77
500.00	0.00	3.59
837.21	0.00	1.08
264.71	0.00	1.29
499.47	0.11	1.73
837.21	0.00	2.29
264.71	0.00	2.25
500.00	0.00	0.67
837.21	0.00	2.16
264.71	0.00	1.16
500.00	0.00	2.03
835.15	0.25	2.71
264.43	0.11	3.87
499.39	0.12	1.30
837.21	0.00	1.56
264.71	0.00	2.61
500.00	0.00	0.51
836.56	0.08	3.11
264.71	0.00	1.14
500.00	0.00	0.86
837.21	0.00	1.08
264.43	0.11	1.85
499.55	0.09	1.98
837.21	0.00	2.75
264.43	0.11	1.89
500.00	0.00	2.33
837.21	0.00	1.50
264.71	0.00	2.00
500.00	0.00	1.70
837.21	0.00	2.55
264.71	0.00	2.42
500.00	0.00	1.13
837.21	0.00	2.07
264.71	0.00	3.81
500.00	0.00	2.33
837.21	0.00	1.72
264.28	0.16	1.38
500.00	0.00	3.78
837.21	0.00	3.27
264.71	0.00	3.15
500.00	0.00	3.24
836.32	0.11	2.68
264.71	0.00	1.95
499.47	0.11	2.38
836.56	0.08	2.02
264.43	0.11	3.29
498.86	0.23	3.09
837.21	0.00	0.73
264.71	0.00	2.72
499.47	0.11	3.49
835.68	0.18	2.75
264.71	0.00	2.91
499.55	0.09	2.87
836.45	0.09	1.85
264.71	0.00	1.12
500.00	0.00	0.61
837.21	0.00	1.46
264.71	0.00	1.56
500.00	0.00	3.45
837.21	0.00	1.15
264.19	0.20	2.90
500.00	0.00	2.26
837.21	0.00	0.51
264.71	0.00	0.53
499.47	0.11	0.69
837.21	0.00	1.60
264.71	0.00	2.31
500.00	0.00	1.09
837.21	0.00	1.02
264.43	0.11	3.92
500.00	0.00	1.73
837.21	0.00	1.85
264.71	0.00	2.71
500.00	0.00	3.46
837.21	0.00	3.07
264.71	0.00	3.22
500.00	0.00	4.03
837.21	0.00	1.18
264.71	0.00	2.01
500.00	0.00	2.10
836.45	0.09	2.77
264.71	0.00	1.16
500.00	0.00	3.39
837.21	0.00	1.07
264.47	0.09	3.63
500.00	0.00	1.53
837.21	0.00	1.53
264.33	0.14	1.82
500.00	0.00	2.10
837.21	0.00	1.64
264.71	0.00	0.71
499.39	0.12	2.76
837.21	0.00	2.15
263.96	0.28	2.49
499.30	0.14	1.63
837.21	0.00	0.51
264.43	0.11	1.23
500.00	0.00	2.19
837.21	0.00	0.54
264.71	0.00	1.73
500.00	0.00	1.96
837.21	0.00	1.00
264.43	0.11	1.22
500.00	0.00	2.46
837.21	0.00	1.45
264.71	0.00	0.79
500.00	0.00	2.50
837.21	0.00	3.34
264.71	0.00	2.65
500.00	0.00	2.62
836.32	0.11	2.87
264.71	0.00	4.11
498.86	0.23	3.11
837.21	0.00	1.47
