264.71	0.00	0.95
499.47	0.11	1.01
837.21	0.00	0.93
264.47	0.09	1.70
500.00	0.00	1.04
837.21	0.00	1.45
264.71	0.00	0.95
500.00	0.00	0.97
836.03	0.14	0.58
264.47	0.09	1.10
500.00	0.00	0.50
837.21	0.00	0.94
264.71	0.00	1.85
499.30	0.14	0.57
837.21	0.00	0.48
264.43	0.11	1.12
500.00	0.00	1.07
836.32	0.11	1.54
264.38	0.12	1.12
500.00	0.00	1.02
837.21	0.00	0.97
264.71	0.00	1.00
500.00	0.00	1.45
837.21	0.00	1.88
264.71	0.00	0.90
500.00	0.00	0.95
837.21	0.00	0.47
264.71	0.00	0.45
500.00	0.00	0.90
837.21	0.00	0.90
264.43	0.11	1.13
500.00	0.00	1.52
837.21	0.00	1.45
264.71	0.00	1.45
500.00	0.00	0.93
837.21	0.00	0.93
264.71	0.00	0.95
500.00	0.00	0.90
837.21	0.00	0.92
264.71	0.00	0.96
499.30	0.14	0.59
837.21	0.00	0.45
264.71	0.00	0.47
499.39	0.12	0.59
837.21	0.00	0.93
264.71	0.00	0.95
500.00	0.00	0.98
837.21	0.00	0.96
264.71	0.00	1.55
499.30	0.14	1.13
837.21	0.00	1.43
264.43	0.11	1.51
500.00	0.00	0.95
837.21	0.00	0.48
264.71	0.00	0.90
500.00	0.00	0.95
837.21	0.00	1.40
264.71	0.00	0.47
500.00	0.00	0.49
837.21	0.00	0.91
264.71	0.00	0.97
500.00	0.00	0.95
837.21	0.00	1.41
264.71	0.00	1.47
500.00	0.00	0.98
837.21	0.00	0.97
264.71	0.00	1.90
500.00	0.00	0.93
837.21	0.00	0.95
264.71	0.00	0.98
500.00	0.00	1.92
836.45	0.09	1.08
264.71	0.00	1.03
499.55	0.09	0.59
837.21	0.00	1.38
264.71	0.00	0.95
500.00	0.00	0.90
837.21	0.00	0.92
264.71	0.00	1.52
500.00	0.00	0.98
837.21	0.00	1.43
264.71	0.00	1.53
500.00	0.00	2.03
837.21	0.00	1.49
264.71	0.00	0.94
500.00	0.00	0.94
836.45	0.09	1.03
264.71	0.00	0.46
500.00	0.00	0.98
837.21	0.00	0.95
264.43	0.11	1.62
500.00	0.00	1.00
836.19	0.12	1.04
264.71	0.00	0.98
500.00	0.00	1.46
837.21	0.00	0.97
264.71	0.00	0.98
500.00	0.00	0.98
837.21	0.00	0.48
264.71	0.00	1.36
500.00	0.00	0.48
837.21	0.00	0.47
264.47	0.09	1.06
499.55	0.09	0.58
837.21	0.00	1.41
264.71	0.00	1.00
500.00	0.00	1.52
836.32	0.11	1.09
264.71	0.00	1.00
500.00	0.00	1.01
837.21	0.00	0.96
264.71	0.00	0.97
500.00	0.00	1.98
837.21	0.00	1.48
264.71	0.00	0.91
500.00	0.00	0.95
837.21	0.00	0.94
264.71	0.00	1.49
500.00	0.00	0.49
837.21	0.00	1.42
264.71	0.00	0.98
500.00	0.00	0.96
837.21	0.00	0.91
264.47	0.09	1.57
500.00	0.00	0.96
837.21	0.00	1.43
264.71	0.00	1.48
500.00	0.00	0.98
837.21	0.00	0.48
264.71	0.00	1.00
500.00	0.00	1.01
837.21	0.00	0.96
264.71	0.00	0.49
500.00	0.00	0.99
837.21	0.00	1.88
264.71	0.00	1.00
500.00	0.00	0.97
837.21	0.00	0.95
264.38	0.12	1.07
500.00	0.00	1.02
836.32	0.11	1.06
264.71	0.00	0.98
500.00	0.00	0.99
837.21	0.00	0.94
264.71	0.00	0.98
500.00	0.00	0.93
837.21	0.00	0.46
264.71	0.00	1.48
499.30	0.14	1.12
837.21	0.00	0.97
264.71	0.00	1.58
499.47	0.11	1.68
837.21	0.00	1.51
264.71	0.00	0.95
500.00	0.00	0.96
837.21	0.00	0.90
264.71	0.00	1.05
500.00	0.00	1.05
837.21	0.00	1.44
264.71	0.00	1.55
500.00	0.00	0.52
837.21	0.00	1.43
264.47	0.09	0.55
500.00	0.00	0.48
837.21	0.00	0.45
264.71	0.00	1.50
499.47	0.11	1.57
837.21	0.00	1.45
264.71	0.00	0.94
499.30	0.14	1.09
837.21	0.00	0.96
264.71	0.00	1.50
500.00	0.00	1.00
836.45	0.09	1.06
264.71	0.00	0.92
500.00	0.00	0.94
837.21	0.00	1.36
264.71	0.00	0.94
498.86	0.23	1.17
837.21	0.00	0.48
264.71	0.00	0.97
500.00	0.00	0.95
836.19	0.12	1.05
264.71	0.00	1.52
500.00	0.00	1.02
836.45	0.09	1.53
264.71	0.00	0.94
500.00	0.00	0.91
836.45	0.09	0.57
264.71	0.00	0.91
500.00	0.00	0.51
837.21	0.00	1.39
264.71	0.00	1.05
500.00	0.00	0.52
834.68	0.30	1.72
264.71	0.00	0.98
500.00	0.00	1.45
837.21	0.00	0.96
264.71	0.00	0.99
500.00	0.00	1.00
836.32	0.11	1.03
264.71	0.00	0.99
500.00	0.00	1.47
836.32	0.11	0.59
264.71	0.00	1.37
499.39	0.12	0.56
837.21	0.00	0.46
264.43	0.11	1.08
500.00	0.00	0.48
837.21	0.00	0.47
264.71	0.00	1.93
500.00	0.00	0.95
837.21	0.00	1.42
264.71	0.00	0.98
500.00	0.00	1.01
837.21	0.00	0.95
264.71	0.00	1.01
500.00	0.00	1.50
837.21	0.00	0.99
264.71	0.00	1.03
500.00	0.00	0.50
835.57	0.20	1.15
264.71	0.00	0.95
498.94	0.21	1.19
837.21	0.00	0.97
264.71	0.00	1.04
500.00	0.00	0.95
837.21	0.00	1.40
264.71	0.00	0.90
500.00	0.00	0.90
836.32	0.11	1.00
264.71	0.00	0.93
500.00	0.00	0.96
837.21	0.00	0.48
264.71	0.00	1.00
500.00	0.00	0.48
837.21	0.00	0.92
264.71	0.00	0.95
500.00	0.00	0.96
836.03	0.14	1.01
264.71	0.00	1.01
500.00	0.00	1.01
837.21	0.00	1.41
264.71	0.00	1.55
500.00	0.00	1.51
837.21	0.00	0.98
264.71	0.00	0.91
500.00	0.00	0.93
837.21	0.00	0.46
264.71	0.00	1.47
500.00	0.00	0.51
837.21	0.00	1.38
264.71	0.00	1.40
500.00	0.00	0.95
837.21	0.00	0.47
264.71	0.00	1.00
499.47	0.11	1.63
837.21	0.00	0.98
264.71	0.00	0.97
500.00	0.00	0.99
836.32	0.11	1.06
264.71	0.00	1.46
500.00	0.00	1.93
837.21	0.00	0.51
264.71	0.00	0.95
500.00	0.00	0.48
837.21	0.00	0.90
264.71	0.00	1.04
499.55	0.09	1.13
837.21	0.00	1.44
264.71	0.00	0.98
500.00	0.00	0.98
836.03	0.14	1.05
264.71	0.00	1.42
500.00	0.00	0.96
837.21	0.00	0.97
264.71	0.00	2.04
499.47	0.11	1.10
837.21	0.00	0.98
264.09	0.23	1.17
500.00	0.00	0.47
837.21	0.00	0.95
264.71	0.00	1.00
500.00	0.00	0.50
837.21	0.00	1.40
264.43	0.11	1.06
500.00	0.00	0.90
837.21	0.00	0.93
264.71	0.00	1.02
500.00	0.00	1.02
836.45	0.09	1.06
264.71	0.00	1.00
500.00	0.00	0.96
837.21	0.00	0.94
264.71	0.00	0.95
500.00	0.00	0.48
837.21	0.00	0.46
264.19	0.20	1.62
500.00	0.00	0.51
837.21	0.00	0.95
264.71	0.00	0.99
500.00	0.00	1.48
837.21	0.00	0.96
264.71	0.00	1.00
500.00	0.00	1.01
837.21	0.00	0.96
264.71	0.00	0.93
500.00	0.00	0.90
837.21	0.00	0.46
264.71	0.00	0.93
500.00	0.00	0.93
837.21	0.00	0.48
264.71	0.00	0.45
500.00	0.00	0.93
837.21	0.00	0.45
264.71	0.00	0.90
500.00	0.00	1.43
837.21	0.00	0.95
264.71	0.00	1.50
500.00	0.00	1.49
837.21	0.00	0.98
264.71	0.00	0.99
500.00	0.00	0.94
836.03	0.14	0.58
264.71	0.00	0.96
500.00	0.00	0.96
837.21	0.00	0.95
264.71	0.00	0.46
500.00	0.00	0.96
837.21	0.00	0.48
264.71	0.00	1.03
499.30	0.14	1.06
836.45	0.09	1.05
264.71	0.00	0.96
500.00	0.00	0.93
837.21	0.00	0.92
264.71	0.00	1.52
500.00	0.00	1.42
837.21	0.00	0.93
264.71	0.00	0.97
500.00	0.00	0.52
837.21	0.00	1.41
264.71	0.00	0.95
500.00	0.00	0.48
837.21	0.00	0.45
264.15	0.21	1.69
500.00	0.00	1.42
837.21	0.00	0.96
264.71	0.00	1.00
500.00	0.00	1.46
837.21	0.00	0.96
264.71	0.00	0.93
500.00	0.00	0.95
837.21	0.00	0.48
264.71	0.00	0.93
500.00	0.00	1.45
837.21	0.00	0.96
264.71	0.00	1.55
500.00	0.00	1.51
837.21	0.00	0.98
264.71	0.00	1.55
500.00	0.00	2.03
836.03	0.14	1.11
264.71	0.00	1.01
500.00	0.00	1.51
835.15	0.25	1.18
264.15	0.21	1.74
500.00	0.00	2.02
837.21	0.00	1.50
264.71	0.00	0.96
500.00	0.00	0.97
837.21	0.00	0.93
264.19	0.20	1.19
500.00	0.00	1.42
837.21	0.00	0.47
264.71	0.00	1.46
499.30	0.14	1.04
837.21	0.00	0.96
264.33	0.14	1.11
500.00	0.00	0.99
837.21	0.00	0.95
264.71	0.00	0.95
500.00	0.00	0.98
837.21	0.00	0.92
264.71	0.00	1.44
499.30	0.14	0.59
835.57	0.20	1.15
264.19	0.20	1.21
500.00	0.00	1.42
837.21	0.00	0.93
264.71	0.00	0.98
499.47	0.11	1.09
837.21	0.00	0.94
264.43	0.11	1.16
500.00	0.00	1.05
837.21	0.00	1.45
264.71	0.00	0.95
500.00	0.00	0.93
837.21	0.00	0.92
264.71	0.00	0.96
499.30	0.14	1.09
837.21	0.00	0.95
264.43	0.11	0.55
500.00	0.00	1.90
836.19	0.12	0.59
264.43	0.11	1.56
499.47	0.11	1.04
837.21	0.00	0.93
264.33	0.14	1.12
500.00	0.00	1.03
836.45	0.09	1.06
264.71	0.00	1.55
500.00	0.00	1.01
837.21	0.00	0.98
264.71	0.00	1.03
500.00	0.00	0.51
835.68	0.18	1.61
264.71	0.00	0.46
500.00	0.00	0.95
837.21	0.00	0.94
264.71	0.00	0.96
500.00	0.00	1.48
837.21	0.00	0.96
264.33	0.14	1.03
500.00	0.00	1.97
836.45	0.09	1.54
264.38	0.12	1.08
499.47	0.11	1.09
837.21	0.00	0.49
264.71	0.00	1.00
500.00	0.00	0.98
837.21	0.00	0.96
264.50	0.08	1.62
500.00	0.00	1.01
837.21	0.00	1.41
264.43	0.11	1.14
500.00	0.00	1.47
837.21	0.00	1.43
264.71	0.00	1.01
500.00	0.00	1.50
837.21	0.00	0.99
264.71	0.00	0.95
500.00	0.00	0.98
837.21	0.00	0.96
264.71	0.00	0.95
500.00	0.00	0.98
837.21	0.00	0.94
264.71	0.00	0.50
500.00	0.00	1.03
836.32	0.11	1.53
264.71	0.00	1.00
500.00	0.00	1.01
837.21	0.00	1.41
264.71	0.00	0.95
500.00	0.00	0.96
837.21	0.00	0.90
264.71	0.00	0.91
500.00	0.00	0.90
837.21	0.00	0.46
264.43	0.11	1.53
500.00	0.00	0.45
836.32	0.11	0.57
264.71	0.00	0.46
500.00	0.00	0.95
837.21	0.00	0.94
264.33	0.14	1.12
500.00	0.00	0.92
837.21	0.00	0.94
264.71	0.00	1.50
500.00	0.00	0.99
837.21	0.00	0.95
264.71	0.00	0.96
500.00	0.00	0.99
836.45	0.09	0.57
264.43	0.11	1.08
500.00	0.00	0.97
837.21	0.00	0.93
264.43	0.11	1.04
500.00	0.00	0.47
837.21	0.00	0.93
264.71	0.00	1.02
499.30	0.14	1.13
837.21	0.00	0.97
264.71	0.00	1.51
500.00	0.00	0.98
837.21	0.00	0.96
264.71	0.00	0.96
499.47	0.11	1.06
837.21	0.00	0.48
264.71	0.00	1.37
499.20	0.16	0.57
836.32	0.11	0.57
264.71	0.00	0.49
498.60	0.28	1.25
837.21	0.00	1.45
264.71	0.00	0.98
500.00	0.00	0.96
836.32	0.11	1.01
264.71	0.00	1.46
500.00	0.00	0.96
837.21	0.00	0.91
264.47	0.09	1.08
500.00	0.00	1.01
837.21	0.00	0.96
264.71	0.00	0.94
500.00	0.00	0.49
836.19	0.12	0.58
264.71	0.00	1.47
500.00	0.00	0.50
837.21	0.00	0.93
264.71	0.00	0.96
500.00	0.00	0.96
837.21	0.00	0.92
264.71	0.00	1.50
500.00	0.00	0.98
837.21	0.00	0.95
264.71	0.00	1.52
500.00	0.00	0.99
836.32	0.11	0.59
264.71	0.00	0.99
499.47	0.11	0.58
837.21	0.00	0.48
264.71	0.00	0.93
500.00	0.00	0.95
837.21	0.00	0.48
264.71	0.00	1.00
500.00	0.00	1.01
837.21	0.00	0.96
264.71	0.00	0.90
500.00	0.00	0.92
837.21	0.00	0.92
264.33	0.14	1.13
500.00	0.00	1.03
836.32	0.11	1.07
264.71	0.00	1.43
500.00	0.00	0.96
837.21	0.00	0.47
264.71	0.00	1.01
500.00	0.00	0.99
836.19	0.12	1.04
264.09	0.23	1.15
500.00	0.00	1.40
837.21	0.00	0.91
264.71	0.00	0.99
500.00	0.00	1.02
836.03	0.14	1.08
264.71	0.00	0.95
500.00	0.00	0.98
837.21	0.00	0.47
264.43	0.11	1.12
500.00	0.00	1.02
837.21	0.00	0.97
264.71	0.00	1.58
500.00	0.00	1.53
837.21	0.00	1.95
264.71	0.00	1.50
500.00	0.00	0.98
837.21	0.00	0.97
264.71	0.00	1.37
500.00	0.00	0.93
837.21	0.00	0.95
264.43	0.11	1.08
499.55	0.09	1.06
837.21	0.00	0.46
264.71	0.00	0.94
500.00	0.00	0.46
835.87	0.16	0.58
264.71	0.00	0.91
500.00	0.00	0.95
837.21	0.00	0.48
264.71	0.00	0.95
500.00	0.00	0.97
837.21	0.00	1.42
264.71	0.00	1.00
499.47	0.11	1.06
837.21	0.00	0.92
264.71	0.00	0.90
500.00	0.00	0.93
837.21	0.00	0.93
264.71	0.00	0.95
500.00	0.00	0.96
837.21	0.00	0.47
264.71	0.00	1.00
500.00	0.00	0.50
837.21	0.00	0.94
264.50	0.08	1.08
500.00	0.00	0.96
836.19	0.12	1.02
264.50	0.08	1.65
500.00	0.00	1.49
836.32	0.11	1.06
264.71	0.00	0.93
500.00	0.00	0.93
837.21	0.00	0.48
264.71	0.00	0.97
500.00	0.00	1.95
837.21	0.00	1.46
264.71	0.00	0.92
500.00	0.00	0.93
837.21	0.00	0.91
264.71	0.00	1.02
500.00	0.00	1.02
836.32	0.11	1.06
264.71	0.00	0.98
500.00	0.00	0.98
837.21	0.00	0.93
264.71	0.00	1.45
500.00	0.00	0.90
837.21	0.00	0.93
264.71	0.00	0.99
500.00	0.00	1.47
836.32	0.11	0.59
264.19	0.20	1.19
500.00	0.00	0.99
837.21	0.00	0.48
264.47	0.09	1.57
500.00	0.00	0.99
837.21	0.00	1.42
264.71	0.00	1.00
500.00	0.00	0.96
837.21	0.00	0.93
264.01	0.26	1.20
500.00	0.00	1.91
837.21	0.00	0.50
264.71	0.00	1.01
500.00	0.00	1.48
837.21	0.00	0.97
264.71	0.00	1.83
500.00	0.00	0.45
837.21	0.00	0.46
264.71	0.00	1.00
500.00	0.00	1.01
837.21	0.00	0.96
264.71	0.00	0.97
500.00	0.00	1.01
837.21	0.00	0.95
264.71	0.00	0.95
500.00	0.00	1.42
837.21	0.00	0.92
264.71	0.00	1.50
499.09	0.18	1.66
837.21	0.00	0.99
264.71	0.00	1.48
500.00	0.00	0.98
837.21	0.00	0.95
264.71	0.00	0.96
500.00	0.00	0.98
837.21	0.00	0.96
264.71	0.00	1.48
500.00	0.00	1.01
837.21	0.00	0.96
264.71	0.00	1.43
500.00	0.00	0.95
837.21	0.00	0.93
264.71	0.00	1.58
500.00	0.00	1.05
837.21	0.00	1.45
264.47	0.09	1.11
500.00	0.00	1.06
837.21	0.00	1.91
264.71	0.00	1.52
500.00	0.00	1.46
837.21	0.00	0.97
264.71	0.00	1.49
500.00	0.00	1.51
837.21	0.00	1.46
264.71	0.00	0.95
500.00	0.00	1.48
837.21	0.00	1.42
264.71	0.00	0.95
500.00	0.00	1.44
836.32	0.11	0.57
264.71	0.00	0.46
500.00	0.00	0.96
837.21	0.00	0.48
264.71	0.00	1.50
500.00	0.00	1.49
836.32	0.11	1.09
264.33	0.14	1.10
499.55	0.09	1.12
837.21	0.00	0.96
264.71	0.00	1.46
500.00	0.00	0.98
837.21	0.00	0.48
264.71	0.00	1.55
500.00	0.00	1.01
837.21	0.00	0.98
264.71	0.00	0.45
500.00	0.00	1.39
836.32	0.11	0.57
264.71	0.00	1.41
500.00	0.00	0.96
837.21	0.00	0.96
264.43	0.11	1.00
500.00	0.00	1.44
837.21	0.00	0.94
264.43	0.11	1.13
500.00	0.00	1.06
837.21	0.00	1.44
264.71	0.00	0.96
500.00	0.00	0.48
837.21	0.00	0.47
264.71	0.00	0.93
500.00	0.00	0.95
837.21	0.00	0.48
264.71	0.00	0.95
500.00	0.00	0.90
837.21	0.00	0.92
264.71	0.00	2.08
500.00	0.00	1.04
837.21	0.00	1.94
264.71	0.00	1.50
500.00	0.00	0.96
837.21	0.00	0.97
264.05	0.25	1.16
500.00	0.00	0.94
837.21	0.00	0.45
264.71	0.00	0.46
500.00	0.00	0.50
837.21	0.00	0.92
264.71	0.00	1.00
500.00	0.00	1.01
837.21	0.00	0.96
264.47	0.09	1.52
500.00	0.00	0.94
837.21	0.00	0.92
264.43	0.11	1.12
500.00	0.00	1.00
836.45	0.09	1.06
264.71	0.00	0.90
500.00	0.00	0.45
837.21	0.00	0.45
264.71	0.00	0.95
500.00	0.00	0.90
837.21	0.00	0.92
264.71	0.00	1.05
500.00	0.00	1.52
837.21	0.00	1.47
264.71	0.00	1.41
500.00	0.00	0.94
836.32	0.11	1.04
264.71	0.00	1.52
499.47	0.11	1.11
835.57	0.20	1.15
264.71	0.00	0.96
499.47	0.11	0.61
837.21	0.00	1.40
264.38	0.12	0.56
500.00	0.00	1.41
837.21	0.00	0.48
264.71	0.00	0.99
500.00	0.00	0.96
837.21	0.00	0.93
264.71	0.00	1.90
500.00	0.00	0.96
837.21	0.00	0.95
264.71	0.00	1.04
500.00	0.00	1.03
837.21	0.00	1.43
264.71	0.00	0.93
500.00	0.00	0.45
837.21	0.00	0.46
264.71	0.00	0.91
500.00	0.00	1.85
837.21	0.00	0.48
264.71	0.00	1.00
500.00	0.00	1.01
837.21	0.00	0.96
264.71	0.00	0.95
500.00	0.00	0.96
837.21	0.00	0.90
264.71	0.00	1.02
500.00	0.00	1.02
836.19	0.12	1.08
264.71	0.00	1.50
500.00	0.00	0.50
837.21	0.00	0.94
264.71	0.00	1.35
500.00	0.00	0.46
837.21	0.00	0.46
264.71	0.00	1.45
500.00	0.00	1.40
837.21	0.00	0.95
264.71	0.00	1.00
500.00	0.00	1.02
837.21	0.00	1.42
264.71	0.00	0.98
499.47	0.11	1.57
836.45	0.09	1.08
264.71	0.00	1.00
500.00	0.00	0.50
837.21	0.00	0.94
264.71	0.00	1.01
500.00	0.00	1.48
837.21	0.00	0.97
264.71	0.00	1.60
500.00	0.00	1.55
837.21	0.00	1.47
264.71	0.00	1.00
500.00	0.00	0.99
837.21	0.00	0.95
264.71	0.00	1.44
499.55	0.09	1.56
837.21	0.00	0.49
264.71	0.00	0.98
500.00	0.00	0.48
837.21	0.00	0.47
264.71	0.00	1.53
500.00	0.00	0.49
834.85	0.28	1.17
264.50	0.08	1.15
500.00	0.00	1.03
837.21	0.00	1.45
264.71	0.00	0.97
500.00	0.00	1.87
836.32	0.11	1.05
264.71	0.00	0.98
500.00	0.00	1.46
836.45	0.09	1.08
264.71	0.00	1.01
500.00	0.00	1.50
837.21	0.00	0.99
264.71	0.00	1.46
500.00	0.00	0.98
837.21	0.00	0.49
264.00	0.27	1.13
500.00	0.00	1.44
836.19	0.12	1.05
264.71	0.00	1.03
500.00	0.00	1.01
835.15	0.25	1.16
264.71	0.00	0.98
500.00	0.00	0.98
837.21	0.00	0.48
264.71	0.00	0.93
499.20	0.16	0.60
837.21	0.00	0.48
264.71	0.00	0.46
500.00	0.00	0.93
837.21	0.00	0.47
264.71	0.00	0.99
500.00	0.00	0.99
836.45	0.09	1.02
264.71	0.00	0.98
500.00	0.00	0.98
837.21	0.00	0.96
264.71	0.00	1.43
500.00	0.00	1.00
837.21	0.00	1.41
264.71	0.00	0.96
500.00	0.00	0.94
836.32	0.11	0.57
264.71	0.00	0.98
500.00	0.00	0.48
837.21	0.00	0.47
264.71	0.00	1.00
500.00	0.00	1.50
836.19	0.12	1.08
264.71	0.00	0.96
500.00	0.00	1.40
837.21	0.00	0.94
264.71	0.00	1.54
500.00	0.00	0.96
837.21	0.00	1.41
264.71	0.00	0.95
500.00	0.00	0.47
837.21	0.00	0.94
264.71	0.00	1.44
500.00	0.00	0.51
837.21	0.00	1.40
264.71	0.00	1.42
500.00	0.00	0.99
835.87	0.16	1.06
264.71	0.00	1.06
500.00	0.00	1.06
836.32	0.11	1.54
264.71	0.00	1.57
500.00	0.00	1.57
835.30	0.23	1.21
264.71	0.00	0.98
500.00	0.00	0.93
837.21	0.00	0.47
264.71	0.00	0.45
500.00	0.00	0.99
837.21	0.00	1.87
264.71	0.00	1.50
500.00	0.00	1.01
837.21	0.00	0.96
264.71	0.00	1.51
499.47	0.11	1.12
837.21	0.00	1.46
264.71	0.00	0.98
499.47	0.11	1.57
837.21	0.00	0.49
264.71	0.00	0.93
500.00	0.00	1.41
837.21	0.00	0.48
264.71	0.00	0.48
500.00	0.00	0.48
835.57	0.20	1.11
264.43	0.11	1.66
500.00	0.00	1.02
837.21	0.00	0.98
264.71	0.00	0.95
500.00	0.00	0.90
837.21	0.00	0.92
264.71	0.00	0.95
500.00	0.00	0.95
837.21	0.00	0.96
264.71	0.00	0.97
499.55	0.09	1.56
837.21	0.00	0.99
264.33	0.14	1.10
500.00	0.00	1.02
837.21	0.00	0.96
264.71	0.00	1.03
500.00	0.00	1.53
837.21	0.00	1.46
264.71	0.00	0.98
500.00	0.00	1.46
837.21	0.00	1.43
264.71	0.00	1.48
498.85	0.23	1.16
837.21	0.00	0.93
264.71	0.00	1.02
499.30	0.14	0.61
837.21	0.00	0.95
264.71	0.00	0.49
500.00	0.00	1.04
835.68	0.18	1.62
264.71	0.00	1.02
500.00	0.00	1.51
837.21	0.00	1.45
264.71	0.00	0.93
500.00	0.00	1.35
837.21	0.00	0.91
264.71	0.00	0.95
500.00	0.00	0.96
836.19	0.12	1.01
264.71	0.00	0.91
500.00	0.00	1.43
837.21	0.00	0.49
264.33	0.14	1.12
500.00	0.00	1.51
837.21	0.00	0.99
264.71	0.00	1.39
500.00	0.00	0.99
837.21	0.00	1.42
264.71	0.00	0.98
500.00	0.00	1.48
837.21	0.00	0.97
264.71	0.00	0.90
500.00	0.00	0.93
837.21	0.00	0.93
264.71	0.00	1.36
500.00	0.00	0.47
837.21	0.00	0.92
264.71	0.00	1.04
500.00	0.00	1.01
837.21	0.00	1.42
264.71	0.00	0.90
500.00	0.00	1.38
837.21	0.00	0.91
264.71	0.00	0.95
500.00	0.00	0.98
837.21	0.00	0.94
264.71	0.00	0.99
498.67	0.27	1.23
837.21	0.00	1.42
264.71	0.00	0.95
500.00	0.00	0.98
837.21	0.00	0.92
264.33	0.14	0.59
500.00	0.00	1.50
836.32	0.11	1.08
264.71	0.00	1.50
500.00	0.00	1.43
837.21	0.00	0.93
264.71	0.00	1.52
500.00	0.00	1.01
837.21	0.00	0.97
264.71	0.00	0.93
500.00	0.00	0.91
837.21	0.00	0.47
264.71	0.00	0.96
500.00	0.00	2.01
837.21	0.00	1.94
264.71	0.00	0.91
500.00	0.00	0.49
836.32	0.11	0.57
264.15	0.21	1.20
500.00	0.00	1.04
836.19	0.12	1.08
264.38	0.12	1.01
500.00	0.00	0.97
836.03	0.14	1.05
264.71	0.00	1.56
500.00	0.00	1.51
837.21	0.00	1.00
264.43	0.11	1.04
500.00	0.00	1.45
836.03	0.14	0.60
264.71	0.00	1.41
500.00	0.00	0.95
837.21	0.00	0.48
264.28	0.16	1.15
500.00	0.00	1.96
836.19	0.12	1.11
264.71	0.00	1.51
500.00	0.00	1.01
837.21	0.00	0.96
264.71	0.00	0.95
500.00	0.00	0.98
837.21	0.00	0.96
264.71	0.00	0.94
500.00	0.00	0.94
836.03	0.14	0.58
264.71	0.00	0.96
500.00	0.00	1.41
837.21	0.00	0.46
264.71	0.00	1.57
500.00	0.00	1.03
836.45	0.09	1.08
264.43	0.11	1.05
500.00	0.00	1.43
837.21	0.00	0.92
264.71	0.00	1.01
500.00	0.00	1.02
836.45	0.09	1.06
264.71	0.00	1.50
499.30	0.14	0.58
837.21	0.00	1.86
263.91	0.30	1.82
500.00	0.00	0.97
837.21	0.00	0.98
264.71	0.00	1.03
499.55	0.09	1.08
837.21	0.00	1.41
264.28	0.16	1.13
500.00	0.00	1.02
837.21	0.00	0.97
264.47	0.09	1.11
500.00	0.00	0.92
837.21	0.00	0.95
264.71	0.00	1.52
500.00	0.00	0.52
837.21	0.00	1.42
264.71	0.00	1.37
500.00	0.00	0.46
836.19	0.12	0.57
264.47	0.09	1.05
499.30	0.14	1.11
837.21	0.00	0.94
264.71	0.00	1.01
500.00	0.00	1.48
837.21	0.00	0.97
264.71	0.00	0.97
499.55	0.09	1.58
836.56	0.08	1.07
264.71	0.00	1.49
500.00	0.00	1.50
837.21	0.00	0.99
264.71	0.00	0.99
500.00	0.00	0.47
837.21	0.00	1.39
264.71	0.00	2.08
500.00	0.00	1.54
837.21	0.00	1.00
264.47	0.09	1.12
499.55	0.09	1.14
837.21	0.00	1.44
264.71	0.00	1.03
500.00	0.00	1.03
835.57	0.20	1.17
264.71	0.00	0.95
500.00	0.00	0.49
837.21	0.00	1.40
264.71	0.00	0.47
500.00	0.00	0.98
837.21	0.00	0.95
264.71	0.00	1.56
500.00	0.00	2.00
837.21	0.00	1.02
264.23	0.18	1.22
500.00	0.00	1.03
836.45	0.09	1.07
264.71	0.00	1.59
499.55	0.09	1.14
837.21	0.00	1.46
264.71	0.00	0.93
500.00	0.00	0.95
837.21	0.00	0.48
264.71	0.00	1.41
500.00	0.00	0.49
836.19	0.12	0.57
264.71	0.00	1.38
499.30	0.14	1.08
837.21	0.00	0.96
264.71	0.00	0.90
499.55	0.09	1.01
836.19	0.12	1.02
264.71	0.00	1.50
499.55	0.09	1.59
837.21	0.00	0.99
264.71	0.00	1.50
500.00	0.00	1.47
836.32	0.11	1.07
264.38	0.12	0.58
500.00	0.00	0.99
837.21	0.00	0.95
264.71	0.00	1.38
499.47	0.11	1.09
837.21	0.00	0.96
264.71	0.00	0.95
500.00	0.00	0.98
837.21	0.00	1.41
264.71	0.00	0.97
500.00	0.00	0.93
836.45	0.09	1.02
264.71	0.00	0.96
500.00	0.00	1.01
837.21	0.00	0.95
264.33	0.14	0.57
500.00	0.00	0.49
837.21	0.00	0.47
264.71	0.00	1.00
500.00	0.00	1.01
837.21	0.00	0.96
264.43	0.11	1.05
500.00	0.00	0.96
837.21	0.00	0.90
264.71	0.00	1.00
500.00	0.00	1.01
837.21	0.00	0.96
264.71	0.00	0.98
500.00	0.00	0.48
837.21	0.00	0.47
264.71	0.00	1.44
500.00	0.00	0.94
836.32	0.11	1.03
264.71	0.00	0.97
499.30	0.14	1.09
837.21	0.00	0.95
264.71	0.00	1.01
500.00	0.00	1.55
837.21	0.00	1.47
264.71	0.00	1.55
500.00	0.00	1.53
837.21	0.00	1.00
264.71	0.00	1.04
500.00	0.00	0.52
837.21	0.00	1.41
264.71	0.00	1.50
499.30	0.14	0.59
837.21	0.00	1.42
264.71	0.00	0.98
500.00	0.00	1.01
837.21	0.00	1.41
264.71	0.00	0.93
500.00	0.00	0.98
837.21	0.00	0.95
264.43	0.11	1.13
499.47	0.11	1.13
837.21	0.00	0.98
264.71	0.00	1.03
499.47	0.11	0.61
836.32	0.11	1.05
264.71	0.00	1.99
500.00	0.00	1.51
837.21	0.00	1.00
264.71	0.00	1.57
499.20	0.16	1.15
835.57	0.20	1.18
264.47	0.09	1.57
500.00	0.00	0.96
837.21	0.00	0.94
264.71	0.00	1.57
499.02	0.20	1.77
836.56	0.08	1.59
264.71	0.00	0.96
500.00	0.00	1.41
837.21	0.00	0.96
264.71	0.00	0.90
500.00	0.00	0.45
837.21	0.00	0.45
264.47	0.09	1.12
500.00	0.00	1.03
836.32	0.11	1.07
264.71	0.00	1.06
500.00	0.00	1.55
837.21	0.00	1.48
264.71	0.00	0.99
499.39	0.12	1.10
837.21	0.00	0.48
264.43	0.11	1.04
500.00	0.00	0.47
837.21	0.00	0.93
264.71	0.00	0.46
500.00	0.00	0.45
836.03	0.14	0.57
264.38	0.12	1.02
500.00	0.00	0.92
837.21	0.00	0.93
264.71	0.00	0.98
499.02	0.20	1.69
837.21	0.00	1.41
264.71	0.00	1.03
500.00	0.00	1.03
836.45	0.09	1.52
264.71	0.00	1.02
500.00	0.00	1.47
836.03	0.14	1.07
264.71	0.00	1.07
498.77	0.25	1.29
835.57	0.20	1.67
264.71	0.00	1.44
499.30	0.14	1.12
837.21	0.00	1.41
264.71	0.00	2.02
500.00	0.00	1.01
837.21	0.00	0.98
264.71	0.00	0.96
498.94	0.21	1.72
837.21	0.00	0.98
264.71	0.00	1.00
500.00	0.00	0.49
837.21	0.00	1.86
264.71	0.00	1.53
500.00	0.00	0.52
837.21	0.00	1.43
264.33	0.14	1.11
500.00	0.00	1.02
837.21	0.00	0.97
264.71	0.00	2.05
500.00	0.00	1.52
836.32	0.11	1.09
264.43	0.11	1.11
500.00	0.00	1.02
837.21	0.00	0.97
264.71	0.00	0.99
500.00	0.00	0.99
836.32	0.11	0.58
264.71	0.00	0.93
500.00	0.00	0.48
837.21	0.00	0.92
264.71	0.00	1.43
500.00	0.00	1.00
837.21	0.00	1.42
264.71	0.00	0.98
499.39	0.12	1.07
837.21	0.00	0.93
264.71	0.00	0.94
500.00	0.00	0.90
836.03	0.14	0.57
264.43	0.11	1.12
500.00	0.00	1.56
837.21	0.00	1.48
264.71	0.00	1.41
500.00	0.00	0.96
837.21	0.00	0.48
264.43	0.11	1.06
499.30	0.14	1.07
837.21	0.00	0.90
264.71	0.00	0.93
500.00	0.00	0.90
837.21	0.00	0.91
264.71	0.00	1.55
500.00	0.00	1.51
837.21	0.00	1.00
264.71	0.00	1.01
500.00	0.00	1.50
837.21	0.00	0.99
264.71	0.00	0.92
500.00	0.00	0.98
837.21	0.00	0.95
264.71	0.00	1.54
499.47	0.11	1.11
837.21	0.00	0.96
264.71	0.00	1.01
500.00	0.00	1.01
837.21	0.00	0.96
264.71	0.00	0.96
499.55	0.09	1.04
837.21	0.00	0.94
264.71	0.00	1.39
500.00	0.00	0.46
836.45	0.09	0.57
264.71	0.00	0.46
500.00	0.00	0.96
837.21	0.00	0.48
264.71	0.00	0.95
499.47	0.11	1.08
837.21	0.00	0.92
264.71	0.00	0.97
500.00	0.00	0.96
837.21	0.00	0.92
264.71	0.00	0.98
500.00	0.00	0.96
837.21	0.00	0.48
264.71	0.00	0.97
500.00	0.00	1.02
837.21	0.00	1.41
264.71	0.00	0.91
500.00	0.00	0.91
837.21	0.00	0.47
264.71	0.00	1.44
500.00	0.00	0.99
837.21	0.00	1.43
264.71	0.00	1.01
500.00	0.00	1.50
837.21	0.00	0.99
264.71	0.00	0.98
500.00	0.00	0.98
837.21	0.00	0.48
264.71	0.00	0.91
500.00	0.00	0.91
837.21	0.00	0.46
264.71	0.00	0.96
500.00	0.00	0.48
836.32	0.11	1.02
264.71	0.00	1.45
500.00	0.00	0.90
837.21	0.00	0.93
264.47	0.09	1.61
500.00	0.00	1.54
837.21	0.00	1.00
264.71	0.00	1.02
499.47	0.11	1.12
837.21	0.00	0.97
264.71	0.00	0.93
500.00	0.00	0.46
837.21	0.00	0.47
264.71	0.00	1.45
500.00	0.00	0.48
837.21	0.00	0.48
264.71	0.00	1.50
500.00	0.00	1.00
837.21	0.00	1.44
264.71	0.00	0.99
499.39	0.12	1.03
837.21	0.00	1.41
264.71	0.00	0.90
500.00	0.00	0.93
837.21	0.00	0.90
264.71	0.00	1.01
500.00	0.00	0.51
836.32	0.11	1.04
264.71	0.00	0.47
500.00	0.00	0.95
837.21	0.00	0.95
264.71	0.00	1.52
500.00	0.00	0.97
836.45	0.09	1.06
264.43	0.11	1.61
500.00	0.00	1.51
837.21	0.00	0.99
264.71	0.00	0.95
500.00	0.00	0.93
837.21	0.00	0.94
264.71	0.00	0.90
500.00	0.00	0.93
837.21	0.00	0.47
264.71	0.00	0.48
500.00	0.00	1.00
837.21	0.00	1.41
264.71	0.00	1.42
500.00	0.00	1.45
837.21	0.00	0.94
264.71	0.00	1.00
500.00	0.00	1.01
837.21	0.00	0.96
264.33	0.14	1.11
500.00	0.00	0.99
837.21	0.00	1.41
264.50	0.08	1.58
500.00	0.00	0.97
837.21	0.00	0.96
264.71	0.00	1.49
500.00	0.00	0.90
837.21	0.00	1.85
264.71	0.00	0.95
500.00	0.00	1.00
834.86	0.28	1.15
264.71	0.00	1.53
500.00	0.00	1.01
837.21	0.00	0.96
264.71	0.00	0.93
500.00	0.00	0.90
837.21	0.00	0.46
264.71	0.00	0.94
500.00	0.00	1.42
836.03	0.14	0.59
264.71	0.00	1.51
500.00	0.00	1.04
837.21	0.00	1.92
264.71	0.00	1.61
499.55	0.09	1.68
837.21	0.00	1.51
264.71	0.00	1.01
500.00	0.00	1.48
837.21	0.00	0.97
264.71	0.00	1.53
499.55	0.09	1.61
836.32	0.11	0.59
264.71	0.00	1.98
500.00	0.00	1.46
837.21	0.00	0.48
264.71	0.00	0.45
500.00	0.00	0.99
837.21	0.00	1.41
264.71	0.00	1.50
499.30	0.14	1.04
836.32	0.11	1.05
264.71	0.00	1.47
499.55	0.09	1.07
837.21	0.00	0.95
264.71	0.00	0.98
500.00	0.00	0.96
836.45	0.09	1.51
264.71	0.00	0.98
500.00	0.00	0.98
835.30	0.23	1.17
264.71	0.00	1.41
500.00	0.00	0.95
837.21	0.00	0.92
264.71	0.00	1.50
500.00	0.00	0.98
837.21	0.00	0.97
264.71	0.00	2.05
500.00	0.00	1.02
837.21	0.00	0.99
264.33	0.14	1.11
500.00	0.00	1.47
837.21	0.00	1.46
264.71	0.00	1.00
500.00	0.00	1.01
837.21	0.00	0.96
264.38	0.12	1.16
500.00	0.00	1.06
837.21	0.00	1.45
264.71	0.00	1.03
499.47	0.11	1.63
837.21	0.00	0.99
264.71	0.00	1.01
499.55	0.09	1.10
837.21	0.00	0.97
264.71	0.00	0.98
500.00	0.00	0.99
837.21	0.00	0.93
264.71	0.00	0.95
500.00	0.00	0.45
837.21	0.00	0.92
264.19	0.20	1.62
498.49	0.30	1.72
837.21	0.00	0.48
264.71	0.00	1.51
500.00	0.00	1.02
836.32	0.11	1.07
264.71	0.00	1.00
500.00	0.00	1.01
837.21	0.00	0.96
264.71	0.00	0.93
500.00	0.00	0.90
837.21	0.00	0.46
264.71	0.00	0.94
500.00	0.00	0.46
836.03	0.14	0.58
264.71	0.00	1.00
500.00	0.00	0.45
836.56	0.08	1.48
264.71	0.00	1.39
499.30	0.14	1.02
837.21	0.00	0.92
264.71	0.00	2.00
500.00	0.00	1.01
837.21	0.00	0.98
264.71	0.00	0.97
500.00	0.00	0.97
836.56	0.08	1.04
264.43	0.11	1.14
499.47	0.11	1.61
836.45	0.09	1.09
264.71	0.00	1.98
500.00	0.00	1.43
837.21	0.00	0.46
264.15	0.21	1.72
500.00	0.00	0.96
837.21	0.00	0.98
264.71	0.00	1.07
499.39	0.12	1.17
836.32	0.11	1.55
264.71	0.00	1.48
500.00	0.00	0.98
837.21	0.00	0.97
264.71	0.00	0.90
500.00	0.00	1.41
837.21	0.00	0.47
264.71	0.00	0.48
500.00	0.00	1.01
837.21	0.00	1.87
