264.71	0.00	1.03
499.47	0.11	1.12
837.21	0.00	0.96
264.71	0.00	1.08
500.00	0.00	1.64
835.30	0.23	1.21
264.47	0.09	2.60
500.00	0.00	1.61
837.21	0.00	2.13
264.71	0.00	2.57
500.00	0.00	2.18
837.21	0.00	1.68
264.71	0.00	1.56
500.00	0.00	1.07
836.03	0.14	0.61
264.71	0.00	1.59
499.47	0.11	1.69
837.21	0.00	1.56
264.47	0.09	1.34
500.00	0.00	0.55
837.21	0.00	1.47
264.28	0.16	0.66
500.00	0.00	2.10
837.21	0.00	0.97
264.71	0.00	2.90
499.30	0.14	0.63
837.21	0.00	0.51
263.96	0.28	1.74
500.00	0.00	1.08
837.21	0.00	2.01
264.43	0.11	1.68
500.00	0.00	1.71
836.32	0.11	2.10
264.71	0.00	2.22
499.30	0.14	1.19
837.21	0.00	1.44
264.38	0.12	1.92
500.00	0.00	1.61
837.21	0.00	1.65
264.43	0.11	1.34
500.00	0.00	2.73
835.44	0.21	2.23
264.71	0.00	1.52
500.00	0.00	1.62
837.21	0.00	2.04
264.71	0.00	0.96
500.00	0.00	2.07
837.21	0.00	0.99
264.71	0.00	1.56
500.00	0.00	1.06
837.21	0.00	0.49
264.47	0.09	2.09
500.00	0.00	1.54
837.21	0.00	1.06
264.71	0.00	0.53
500.00	0.00	1.53
837.21	0.00	1.37
264.71	0.00	1.00
500.00	0.00	1.00
837.21	0.00	2.39
264.43	0.11	2.03
500.00	0.00	2.57
837.21	0.00	2.47
264.71	0.00	2.46
499.47	0.11	1.27
837.21	0.00	3.60
264.71	0.00	2.65
500.00	0.00	1.12
837.21	0.00	1.05
264.71	0.00	2.11
500.00	0.00	0.65
837.21	0.00	2.51
264.71	0.00	1.22
500.00	0.00	1.40
837.21	0.00	1.47
264.71	0.00	1.69
500.00	0.00	1.96
837.21	0.00	2.50
264.71	0.00	1.60
499.30	0.14	0.62
837.21	0.00	0.49
264.43	0.11	1.10
500.00	0.00	1.10
837.21	0.00	0.96
264.71	0.00	0.52
499.39	0.12	0.60
837.21	0.00	1.42
264.09	0.23	1.80
500.00	0.00	0.53
837.21	0.00	0.94
264.71	0.00	1.60
500.00	0.00	1.59
837.21	0.00	1.50
264.43	0.11	2.25
500.00	0.00	1.07
837.21	0.00	2.02
264.71	0.00	2.72
499.30	0.14	1.42
837.21	0.00	2.45
264.71	0.00	2.16
500.00	0.00	2.46
837.21	0.00	1.95
264.43	0.11	2.74
500.00	0.00	1.55
837.21	0.00	0.56
264.71	0.00	2.09
500.00	0.00	2.07
837.21	0.00	1.60
264.71	0.00	1.46
500.00	0.00	1.59
837.21	0.00	2.42
264.71	0.00	0.97
500.00	0.00	1.08
837.21	0.00	1.93
264.71	0.00	0.48
500.00	0.00	0.50
837.21	0.00	1.00
264.71	0.00	0.95
500.00	0.00	1.47
837.21	0.00	0.50
264.71	0.00	1.53
500.00	0.00	1.05
837.21	0.00	2.08
264.71	0.00	2.05
500.00	0.00	1.16
836.32	0.11	1.05
264.71	0.00	2.42
500.00	0.00	1.21
837.21	0.00	1.11
264.43	0.11	1.10
498.75	0.25	1.94
837.21	0.00	2.18
264.71	0.00	2.52
500.00	0.00	0.99
837.21	0.00	1.43
264.71	0.00	2.02
500.00	0.00	0.56
837.21	0.00	0.96
264.71	0.00	1.05
500.00	0.00	2.03
836.45	0.09	1.11
264.71	0.00	0.49
500.00	0.00	1.03
837.21	0.00	0.94
264.71	0.00	1.28
499.55	0.09	0.63
837.21	0.00	1.96
264.71	0.00	1.67
499.47	0.11	1.18
837.21	0.00	0.94
264.71	0.00	1.57
500.00	0.00	1.47
837.21	0.00	1.45
264.71	0.00	2.08
500.00	0.00	1.98
837.21	0.00	2.50
264.71	0.00	2.34
500.00	0.00	1.46
837.21	0.00	2.03
263.96	0.28	1.85
500.00	0.00	2.02
837.21	0.00	1.46
264.71	0.00	1.93
500.00	0.00	2.89
837.21	0.00	2.10
264.71	0.00	2.41
500.00	0.00	1.68
837.21	0.00	3.06
264.71	0.00	1.47
500.00	0.00	1.05
836.45	0.09	1.08
264.71	0.00	0.93
500.00	0.00	0.58
837.21	0.00	1.53
264.71	0.00	0.51
500.00	0.00	1.64
837.21	0.00	1.04
264.71	0.00	1.15
499.55	0.09	1.07
837.21	0.00	1.52
264.43	0.11	2.64
500.00	0.00	1.55
836.19	0.12	1.52
264.71	0.00	2.13
500.00	0.00	2.10
837.21	0.00	0.92
264.71	0.00	1.54
500.00	0.00	2.49
837.21	0.00	1.55
264.71	0.00	1.05
500.00	0.00	2.04
837.21	0.00	1.02
264.71	0.00	1.48
500.00	0.00	1.09
837.21	0.00	0.50
264.71	0.00	1.01
500.00	0.00	0.47
837.21	0.00	1.45
264.71	0.00	2.16
500.00	0.00	0.53
837.21	0.00	0.53
264.04	0.25	2.20
499.09	0.18	1.80
837.21	0.00	0.99
264.47	0.09	1.66
499.55	0.09	0.64
837.21	0.00	2.05
264.71	0.00	1.05
500.00	0.00	1.13
836.45	0.09	1.05
264.71	0.00	1.28
500.00	0.00	2.63
836.32	0.11	1.61
264.71	0.00	1.45
500.00	0.00	2.86
837.21	0.00	2.09
264.71	0.00	1.60
500.00	0.00	1.08
837.21	0.00	1.43
264.71	0.00	1.03
500.00	0.00	0.45
837.21	0.00	0.95
264.71	0.00	1.52
500.00	0.00	2.75
837.21	0.00	2.10
264.33	0.14	2.20
500.00	0.00	1.64
837.21	0.00	2.00
264.71	0.00	1.10
500.00	0.00	1.16
837.21	0.00	1.41
264.71	0.00	1.27
499.30	0.14	0.69
837.21	0.00	2.40
264.71	0.00	3.01
500.00	0.00	0.61
837.21	0.00	2.51
263.91	0.30	2.44
500.00	0.00	1.96
837.21	0.00	1.98
264.71	0.00	1.21
500.00	0.00	1.52
837.21	0.00	1.49
264.71	0.00	1.68
500.00	0.00	2.00
837.21	0.00	1.50
264.47	0.09	1.87
500.00	0.00	1.06
837.21	0.00	2.34
264.71	0.00	0.63
500.00	0.00	0.57
837.21	0.00	1.88
264.71	0.00	2.70
500.00	0.00	1.72
837.21	0.00	0.55
264.71	0.00	3.05
500.00	0.00	1.07
837.21	0.00	1.59
264.71	0.00	1.62
500.00	0.00	1.59
837.21	0.00	1.12
264.71	0.00	1.03
500.00	0.00	2.09
836.32	0.11	1.71
264.71	0.00	0.53
500.00	0.00	1.59
837.21	0.00	2.64
264.71	0.00	1.74
500.00	0.00	2.69
837.21	0.00	2.10
264.71	0.00	1.11
500.00	0.00	1.43
837.21	0.00	0.99
264.71	0.00	2.00
500.00	0.00	0.96
837.21	0.00	0.99
264.38	0.12	1.34
500.00	0.00	1.68
836.32	0.11	1.72
264.71	0.00	1.88
500.00	0.00	2.21
835.57	0.20	2.33
264.71	0.00	1.21
500.00	0.00	1.22
837.21	0.00	1.46
264.71	0.00	1.59
500.00	0.00	1.60
837.21	0.00	1.94
264.71	0.00	1.50
500.00	0.00	0.98
837.21	0.00	0.53
264.71	0.00	1.98
498.85	0.23	1.64
837.21	0.00	0.55
264.71	0.00	2.10
499.30	0.14	1.56
837.21	0.00	1.11
264.71	0.00	1.00
500.00	0.00	2.08
836.32	0.11	1.48
264.71	0.00	2.79
499.47	0.11	2.43
837.21	0.00	2.28
264.71	0.00	2.26
500.00	0.00	1.15
836.45	0.09	2.11
264.71	0.00	1.41
500.00	0.00	1.41
837.21	0.00	0.99
264.71	0.00	0.91
500.00	0.00	1.44
837.21	0.00	0.52
264.71	0.00	1.78
500.00	0.00	1.47
837.21	0.00	2.62
264.71	0.00	2.95
499.55	0.09	1.84
836.45	0.09	2.12
264.71	0.00	2.63
500.00	0.00	0.56
837.21	0.00	1.65
264.71	0.00	2.07
500.00	0.00	2.18
836.32	0.11	0.64
264.47	0.09	0.57
500.00	0.00	0.51
837.21	0.00	0.48
264.71	0.00	2.20
499.61	0.08	1.54
836.32	0.11	1.54
264.71	0.00	1.77
499.47	0.11	2.21
837.21	0.00	2.01
264.71	0.00	1.69
500.00	0.00	1.24
837.21	0.00	1.51
264.71	0.00	1.06
499.30	0.14	1.19
837.21	0.00	1.45
264.71	0.00	0.99
500.00	0.00	1.53
837.21	0.00	0.95
264.71	0.00	1.63
500.00	0.00	1.54
836.45	0.09	1.57
264.71	0.00	0.69
500.00	0.00	2.02
837.21	0.00	2.04
264.71	0.00	1.10
500.00	0.00	1.19
837.21	0.00	1.51
264.71	0.00	0.61
500.00	0.00	2.15
837.21	0.00	2.41
264.71	0.00	1.46
498.86	0.23	1.67
837.21	0.00	0.53
264.71	0.00	2.12
500.00	0.00	2.16
837.21	0.00	1.07
264.71	0.00	1.66
500.00	0.00	1.56
836.19	0.12	1.66
264.71	0.00	2.21
500.00	0.00	2.12
837.21	0.00	2.14
264.71	0.00	1.96
500.00	0.00	1.19
836.45	0.09	2.12
264.71	0.00	0.58
500.00	0.00	2.28
837.21	0.00	2.64
264.71	0.00	1.59
500.00	0.00	1.09
836.45	0.09	0.63
264.71	0.00	2.15
499.55	0.09	2.24
835.44	0.21	1.84
264.71	0.00	1.19
500.00	0.00	0.62
837.21	0.00	2.38
264.71	0.00	1.30
500.00	0.00	1.08
837.21	0.00	1.91
264.71	0.00	1.27
500.00	0.00	0.53
834.68	0.30	1.85
264.10	0.23	1.85
500.00	0.00	1.74
837.21	0.00	0.51
264.71	0.00	1.18
500.00	0.00	2.13
837.21	0.00	1.49
264.43	0.11	1.83
500.00	0.00	1.04
837.21	0.00	1.56
264.71	0.00	1.25
500.00	0.00	1.26
836.32	0.11	1.51
264.71	0.00	0.46
500.00	0.00	1.62
837.21	0.00	2.52
264.71	0.00	1.57
500.00	0.00	2.21
836.32	0.11	0.68
264.71	0.00	2.10
499.47	0.11	1.12
837.21	0.00	1.09
264.71	0.00	1.95
499.39	0.12	0.56
837.21	0.00	0.49
264.71	0.00	1.47
500.00	0.00	1.54
837.21	0.00	0.49
264.43	0.11	1.68
500.00	0.00	0.53
837.21	0.00	0.53
264.43	0.11	2.27
500.00	0.00	1.19
837.21	0.00	2.02
264.71	0.00	3.38
500.00	0.00	1.59
837.21	0.00	2.69
264.71	0.00	2.07
500.00	0.00	2.43
836.56	0.08	2.19
264.71	0.00	1.49
500.00	0.00	1.51
837.21	0.00	1.08
264.71	0.00	2.02
500.00	0.00	1.02
837.21	0.00	1.42
264.71	0.00	1.61
500.00	0.00	1.64
837.21	0.00	1.07
264.47	0.09	2.13
500.00	0.00	0.48
837.21	0.00	1.49
264.71	0.00	1.65
500.00	0.00	0.59
835.57	0.20	1.83
264.71	0.00	2.17
499.55	0.09	1.82
836.32	0.11	1.19
264.71	0.00	1.48
498.94	0.21	1.61
837.21	0.00	1.11
264.71	0.00	2.66
500.00	0.00	1.24
837.21	0.00	1.52
264.71	0.00	1.49
500.00	0.00	1.48
837.21	0.00	1.54
264.71	0.00	1.98
500.00	0.00	1.93
837.21	0.00	1.01
264.71	0.00	1.48
500.00	0.00	0.94
836.32	0.11	1.05
264.71	0.00	2.55
500.00	0.00	0.95
836.45	0.09	1.67
264.71	0.00	1.17
500.00	0.00	1.60
837.21	0.00	0.55
264.71	0.00	2.29
500.00	0.00	2.04
837.21	0.00	2.15
264.71	0.00	1.71
500.00	0.00	0.58
837.21	0.00	1.45
264.71	0.00	2.38
499.55	0.09	1.37
837.21	0.00	2.48
264.71	0.00	1.53
500.00	0.00	0.99
836.03	0.14	1.51
264.43	0.11	1.08
499.47	0.11	0.73
837.21	0.00	0.94
264.71	0.00	1.71
500.00	0.00	1.29
837.21	0.00	2.62
264.43	0.11	2.34
500.00	0.00	1.24
835.57	0.20	2.16
264.71	0.00	2.56
500.00	0.00	2.06
837.21	0.00	1.09
264.71	0.00	2.07
500.00	0.00	1.47
835.87	0.16	0.69
264.71	0.00	1.15
500.00	0.00	0.94
837.21	0.00	0.50
264.33	0.14	0.63
500.00	0.00	1.84
836.32	0.11	1.53
264.71	0.00	2.18
500.00	0.00	0.58
837.21	0.00	1.97
264.71	0.00	1.58
500.00	0.00	1.06
835.44	0.21	1.55
264.71	0.00	2.12
500.00	0.00	1.43
837.21	0.00	0.51
264.47	0.09	1.60
500.00	0.00	0.93
836.32	0.11	1.12
264.71	0.00	1.20
499.47	0.11	2.26
837.21	0.00	1.11
264.71	0.00	2.20
500.00	0.00	1.69
837.21	0.00	1.55
264.71	0.00	1.58
500.00	0.00	1.13
836.32	0.11	1.12
264.71	0.00	2.11
500.00	0.00	0.62
836.45	0.09	2.20
264.71	0.00	1.82
500.00	0.00	2.64
837.21	0.00	0.54
264.28	0.16	0.66
500.00	0.00	0.96
836.32	0.11	1.64
264.71	0.00	1.48
500.00	0.00	0.48
837.21	0.00	1.40
264.71	0.00	0.98
500.00	0.00	0.96
837.21	0.00	1.85
264.71	0.00	1.53
499.55	0.09	1.61
837.21	0.00	1.56
264.43	0.11	1.77
500.00	0.00	1.10
837.21	0.00	0.49
264.71	0.00	1.13
500.00	0.00	1.53
836.03	0.14	1.58
264.43	0.11	2.31
500.00	0.00	1.03
837.21	0.00	2.05
264.71	0.00	2.28
500.00	0.00	1.12
837.21	0.00	1.05
264.71	0.00	2.68
499.47	0.11	1.35
835.44	0.21	2.28
264.71	0.00	2.53
499.47	0.11	1.73
837.21	0.00	1.53
264.71	0.00	1.40
500.00	0.00	2.22
837.21	0.00	1.98
264.09	0.23	1.27
500.00	0.00	0.56
837.21	0.00	1.45
264.71	0.00	0.61
500.00	0.00	1.62
837.21	0.00	1.94
264.71	0.00	1.50
500.00	0.00	0.55
837.21	0.00	1.90
264.71	0.00	0.96
500.00	0.00	0.61
837.21	0.00	0.93
264.43	0.11	1.60
500.00	0.00	1.38
837.21	0.00	1.12
264.71	0.00	2.08
500.00	0.00	1.89
835.30	0.23	1.69
264.71	0.00	1.16
500.00	0.00	1.53
836.45	0.09	1.58
264.71	0.00	0.45
500.00	0.00	2.07
837.21	0.00	0.95
264.71	0.00	1.58
500.00	0.00	1.18
837.21	0.00	1.46
264.71	0.00	2.08
500.00	0.00	1.23
837.21	0.00	1.95
264.71	0.00	1.59
500.00	0.00	0.56
837.21	0.00	0.51
264.71	0.00	2.12
500.00	0.00	1.69
837.21	0.00	2.56
264.19	0.20	2.45
500.00	0.00	0.61
837.21	0.00	1.47
264.71	0.00	1.31
500.00	0.00	1.72
837.21	0.00	2.51
264.71	0.00	1.22
500.00	0.00	2.42
837.21	0.00	1.49
264.71	0.00	2.30
499.47	0.11	1.19
836.45	0.09	2.09
264.71	0.00	1.02
500.00	0.00	1.03
837.21	0.00	0.97
264.43	0.11	0.57
500.00	0.00	0.53
837.21	0.00	0.94
264.71	0.00	1.44
500.00	0.00	1.44
837.21	0.00	0.54
264.71	0.00	1.91
500.00	0.00	1.91
837.21	0.00	1.05
264.71	0.00	1.17
500.00	0.00	1.62
837.21	0.00	0.55
264.71	0.00	1.23
498.50	0.30	2.29
837.21	0.00	1.55
264.71	0.00	0.50
500.00	0.00	1.05
837.21	0.00	0.47
264.47	0.09	1.63
500.00	0.00	1.51
836.32	0.11	1.04
264.71	0.00	1.54
500.00	0.00	2.11
837.21	0.00	1.08
264.71	0.00	2.06
500.00	0.00	1.61
836.32	0.11	1.66
264.71	0.00	2.27
500.00	0.00	1.68
837.21	0.00	1.49
264.43	0.11	1.09
500.00	0.00	0.60
837.21	0.00	0.97
264.71	0.00	1.55
500.00	0.00	1.54
836.03	0.14	0.62
264.71	0.00	2.05
500.00	0.00	0.98
837.21	0.00	1.60
264.71	0.00	1.62
500.00	0.00	1.60
837.21	0.00	1.49
264.71	0.00	1.04
500.00	0.00	1.66
837.21	0.00	1.97
264.71	0.00	0.50
500.00	0.00	1.62
837.21	0.00	0.54
264.71	0.00	0.96
499.55	0.09	2.05
835.01	0.26	1.27
264.71	0.00	1.62
499.30	0.14	1.73
836.45	0.09	1.59
264.71	0.00	2.18
499.30	0.14	1.35
836.45	0.09	2.16
264.71	0.00	1.43
500.00	0.00	1.01
837.21	0.00	0.95
264.71	0.00	0.92
500.00	0.00	0.54
836.19	0.12	1.03
264.71	0.00	2.19
500.00	0.00	2.04
837.21	0.00	1.09
264.71	0.00	2.58
499.02	0.20	1.78
837.21	0.00	0.55
264.71	0.00	1.50
500.00	0.00	0.58
837.21	0.00	1.90
264.71	0.00	1.05
500.00	0.00	1.04
837.21	0.00	1.37
264.71	0.00	1.43
500.00	0.00	0.49
837.21	0.00	0.47
264.71	0.00	1.91
500.00	0.00	0.98
837.21	0.00	0.51
264.15	0.21	2.91
500.00	0.00	1.78
837.21	0.00	1.48
264.71	0.00	2.25
500.00	0.00	0.63
837.21	0.00	2.11
264.71	0.00	1.64
500.00	0.00	1.69
837.21	0.00	1.01
264.33	0.14	1.06
500.00	0.00	0.57
837.21	0.00	1.96
264.71	0.00	1.13
500.00	0.00	1.53
837.21	0.00	0.51
264.71	0.00	1.57
500.00	0.00	0.96
837.21	0.00	1.47
264.71	0.00	0.98
500.00	0.00	2.13
837.21	0.00	1.10
264.43	0.11	2.23
500.00	0.00	2.03
837.21	0.00	1.57
264.71	0.00	1.74
500.00	0.00	2.04
837.21	0.00	1.51
264.71	0.00	1.29
500.00	0.00	2.13
837.21	0.00	0.98
264.71	0.00	1.95
500.00	0.00	2.38
836.03	0.14	1.69
264.71	0.00	2.13
500.00	0.00	1.02
835.57	0.20	2.26
264.71	0.00	1.55
500.00	0.00	2.09
835.15	0.25	1.69
264.71	0.00	1.07
500.00	0.00	1.98
837.21	0.00	1.07
264.15	0.21	2.70
500.00	0.00	3.28
837.21	0.00	2.21
264.01	0.26	2.05
500.00	0.00	2.14
837.21	0.00	1.63
264.71	0.00	1.44
500.00	0.00	1.02
837.21	0.00	1.39
264.71	0.00	0.92
500.00	0.00	1.61
837.21	0.00	1.86
264.19	0.20	1.80
500.00	0.00	1.55
837.21	0.00	0.52
264.71	0.00	2.29
499.47	0.11	1.31
837.21	0.00	1.52
264.71	0.00	2.61
499.30	0.14	1.62
837.21	0.00	1.53
264.71	0.00	2.74
500.00	0.00	1.01
837.21	0.00	1.98
264.33	0.14	1.68
500.00	0.00	1.53
837.21	0.00	1.65
264.71	0.00	2.23
499.47	0.11	2.15
836.32	0.11	1.13
264.71	0.00	1.12
500.00	0.00	1.54
837.21	0.00	1.00
264.71	0.00	0.52
500.00	0.00	1.97
836.45	0.09	1.60
264.71	0.00	1.98
499.30	0.14	0.59
835.57	0.20	1.24
264.71	0.00	1.50
500.00	0.00	1.58
837.21	0.00	0.47
264.19	0.20	1.77
500.00	0.00	1.94
837.21	0.00	1.43
264.71	0.00	1.41
500.00	0.00	0.98
837.21	0.00	0.96
264.71	0.00	1.59
499.47	0.11	1.17
837.21	0.00	0.99
264.71	0.00	2.04
499.47	0.11	0.65
837.21	0.00	1.40
264.43	0.11	1.62
500.00	0.00	1.82
837.21	0.00	2.56
264.71	0.00	1.27
498.94	0.21	2.45
837.21	0.00	2.06
264.71	0.00	1.56
500.00	0.00	0.93
837.21	0.00	1.47
264.71	0.00	2.06
500.00	0.00	2.21
837.21	0.00	1.96
264.71	0.00	1.44
499.30	0.14	1.12
837.21	0.00	1.05
264.71	0.00	1.97
500.00	0.00	2.15
837.21	0.00	0.48
264.43	0.11	0.58
500.00	0.00	2.16
836.19	0.12	0.59
264.71	0.00	1.55
498.69	0.26	1.20
837.21	0.00	0.46
264.43	0.11	2.52
499.47	0.11	1.58
837.21	0.00	1.03
264.71	0.00	1.92
500.00	0.00	2.07
837.21	0.00	1.14
264.33	0.14	1.43
500.00	0.00	1.66
836.45	0.09	1.60
264.33	0.14	0.58
500.00	0.00	2.79
836.56	0.08	2.74
264.71	0.00	1.96
500.00	0.00	1.20
837.21	0.00	1.45
264.33	0.14	1.90
500.00	0.00	0.47
837.21	0.00	2.43
264.71	0.00	1.05
500.00	0.00	0.51
835.68	0.18	1.72
264.33	0.14	0.72
500.00	0.00	1.54
837.21	0.00	0.51
264.71	0.00	0.49
500.00	0.00	1.49
837.21	0.00	1.44
264.71	0.00	0.96
500.00	0.00	1.01
837.21	0.00	0.97
264.71	0.00	1.05
500.00	0.00	2.05
837.21	0.00	1.49
264.71	0.00	1.17
500.00	0.00	0.96
837.21	0.00	0.98
264.33	0.14	1.59
500.00	0.00	2.66
836.45	0.09	1.68
264.71	0.00	1.05
499.47	0.11	1.58
837.21	0.00	0.53
264.38	0.12	1.27
499.47	0.11	1.67
837.21	0.00	0.54
264.47	0.09	2.45
500.00	0.00	1.01
837.21	0.00	2.08
264.71	0.00	1.53
500.00	0.00	1.06
837.21	0.00	1.42
264.71	0.00	1.03
500.00	0.00	0.51
837.21	0.00	0.95
264.50	0.08	2.77
500.00	0.00	1.24
837.21	0.00	2.01
264.71	0.00	2.20
500.00	0.00	1.16
837.21	0.00	1.51
264.43	0.11	1.60
500.00	0.00	2.19
837.21	0.00	1.62
264.71	0.00	2.86
499.39	0.12	1.10
837.21	0.00	1.13
264.71	0.00	1.37
500.00	0.00	2.78
837.21	0.00	1.57
264.71	0.00	0.69
499.55	0.09	2.25
837.21	0.00	2.06
264.71	0.00	1.61
500.00	0.00	1.56
837.21	0.00	1.62
264.71	0.00	2.71
500.00	0.00	1.06
836.03	0.14	1.11
264.71	0.00	1.63
500.00	0.00	1.56
837.21	0.00	1.10
264.71	0.00	2.11
500.00	0.00	2.06
837.21	0.00	2.09
264.71	0.00	0.69
500.00	0.00	1.72
836.32	0.11	2.59
264.71	0.00	2.50
500.00	0.00	1.79
837.21	0.00	1.97
264.71	0.00	1.15
500.00	0.00	1.12
837.21	0.00	2.08
264.71	0.00	2.12
500.00	0.00	1.71
836.03	0.14	1.05
264.71	0.00	1.00
500.00	0.00	1.01
837.21	0.00	0.97
264.71	0.00	1.55
500.00	0.00	1.02
837.21	0.00	0.97
264.71	0.00	1.54
500.00	0.00	1.45
837.21	0.00	0.46
263.91	0.30	1.82
500.00	0.00	0.97
835.30	0.23	1.24
264.43	0.11	1.83
500.00	0.00	0.51
836.32	0.11	0.58
264.71	0.00	1.71
499.55	0.09	0.67
837.21	0.00	1.56
264.71	0.00	0.55
500.00	0.00	1.16
837.21	0.00	1.44
264.71	0.00	1.01
500.00	0.00	1.58
837.21	0.00	1.92
264.33	0.14	1.74
500.00	0.00	1.22
837.21	0.00	1.48
264.71	0.00	2.86
499.61	0.08	0.69
837.21	0.00	0.96
264.71	0.00	2.80
500.00	0.00	1.61
837.21	0.00	1.49
264.47	0.09	2.30
500.00	0.00	2.06
837.21	0.00	1.98
264.71	0.00	1.15
500.00	0.00	1.54
836.45	0.09	0.63
264.71	0.00	0.62
500.00	0.00	0.99
837.21	0.00	1.59
264.43	0.11	1.37
500.00	0.00	1.61
837.21	0.00	1.55
264.71	0.00	0.63
499.61	0.08	2.18
834.68	0.30	2.81
264.43	0.11	1.69
500.00	0.00	0.58
837.21	0.00	1.41
264.33	0.14	1.07
500.00	0.00	0.51
837.21	0.00	1.90
264.71	0.00	1.16
499.30	0.14	1.29
837.21	0.00	1.43
264.71	0.00	1.23
500.00	0.00	2.11
837.21	0.00	1.93
264.71	0.00	2.35
500.00	0.00	1.63
837.21	0.00	1.57
264.71	0.00	1.06
500.00	0.00	1.05
836.56	0.08	2.07
264.71	0.00	0.96
499.47	0.11	1.18
837.21	0.00	0.49
264.71	0.00	0.61
500.00	0.00	1.09
836.45	0.09	1.04
264.71	0.00	2.04
499.20	0.16	0.61
836.32	0.11	0.57
264.71	0.00	0.93
500.00	0.00	1.66
837.21	0.00	1.65
264.71	0.00	0.49
498.60	0.28	1.29
837.21	0.00	1.49
264.71	0.00	1.58
500.00	0.00	0.52
837.21	0.00	0.94
264.71	0.00	1.27
500.00	0.00	1.55
836.32	0.11	1.11
264.05	0.25	1.80
499.30	0.14	1.07
837.21	0.00	1.52
264.71	0.00	1.69
500.00	0.00	1.12
837.21	0.00	0.93
264.71	0.00	0.50
500.00	0.00	2.11
837.21	0.00	1.95
264.47	0.09	1.74
500.00	0.00	1.20
837.21	0.00	1.13
264.71	0.00	2.29
500.00	0.00	2.30
837.21	0.00	2.17
264.71	0.00	1.10
500.00	0.00	0.50
836.19	0.12	0.63
264.47	0.09	2.16
500.00	0.00	1.51
837.21	0.00	0.49
264.71	0.00	1.74
500.00	0.00	0.59
837.21	0.00	1.43
264.71	0.00	0.61
500.00	0.00	1.05
837.21	0.00	1.89
264.71	0.00	1.54
500.00	0.00	1.58
837.21	0.00	1.51
264.71	0.00	2.02
499.09	0.18	2.18
837.21	0.00	1.01
264.71	0.00	2.21
500.00	0.00	1.58
837.21	0.00	1.52
264.71	0.00	1.02
499.55	0.09	2.15
837.21	0.00	2.03
264.71	0.00	2.76
500.00	0.00	1.60
836.32	0.11	0.69
264.71	0.00	3.24
500.00	0.00	2.13
837.21	0.00	1.75
264.71	0.00	1.09
499.47	0.11	0.61
837.21	0.00	0.51
264.71	0.00	0.59
500.00	0.00	1.06
837.21	0.00	0.95
264.71	0.00	1.09
500.00	0.00	1.03
837.21	0.00	0.49
264.71	0.00	0.55
499.30	0.14	1.17
837.21	0.00	1.43
264.71	0.00	1.35
500.00	0.00	1.67
837.21	0.00	1.53
264.43	0.11	1.75
500.00	0.00	2.11
837.21	0.00	2.02
264.71	0.00	1.02
500.00	0.00	1.50
837.21	0.00	1.51
264.71	0.00	1.71
500.00	0.00	2.62
837.21	0.00	1.00
264.33	0.14	1.79
500.00	0.00	1.16
836.32	0.11	1.15
264.43	0.11	1.15
500.00	0.00	1.63
837.21	0.00	1.56
264.71	0.00	2.71
500.00	0.00	1.21
837.21	0.00	0.51
264.43	0.11	2.17
500.00	0.00	1.53
837.21	0.00	1.50
264.71	0.00	1.89
500.00	0.00	1.69
836.19	0.12	1.74
264.47	0.09	2.49
500.00	0.00	2.86
835.28	0.23	2.37
264.09	0.23	1.87
500.00	0.00	2.49
837.21	0.00	1.44
264.00	0.27	2.50
500.00	0.00	3.65
836.32	0.11	2.07
264.71	0.00	1.53
500.00	0.00	1.62
836.03	0.14	1.61
264.71	0.00	1.01
498.81	0.24	2.24
837.21	0.00	1.13
264.71	0.00	1.56
500.00	0.00	1.58
837.21	0.00	0.54
264.71	0.00	2.63
500.00	0.00	2.71
837.21	0.00	1.60
264.43	0.11	1.67
500.00	0.00	1.16
837.21	0.00	1.47
264.71	0.00	1.10
500.00	0.00	1.55
837.21	0.00	0.98
264.71	0.00	2.41
500.00	0.00	2.36
837.21	0.00	3.06
264.71	0.00	1.08
500.00	0.00	1.08
837.21	0.00	1.98
264.71	0.00	2.88
500.00	0.00	1.74
837.21	0.00	1.55
264.43	0.11	3.44
500.00	0.00	1.16
837.21	0.00	3.18
264.71	0.00	1.95
500.00	0.00	1.43
837.21	0.00	1.44
264.71	0.00	0.91
500.00	0.00	0.96
837.21	0.00	0.96
264.43	0.11	1.13
499.55	0.09	1.16
837.21	0.00	0.48
264.43	0.11	1.68
500.00	0.00	1.54
837.21	0.00	0.95
264.71	0.00	1.06
500.00	0.00	0.48
835.87	0.16	0.60
264.71	0.00	0.54
500.00	0.00	0.99
835.01	0.26	1.18
264.71	0.00	1.47
500.00	0.00	1.01
837.21	0.00	0.52
264.71	0.00	0.94
500.00	0.00	2.00
837.21	0.00	0.97
264.71	0.00	1.02
500.00	0.00	1.49
837.21	0.00	1.92
264.71	0.00	1.16
500.00	0.00	1.56
837.21	0.00	1.44
264.71	0.00	1.75
499.47	0.11	1.69
837.21	0.00	1.00
264.50	0.08	2.30
499.47	0.11	2.29
836.45	0.09	2.19
264.71	0.00	1.48
500.00	0.00	1.03
837.21	0.00	1.40
264.71	0.00	1.93
500.00	0.00	0.51
837.21	0.00	1.86
264.71	0.00	1.12
500.00	0.00	1.44
837.21	0.00	0.51
264.71	0.00	2.00
500.00	0.00	1.95
837.21	0.00	0.97
264.71	0.00	1.65
500.00	0.00	0.58
837.21	0.00	1.12
264.71	0.00	3.62
500.00	0.00	2.89
837.21	0.00	2.21
264.50	0.08	1.66
500.00	0.00	1.50
836.19	0.12	1.54
264.71	0.00	2.19
500.00	0.00	1.59
837.21	0.00	1.04
264.50	0.08	2.41
500.00	0.00	2.19
836.32	0.11	1.64
264.71	0.00	2.86
500.00	0.00	1.07
837.21	0.00	2.09
264.71	0.00	1.06
500.00	0.00	1.50
837.21	0.00	0.52
264.71	0.00	1.61
500.00	0.00	0.99
837.21	0.00	1.97
264.71	0.00	1.68
500.00	0.00	2.80
837.21	0.00	2.52
264.71	0.00	1.07
500.00	0.00	1.72
837.21	0.00	2.03
264.71	0.00	1.58
500.00	0.00	1.10
837.21	0.00	1.39
264.33	0.14	2.22
499.30	0.14	1.73
837.21	0.00	2.44
264.71	0.00	1.47
500.00	0.00	1.14
836.32	0.11	1.16
264.71	0.00	2.60
500.00	0.00	1.61
837.21	0.00	0.52
264.71	0.00	1.55
500.00	0.00	1.25
837.21	0.00	1.45
264.71	0.00	3.33
500.00	0.00	1.21
837.21	0.00	1.94
264.71	0.00	1.64
500.00	0.00	1.71
837.21	0.00	1.45
264.71	0.00	2.42
498.69	0.26	2.28
837.21	0.00	2.54
264.71	0.00	1.11
500.00	0.00	1.64
836.32	0.11	0.59
264.71	0.00	0.98
500.00	0.00	0.55
837.21	0.00	1.57
264.19	0.20	1.74
500.00	0.00	1.52
837.21	0.00	0.54
264.71	0.00	2.36
500.00	0.00	1.01
837.21	0.00	0.99
264.47	0.09	2.65
500.00	0.00	1.15
837.21	0.00	1.95
264.71	0.00	2.18
500.00	0.00	0.56
837.21	0.00	1.92
264.71	0.00	1.71
500.00	0.00	1.55
837.21	0.00	1.44
264.28	0.16	1.19
500.00	0.00	1.00
837.21	0.00	1.93
264.01	0.26	1.84
500.00	0.00	2.28
837.21	0.00	0.55
264.71	0.00	3.15
500.00	0.00	1.18
837.21	0.00	1.60
264.71	0.00	1.59
500.00	0.00	2.45
837.21	0.00	1.53
264.71	0.00	2.15
500.00	0.00	2.00
837.21	0.00	1.03
264.71	0.00	2.73
500.00	0.00	0.49
837.21	0.00	0.51
264.43	0.11	1.56
500.00	0.00	1.69
836.45	0.09	1.57
264.71	0.00	1.06
500.00	0.00	1.48
837.21	0.00	1.09
264.71	0.00	1.65
499.47	0.11	2.03
836.19	0.12	0.62
264.71	0.00	1.17
500.00	0.00	1.17
837.21	0.00	1.43
264.71	0.00	1.05
500.00	0.00	1.50
837.21	0.00	1.51
264.71	0.00	1.51
500.00	0.00	2.49
837.21	0.00	1.55
264.71	0.00	2.66
500.00	0.00	1.97
836.19	0.12	1.08
264.71	0.00	2.97
499.09	0.18	2.52
837.21	0.00	1.63
264.43	0.11	3.61
500.00	0.00	3.62
837.21	0.00	3.32
264.71	0.00	2.24
500.00	0.00	1.55
837.21	0.00	1.02
264.71	0.00	1.07
500.00	0.00	3.17
837.21	0.00	2.59
264.71	0.00	1.13
500.00	0.00	1.57
837.21	0.00	1.03
264.71	0.00	1.13
499.47	0.11	1.11
836.32	0.11	1.08
264.71	0.00	1.60
500.00	0.00	1.52
837.21	0.00	1.57
264.71	0.00	0.64
500.00	0.00	1.60
836.32	0.11	1.10
264.71	0.00	2.52
500.00	0.00	1.21
837.21	0.00	1.45
264.71	0.00	2.01
499.47	0.11	0.71
837.21	0.00	0.96
264.71	0.00	2.23
500.00	0.00	1.27
837.21	0.00	2.07
264.71	0.00	1.00
499.61	0.08	0.66
836.45	0.09	1.05
264.47	0.09	1.82
500.00	0.00	1.85
837.21	0.00	3.47
264.71	0.00	1.80
500.00	0.00	1.17
837.21	0.00	2.94
264.71	0.00	2.16
500.00	0.00	1.80
837.21	0.00	1.05
264.71	0.00	1.57
499.47	0.11	0.64
836.32	0.11	1.63
264.71	0.00	2.79
500.00	0.00	2.10
837.21	0.00	2.05
264.50	0.08	2.23
500.00	0.00	0.98
837.21	0.00	2.52
264.71	0.00	1.12
500.00	0.00	2.11
837.21	0.00	2.01
264.71	0.00	1.02
500.00	0.00	1.04
837.21	0.00	1.50
264.71	0.00	1.14
500.00	0.00	2.48
836.32	0.11	0.64
264.19	0.20	1.54
500.00	0.00	1.96
837.21	0.00	1.72
264.71	0.00	0.50
500.00	0.00	1.41
837.21	0.00	0.52
264.71	0.00	1.00
500.00	0.00	1.93
837.21	0.00	0.97
264.71	0.00	1.78
500.00	0.00	1.60
836.32	0.11	1.55
264.71	0.00	1.18
500.00	0.00	0.58
837.21	0.00	2.49
264.33	0.14	1.65
499.55	0.09	1.29
837.21	0.00	1.41
264.71	0.00	1.13
500.00	0.00	1.77
837.21	0.00	1.90
264.71	0.00	2.54
500.00	0.00	1.55
837.21	0.00	0.55
264.71	0.00	3.02
500.00	0.00	1.02
837.21	0.00	1.54
264.71	0.00	2.49
500.00	0.00	1.76
837.21	0.00	1.57
264.71	0.00	1.13
498.91	0.22	2.40
837.21	0.00	2.66
264.71	0.00	0.47
500.00	0.00	1.98
836.32	0.11	0.61
264.71	0.00	1.68
500.00	0.00	1.53
836.45	0.09	1.15
264.71	0.00	2.68
500.00	0.00	1.19
837.21	0.00	1.55
264.71	0.00	3.19
499.09	0.18	2.02
837.21	0.00	2.66
264.43	0.11	1.26
500.00	0.00	2.25
837.21	0.00	1.13
264.71	0.00	2.46
500.00	0.00	2.65
837.21	0.00	2.73
264.43	0.11	1.70
500.00	0.00	1.58
837.21	0.00	1.62
264.47	0.09	2.35
500.00	0.00	1.00
837.21	0.00	1.52
264.71	0.00	1.49
500.00	0.00	0.51
837.21	0.00	0.51
264.71	0.00	1.01
499.09	0.18	1.74
837.21	0.00	0.97
264.71	0.00	1.44
500.00	0.00	1.48
837.21	0.00	0.55
264.71	0.00	0.93
500.00	0.00	1.98
837.21	0.00	1.01
264.71	0.00	1.01
500.00	0.00	1.36
837.21	0.00	0.94
264.71	0.00	1.09
500.00	0.00	0.90
837.21	0.00	1.39
264.71	0.00	3.13
500.00	0.00	1.84
837.21	0.00	3.06
264.47	0.09	1.79
499.20	0.16	1.22
837.21	0.00	1.98
264.71	0.00	2.30
500.00	0.00	1.58
837.21	0.00	1.47
264.47	0.09	1.66
500.00	0.00	2.07
837.21	0.00	2.54
264.05	0.25	1.83
500.00	0.00	1.65
837.21	0.00	0.55
263.91	0.30	2.40
499.55	0.09	2.06
837.21	0.00	1.02
264.71	0.00	0.54
500.00	0.00	0.60
837.21	0.00	1.53
264.71	0.00	1.69
500.00	0.00	1.11
836.19	0.12	2.04
264.71	0.00	1.20
500.00	0.00	1.51
837.21	0.00	1.51
264.71	0.00	1.61
500.00	0.00	2.06
837.21	0.00	0.97
264.47	0.09	2.49
500.00	0.00	1.46
837.21	0.00	1.01
264.71	0.00	2.03
500.00	0.00	0.97
837.21	0.00	0.53
264.43	0.11	1.66
500.00	0.00	1.16
836.45	0.09	1.59
264.71	0.00	2.25
500.00	0.00	1.57
837.21	0.00	1.07
264.71	0.00	1.02
500.00	0.00	0.48
837.21	0.00	0.45
264.71	0.00	0.54
500.00	0.00	0.96
837.21	0.00	0.91
264.71	0.00	1.51
500.00	0.00	1.54
837.21	0.00	1.43
264.71	0.00	1.71
499.47	0.11	1.07
837.21	0.00	2.34
264.71	0.00	1.18
500.00	0.00	1.70
837.21	0.00	2.07
264.71	0.00	0.99
500.00	0.00	1.20
836.32	0.11	1.04
264.71	0.00	2.08
500.00	0.00	1.58
836.32	0.11	1.62
264.71	0.00	1.01
500.00	0.00	2.08
837.21	0.00	2.07
264.71	0.00	2.68
499.47	0.11	1.68
835.57	0.20	1.75
264.71	0.00	3.24
500.00	0.00	2.22
837.21	0.00	1.13
264.71	0.00	1.46
499.47	0.11	0.62
837.21	0.00	1.49
264.71	0.00	0.92
500.00	0.00	1.56
837.21	0.00	0.49
264.38	0.12	0.64
500.00	0.00	2.45
837.21	0.00	0.51
264.71	0.00	1.24
500.00	0.00	1.94
836.45	0.09	1.23
264.71	0.00	1.10
500.00	0.00	1.07
837.21	0.00	0.97
264.43	0.11	1.09
499.30	0.14	1.08
835.01	0.26	1.20
264.71	0.00	3.07
500.00	0.00	1.54
837.21	0.00	1.47
264.71	0.00	2.04
500.00	0.00	1.57
837.21	0.00	1.96
264.71	0.00	1.58
500.00	0.00	1.25
837.21	0.00	1.95
264.71	0.00	2.59
499.55	0.09	0.67
837.21	0.00	2.92
264.71	0.00	1.41
500.00	0.00	0.46
837.21	0.00	0.50
264.71	0.00	0.94
500.00	0.00	1.51
837.21	0.00	1.00
264.71	0.00	0.98
500.00	0.00	2.64
837.21	0.00	0.52
264.71	0.00	1.88
500.00	0.00	1.00
835.01	0.26	1.77
264.71	0.00	1.52
500.00	0.00	1.51
837.21	0.00	1.09
264.71	0.00	1.97
500.00	0.00	2.00
837.21	0.00	1.58
264.71	0.00	1.66
500.00	0.00	1.07
837.21	0.00	1.40
264.28	0.16	1.12
499.55	0.09	1.35
837.21	0.00	2.42
264.71	0.00	1.57
500.00	0.00	1.58
836.19	0.12	1.76
264.71	0.00	2.15
500.00	0.00	2.10
836.45	0.09	1.22
264.71	0.00	2.22
500.00	0.00	0.52
837.21	0.00	1.05
264.71	0.00	1.63
500.00	0.00	1.58
837.21	0.00	2.03
264.71	0.00	2.54
500.00	0.00	0.51
837.21	0.00	0.52
264.71	0.00	3.64
499.55	0.09	2.29
837.21	0.00	1.56
264.71	0.00	1.87
500.00	0.00	2.61
837.21	0.00	1.48
264.43	0.11	1.46
499.47	0.11	2.20
836.45	0.09	2.10
264.71	0.00	1.11
500.00	0.00	1.56
837.21	0.00	2.11
264.71	0.00	0.68
500.00	0.00	2.12
836.32	0.11	1.07
264.71	0.00	1.74
499.47	0.11	2.36
836.45	0.09	1.62
264.71	0.00	1.06
500.00	0.00	2.06
837.21	0.00	2.71
264.71	0.00	1.64
500.00	0.00	0.54
837.21	0.00	0.97
264.43	0.11	1.12
500.00	0.00	0.50
837.21	0.00	1.42
264.71	0.00	1.67
500.00	0.00	2.22
837.21	0.00	1.50
264.71	0.00	2.22
500.00	0.00	1.09
837.21	0.00	2.01
264.71	0.00	1.89
500.00	0.00	2.17
837.21	0.00	2.02
264.71	0.00	1.13
500.00	0.00	1.63
837.21	0.00	2.48
264.71	0.00	1.53
500.00	0.00	1.13
837.21	0.00	1.46
264.71	0.00	1.00
500.00	0.00	1.60
837.21	0.00	1.52
264.71	0.00	2.11
499.55	0.09	2.21
837.21	0.00	0.53
264.71	0.00	0.95
500.00	0.00	0.99
836.03	0.14	1.10
264.71	0.00	1.10
500.00	0.00	0.52
837.21	0.00	0.49
264.71	0.00	1.08
499.55	0.09	1.08
836.45	0.09	1.05
264.71	0.00	2.30
500.00	0.00	0.53
834.85	0.28	1.73
264.71	0.00	2.20
500.00	0.00	1.68
837.21	0.00	2.20
264.50	0.08	1.78
500.00	0.00	1.75
837.21	0.00	2.73
264.71	0.00	1.54
500.00	0.00	2.22
835.44	0.21	2.23
264.71	0.00	1.01
500.00	0.00	2.03
836.32	0.11	1.39
264.71	0.00	0.59
499.39	0.12	0.62
837.21	0.00	1.02
264.71	0.00	1.54
500.00	0.00	2.38
836.45	0.09	1.24
264.71	0.00	1.03
500.00	0.00	2.81
837.21	0.00	0.54
264.71	0.00	1.59
500.00	0.00	2.47
837.21	0.00	1.16
264.71	0.00	2.68
500.00	0.00	2.95
836.32	0.11	0.71
264.71	0.00	2.10
500.00	0.00	1.45
837.21	0.00	0.55
264.71	0.00	1.60
500.00	0.00	2.08
837.21	0.00	0.99
264.00	0.27	1.71
500.00	0.00	2.08
836.19	0.12	1.59
264.71	0.00	1.44
500.00	0.00	2.20
837.21	0.00	1.08
264.71	0.00	1.61
500.00	0.00	1.61
835.15	0.25	1.81
264.71	0.00	2.80
500.00	0.00	1.09
836.03	0.14	1.18
264.71	0.00	1.54
500.00	0.00	1.23
837.21	0.00	0.55
264.71	0.00	2.75
500.00	0.00	2.30
837.21	0.00	2.13
264.71	0.00	1.49
499.20	0.16	0.62
837.21	0.00	0.53
264.71	0.00	0.93
500.00	0.00	2.19
837.21	0.00	0.97
264.71	0.00	0.57
500.00	0.00	1.45
837.21	0.00	0.54
264.47	0.09	1.16
500.00	0.00	2.55
837.21	0.00	1.56
264.71	0.00	1.59
500.00	0.00	1.61
836.45	0.09	1.13
264.71	0.00	2.04
500.00	0.00	1.03
836.03	0.14	1.60
264.71	0.00	1.44
500.00	0.00	1.46
837.21	0.00	1.18
264.71	0.00	1.91
500.00	0.00	1.95
836.03	0.14	0.64
264.71	0.00	1.84
500.00	0.00	1.58
837.21	0.00	2.38
264.71	0.00	1.25
500.00	0.00	1.04
837.21	0.00	1.91
264.71	0.00	1.51
500.00	0.00	1.51
836.32	0.11	0.65
264.71	0.00	2.60
500.00	0.00	2.02
837.21	0.00	1.10
264.71	0.00	1.04
500.00	0.00	0.50
837.21	0.00	0.50
264.71	0.00	1.50
500.00	0.00	1.47
836.19	0.12	1.07
264.71	0.00	1.55
500.00	0.00	2.14
836.19	0.12	1.64
264.71	0.00	2.61
500.00	0.00	1.04
837.21	0.00	1.10
264.71	0.00	1.60
500.00	0.00	2.56
837.21	0.00	1.03
264.71	0.00	2.10
500.00	0.00	2.03
836.32	0.11	2.18
264.71	0.00	2.45
500.00	0.00	1.66
837.21	0.00	2.65
264.71	0.00	1.11
500.00	0.00	1.08
835.28	0.23	2.16
264.71	0.00	1.12
500.00	0.00	0.56
837.21	0.00	1.45
264.71	0.00	1.50
499.61	0.08	2.33
837.21	0.00	1.96
264.71	0.00	2.10
500.00	0.00	0.63
837.21	0.00	2.38
264.71	0.00	0.97
499.47	0.11	1.31
837.21	0.00	1.91
264.71	0.00	2.09
500.00	0.00	1.53
835.87	0.16	1.67
264.71	0.00	1.64
500.00	0.00	1.04
836.56	0.08	1.06
264.71	0.00	1.13
500.00	0.00	1.49
836.32	0.11	1.64
264.43	0.11	0.56
500.00	0.00	1.97
837.21	0.00	0.46
264.71	0.00	2.52
500.00	0.00	2.74
835.30	0.23	1.87
264.43	0.11	2.42
500.00	0.00	3.30
837.21	0.00	2.36
264.71	0.00	1.10
500.00	0.00	1.45
837.21	0.00	0.49
264.71	0.00	1.54
500.00	0.00	0.97
837.21	0.00	1.50
264.71	0.00	0.46
500.00	0.00	1.52
837.21	0.00	2.52
264.33	0.14	1.04
500.00	0.00	1.99
836.32	0.11	1.52
264.71	0.00	2.46
500.00	0.00	1.50
837.21	0.00	1.06
264.71	0.00	1.99
500.00	0.00	1.02
837.21	0.00	1.02
264.71	0.00	2.56
499.47	0.11	1.27
837.21	0.00	2.00
264.71	0.00	2.00
500.00	0.00	0.57
837.21	0.00	0.98
264.71	0.00	1.50
499.47	0.11	2.11
837.21	0.00	0.55
264.71	0.00	2.04
500.00	0.00	2.04
837.21	0.00	1.12
264.71	0.00	1.47
500.00	0.00	1.91
837.21	0.00	0.53
263.96	0.28	2.10
500.00	0.00	0.92
837.21	0.00	0.51
264.71	0.00	0.57
500.00	0.00	0.52
835.57	0.20	1.62
264.71	0.00	1.03
500.00	0.00	0.98
837.21	0.00	2.09
264.43	0.11	2.33
500.00	0.00	1.16
837.21	0.00	1.06
264.15	0.21	2.94
500.00	0.00	0.53
837.21	0.00	1.51
264.71	0.00	1.55
500.00	0.00	0.94
837.21	0.00	1.40
264.71	0.00	1.03
500.00	0.00	1.16
837.21	0.00	1.90
264.71	0.00	1.02
500.00	0.00	1.46
837.21	0.00	1.05
264.71	0.00	1.63
500.00	0.00	1.89
837.21	0.00	0.95
264.71	0.00	1.64
499.55	0.09	2.19
837.21	0.00	1.51
264.71	0.00	1.04
500.00	0.00	0.99
837.21	0.00	1.99
264.33	0.14	1.73
500.00	0.00	1.62
837.21	0.00	1.48
264.43	0.11	1.12
500.00	0.00	1.05
837.21	0.00	1.97
264.71	0.00	1.27
500.00	0.00	2.62
837.21	0.00	2.08
264.43	0.11	1.69
499.47	0.11	2.13
837.21	0.00	1.01
264.71	0.00	1.58
500.00	0.00	1.60
837.21	0.00	1.95
264.71	0.00	2.08
500.00	0.00	0.61
837.21	0.00	1.88
264.71	0.00	2.11
498.85	0.23	1.77
837.21	0.00	1.45
264.71	0.00	1.55
500.00	0.00	1.27
837.21	0.00	2.03
264.71	0.00	1.30
499.30	0.14	0.70
837.21	0.00	1.48
264.47	0.09	1.77
499.47	0.11	1.28
837.21	0.00	1.95
264.71	0.00	0.62
500.00	0.00	1.62
835.68	0.18	2.35
264.71	0.00	1.12
500.00	0.00	2.74
836.45	0.09	1.75
264.71	0.00	1.18
500.00	0.00	2.14
837.21	0.00	2.11
264.71	0.00	1.76
500.00	0.00	1.00
836.56	0.08	1.57
264.71	0.00	1.60
500.00	0.00	2.34
837.21	0.00	0.98
264.71	0.00	2.03
500.00	0.00	1.89
837.21	0.00	1.99
264.71	0.00	1.52
500.00	0.00	1.17
836.19	0.12	1.09
264.71	0.00	1.03
500.00	0.00	1.57
837.21	0.00	1.54
264.71	0.00	1.06
500.00	0.00	2.07
837.21	0.00	0.52
264.71	0.00	0.56
500.00	0.00	0.99
837.21	0.00	1.52
264.33	0.14	1.89
500.00	0.00	2.81
837.21	0.00	1.60
264.71	0.00	2.45
500.00	0.00	2.26
837.21	0.00	3.26
264.71	0.00	2.10
500.00	0.00	1.23
837.21	0.00	2.09
264.43	0.11	2.75
500.00	0.00	2.29
837.21	0.00	0.98
264.71	0.00	1.19
500.00	0.00	2.08
837.21	0.00	1.61
264.71	0.00	0.70
500.00	0.00	2.54
836.45	0.09	1.67
264.71	0.00	1.13
500.00	0.00	1.48
837.21	0.00	1.10
264.47	0.09	1.75
500.00	0.00	2.55
837.21	0.00	1.56
264.71	0.00	1.66
500.00	0.00	0.49
837.21	0.00	1.41
264.04	0.25	1.73
500.00	0.00	0.98
837.21	0.00	1.87
264.71	0.00	1.72
500.00	0.00	1.65
837.21	0.00	2.04
264.71	0.00	2.25
500.00	0.00	1.10
837.21	0.00	2.43
264.71	0.00	1.00
500.00	0.00	1.94
837.21	0.00	0.94
264.71	0.00	1.17
500.00	0.00	1.41
837.21	0.00	0.53
264.71	0.00	1.51
500.00	0.00	1.53
837.21	0.00	1.66
264.71	0.00	2.07
500.00	0.00	2.68
836.45	0.09	1.10
264.71	0.00	1.29
498.67	0.27	1.94
837.21	0.00	2.51
264.71	0.00	3.05
500.00	0.00	2.43
837.21	0.00	3.01
264.71	0.00	1.49
500.00	0.00	1.22
837.21	0.00	1.48
264.71	0.00	2.65
500.00	0.00	1.62
837.21	0.00	1.97
264.33	0.14	0.67
500.00	0.00	2.61
836.32	0.11	1.63
264.71	0.00	0.78
500.00	0.00	2.08
837.21	0.00	2.11
264.71	0.00	2.12
500.00	0.00	1.62
837.21	0.00	0.97
264.71	0.00	1.61
500.00	0.00	0.51
837.21	0.00	1.51
264.71	0.00	2.29
500.00	0.00	1.69
837.21	0.00	1.58
264.71	0.00	2.75
500.00	0.00	2.09
837.21	0.00	2.02
264.71	0.00	1.55
500.00	0.00	1.44
837.21	0.00	0.54
264.71	0.00	1.63
500.00	0.00	2.52
837.21	0.00	1.57
264.71	0.00	1.48
500.00	0.00	2.10
837.21	0.00	2.01
264.71	0.00	0.95
500.00	0.00	0.97
837.21	0.00	0.52
264.71	0.00	1.55
500.00	0.00	0.52
836.32	0.11	0.60
264.71	0.00	1.01
500.00	0.00	1.57
837.21	0.00	1.06
264.15	0.21	1.44
500.00	0.00	1.79
836.19	0.12	1.70
264.71	0.00	1.16
499.30	0.14	1.22
835.30	0.23	2.29
264.38	0.12	1.39
500.00	0.00	1.63
836.03	0.14	1.60
264.71	0.00	2.56
500.00	0.00	1.75
837.21	0.00	2.08
264.71	0.00	2.04
500.00	0.00	2.68
837.21	0.00	1.56
264.71	0.00	0.73
500.00	0.00	2.14
836.45	0.09	2.14
264.43	0.11	1.73
500.00	0.00	2.72
836.03	0.14	0.73
264.71	0.00	2.29
500.00	0.00	2.13
837.21	0.00	2.89
264.71	0.00	2.60
500.00	0.00	1.64
837.21	0.00	0.55
264.71	0.00	3.20
500.00	0.00	2.16
837.21	0.00	2.69
264.28	0.16	1.82
500.00	0.00	2.95
836.19	0.12	1.74
264.47	0.09	2.63
499.55	0.09	1.85
837.21	0.00	2.17
264.71	0.00	2.10
500.00	0.00	1.18
837.21	0.00	1.43
264.71	0.00	1.50
500.00	0.00	1.00
837.21	0.00	1.93
264.71	0.00	1.02
500.00	0.00	1.04
837.21	0.00	1.02
264.71	0.00	0.57
500.00	0.00	1.52
837.21	0.00	0.96
264.71	0.00	1.10
500.00	0.00	1.03
836.03	0.14	0.59
264.71	0.00	0.53
500.00	0.00	0.54
837.21	0.00	1.54
264.71	0.00	1.11
500.00	0.00	1.75
837.21	0.00	0.49
264.71	0.00	1.60
498.94	0.21	1.33
837.21	0.00	0.95
264.71	0.00	2.47
500.00	0.00	1.71
836.45	0.09	1.65
264.71	0.00	2.29
500.00	0.00	2.34
837.21	0.00	2.75
264.43	0.11	1.66
500.00	0.00	1.73
837.21	0.00	1.03
264.71	0.00	2.86
500.00	0.00	1.15
835.57	0.20	1.74
264.71	0.00	1.33
500.00	0.00	1.24
836.45	0.09	1.61
264.71	0.00	1.89
500.00	0.00	2.93
837.21	0.00	2.66
264.71	0.00	2.35
499.30	0.14	0.65
837.21	0.00	2.52
264.71	0.00	2.74
498.75	0.25	1.96
837.21	0.00	2.47
263.91	0.30	2.88
500.00	0.00	1.08
837.21	0.00	1.13
264.71	0.00	2.21
500.00	0.00	2.15
837.21	0.00	0.53
264.71	0.00	1.61
499.55	0.09	1.66
837.21	0.00	2.07
264.71	0.00	2.10
499.55	0.09	2.27
836.32	0.11	1.56
264.28	0.16	1.70
500.00	0.00	1.61
837.21	0.00	1.67
264.71	0.00	3.00
500.00	0.00	2.14
836.45	0.09	1.13
264.47	0.09	1.80
500.00	0.00	1.51
837.21	0.00	1.46
264.19	0.20	2.00
500.00	0.00	1.00
837.21	0.00	1.54
264.71	0.00	1.89
500.00	0.00	0.58
837.21	0.00	2.03
264.71	0.00	0.66
500.00	0.00	1.67
835.57	0.20	1.60
264.71	0.00	1.51
500.00	0.00	0.46
836.19	0.12	0.60
264.71	0.00	0.47
500.00	0.00	1.42
836.45	0.09	1.03
264.47	0.09	1.15
499.30	0.14	1.22
837.21	0.00	1.10
264.71	0.00	1.90
500.00	0.00	2.26
837.21	0.00	2.00
264.71	0.00	1.51
500.00	0.00	1.59
837.21	0.00	1.04
264.71	0.00	2.00
500.00	0.00	0.58
837.21	0.00	1.49
264.71	0.00	1.77
499.55	0.09	2.79
836.56	0.08	1.64
264.71	0.00	1.12
500.00	0.00	2.22
835.57	0.20	2.89
264.71	0.00	2.88
500.00	0.00	2.67
837.21	0.00	1.63
263.87	0.32	3.62
500.00	0.00	2.11
837.21	0.00	1.08
264.71	0.00	1.60
500.00	0.00	0.49
837.21	0.00	1.97
264.71	0.00	2.09
500.00	0.00	0.97
837.21	0.00	2.41
264.71	0.00	2.35
500.00	0.00	2.52
837.21	0.00	1.14
264.71	0.00	1.08
500.00	0.00	1.97
837.21	0.00	1.54
264.47	0.09	1.60
499.55	0.09	1.23
837.21	0.00	1.57
264.47	0.09	2.85
500.00	0.00	0.52
837.21	0.00	0.53
264.71	0.00	1.50
500.00	0.00	1.07
835.57	0.20	1.27
264.71	0.00	2.03
500.00	0.00	2.09
836.03	0.14	0.64
264.71	0.00	1.26
500.00	0.00	0.62
837.21	0.00	2.35
264.71	0.00	0.70
499.47	0.11	1.20
837.21	0.00	2.84
264.71	0.00	0.61
500.00	0.00	1.76
837.21	0.00	1.48
264.71	0.00	0.60
499.61	0.08	2.23
837.21	0.00	2.54
264.71	0.00	2.78
500.00	0.00	2.34
837.21	0.00	1.12
264.71	0.00	2.13
500.00	0.00	1.11
837.21	0.00	2.60
264.23	0.18	1.73
500.00	0.00	1.53
836.45	0.09	1.60
264.71	0.00	1.11
500.00	0.00	2.04
837.21	0.00	1.01
264.71	0.00	2.63
499.55	0.09	1.69
837.21	0.00	1.66
264.71	0.00	3.11
500.00	0.00	1.06
837.21	0.00	0.56
264.71	0.00	1.52
500.00	0.00	1.09
837.21	0.00	0.50
264.71	0.00	0.98
500.00	0.00	0.48
837.21	0.00	1.95
264.71	0.00	2.06
500.00	0.00	0.52
836.19	0.12	0.60
264.71	0.00	1.00
500.00	0.00	1.55
837.21	0.00	1.54
264.71	0.00	1.53
499.30	0.14	1.68
837.21	0.00	1.46
264.71	0.00	1.14
500.00	0.00	1.15
837.21	0.00	1.92
264.71	0.00	0.94
499.55	0.09	1.07
836.19	0.12	1.07
264.71	0.00	0.54
500.00	0.00	0.99
837.21	0.00	0.49
264.71	0.00	2.17
499.55	0.09	2.27
837.21	0.00	1.11
264.71	0.00	1.70
499.30	0.14	1.17
837.21	0.00	1.06
264.71	0.00	2.12
500.00	0.00	1.70
836.32	0.11	1.53
264.71	0.00	0.99
500.00	0.00	0.62
837.21	0.00	2.01
264.38	0.12	0.62
500.00	0.00	1.12
837.21	0.00	1.44
264.43	0.11	1.23
500.00	0.00	1.05
837.21	0.00	0.95
264.71	0.00	2.44
499.47	0.11	1.62
837.21	0.00	1.49
264.71	0.00	1.94
500.00	0.00	1.73
837.21	0.00	0.97
264.71	0.00	1.58
500.00	0.00	1.21
837.21	0.00	1.99
264.71	0.00	2.26
500.00	0.00	1.68
837.21	0.00	2.96
264.71	0.00	1.46
500.00	0.00	1.38
836.45	0.09	1.44
264.71	0.00	0.94
500.00	0.00	1.84
837.21	0.00	0.97
264.71	0.00	1.69
500.00	0.00	1.64
837.21	0.00	1.07
264.47	0.09	1.11
499.55	0.09	1.75
837.21	0.00	1.54
264.33	0.14	0.59
500.00	0.00	0.49
837.21	0.00	0.52
264.71	0.00	2.13
498.60	0.28	1.70
837.21	0.00	0.97
264.71	0.00	1.36
500.00	0.00	1.55
837.21	0.00	1.14
264.71	0.00	1.83
500.00	0.00	3.30
837.21	0.00	2.20
264.43	0.11	1.69
500.00	0.00	1.59
837.21	0.00	1.16
264.71	0.00	1.01
498.42	0.32	2.90
836.45	0.09	1.28
264.71	0.00	1.59
500.00	0.00	1.18
837.21	0.00	1.43
264.71	0.00	1.07
500.00	0.00	0.48
837.21	0.00	1.91
264.71	0.00	0.98
500.00	0.00	0.48
837.21	0.00	0.48
264.71	0.00	0.50
500.00	0.00	1.00
837.21	0.00	0.96
264.71	0.00	2.57
500.00	0.00	1.13
836.32	0.11	1.24
264.71	0.00	2.64
500.00	0.00	1.18
834.56	0.32	2.45
264.71	0.00	1.18
499.30	0.14	1.44
837.21	0.00	1.44
264.71	0.00	1.66
499.47	0.11	0.73
837.21	0.00	2.46
264.71	0.00	1.23
500.00	0.00	2.60
837.21	0.00	2.23
264.71	0.00	0.69
500.00	0.00	3.09
836.03	0.14	1.65
264.71	0.00	2.07
500.00	0.00	2.02
837.21	0.00	1.10
264.71	0.00	1.01
500.00	0.00	1.06
837.21	0.00	0.46
264.71	0.00	1.74
500.00	0.00	0.63
837.21	0.00	2.43
264.71	0.00	2.12
500.00	0.00	1.10
837.21	0.00	1.95
264.71	0.00	2.82
499.30	0.14	0.71
837.21	0.00	2.53
264.71	0.00	2.19
500.00	0.00	1.87
837.21	0.00	2.05
264.71	0.00	1.10
500.00	0.00	1.54
837.21	0.00	2.06
264.47	0.09	1.63
500.00	0.00	2.61
837.21	0.00	1.51
264.71	0.00	1.51
500.00	0.00	1.60
837.21	0.00	1.05
264.71	0.00	0.98
499.20	0.16	1.09
837.21	0.00	0.56
264.43	0.11	1.81
499.47	0.11	1.48
837.21	0.00	1.64
264.71	0.00	2.42
500.00	0.00	1.18
835.01	0.26	2.20
264.71	0.00	1.26
499.47	0.11	0.69
836.32	0.11	1.14
264.71	0.00	2.78
500.00	0.00	1.26
837.21	0.00	2.62
264.71	0.00	3.07
500.00	0.00	2.72
837.21	0.00	1.61
264.71	0.00	2.96
500.00	0.00	2.19
837.21	0.00	2.15
264.71	0.00	1.67
499.20	0.16	1.19
835.57	0.20	1.53
264.71	0.00	1.05
500.00	0.00	1.04
837.21	0.00	0.98
264.47	0.09	2.20
500.00	0.00	1.48
837.21	0.00	1.45
264.71	0.00	1.00
500.00	0.00	1.93
837.21	0.00	0.97
264.71	0.00	1.84
499.02	0.20	2.36
836.56	0.08	2.14
264.71	0.00	0.64
500.00	0.00	1.10
837.21	0.00	0.97
264.71	0.00	1.12
500.00	0.00	2.11
837.21	0.00	1.09
264.71	0.00	0.64
500.00	0.00	3.14
837.21	0.00	2.06
264.71	0.00	0.91
500.00	0.00	0.46
837.21	0.00	0.48
264.71	0.00	0.52
499.55	0.09	1.53
837.21	0.00	0.50
264.47	0.09	1.36
500.00	0.00	1.62
836.32	0.11	1.62
264.71	0.00	1.80
500.00	0.00	2.10
837.21	0.00	1.00
264.71	0.00	1.85
500.00	0.00	2.61
837.21	0.00	2.19
264.71	0.00	1.16
500.00	0.00	2.09
836.45	0.09	2.61
264.71	0.00	1.09
499.39	0.12	1.58
837.21	0.00	0.51
264.71	0.00	1.39
500.00	0.00	1.05
837.21	0.00	1.02
264.43	0.11	1.72
500.00	0.00	0.59
837.21	0.00	1.59
264.71	0.00	2.23
500.00	0.00	1.77
835.43	0.21	2.22
264.71	0.00	0.46
500.00	0.00	0.47
836.03	0.14	0.59
264.71	0.00	0.93
500.00	0.00	1.91
837.21	0.00	0.98
264.38	0.12	1.21
500.00	0.00	1.10
837.21	0.00	1.44
264.43	0.11	1.68
500.00	0.00	1.70
837.21	0.00	1.96
264.71	0.00	1.56
499.02	0.20	2.83
837.21	0.00	2.05
264.47	0.09	2.22
500.00	0.00	2.31
837.21	0.00	0.96
264.71	0.00	1.13
500.00	0.00	1.57
836.45	0.09	2.03
264.71	0.00	0.57
500.00	0.00	1.65
837.21	0.00	0.92
264.71	0.00	1.10
500.00	0.00	2.00
836.03	0.14	1.16
264.71	0.00	0.48
500.00	0.00	1.96
835.87	0.16	0.63
264.71	0.00	1.80
498.77	0.25	2.00
835.57	0.20	2.75
264.71	0.00	2.97
500.00	0.00	1.26
837.21	0.00	2.11
264.71	0.00	2.65
499.30	0.14	1.82
837.21	0.00	2.48
264.71	0.00	2.12
500.00	0.00	3.05
837.21	0.00	2.60
264.71	0.00	2.62
500.00	0.00	1.03
837.21	0.00	1.05
264.71	0.00	1.49
498.69	0.26	1.36
837.21	0.00	1.49
264.71	0.00	1.53
498.94	0.21	2.85
837.21	0.00	1.22
264.71	0.00	1.04
500.00	0.00	3.34
837.21	0.00	1.68
264.71	0.00	1.72
500.00	0.00	0.60
837.21	0.00	2.89
264.71	0.00	1.05
500.00	0.00	1.30
837.21	0.00	1.87
264.71	0.00	2.14
500.00	0.00	0.57
837.21	0.00	1.98
264.71	0.00	0.98
500.00	0.00	1.04
837.21	0.00	0.96
264.33	0.14	1.84
500.00	0.00	1.60
837.21	0.00	1.10
264.43	0.11	2.41
500.00	0.00	2.06
837.21	0.00	2.09
264.71	0.00	2.77
500.00	0.00	2.11
836.32	0.11	1.22
264.71	0.00	1.62
500.00	0.00	1.57
836.19	0.12	0.64
264.43	0.11	1.74
500.00	0.00	1.26
837.21	0.00	1.60
264.71	0.00	2.30
500.00	0.00	0.46
834.70	0.30	2.17
264.71	0.00	1.50
500.00	0.00	1.56
836.32	0.11	0.66
264.71	0.00	2.67
500.00	0.00	1.08
837.21	0.00	1.09
264.71	0.00	1.68
500.00	0.00	0.54
837.21	0.00	1.41
264.43	0.11	2.31
500.00	0.00	1.27
837.21	0.00	2.95
264.71	0.00	1.66
500.00	0.00	1.48
837.21	0.00	2.03
264.71	0.00	2.11
500.00	0.00	0.98
836.32	0.11	1.05
264.71	0.00	1.65
499.39	0.12	1.20
837.21	0.00	1.53
264.71	0.00	2.24
500.00	0.00	2.30
836.45	0.09	2.07
264.71	0.00	1.56
500.00	0.00	1.61
836.03	0.14	0.63
264.71	0.00	2.06
499.55	0.09	1.09
837.21	0.00	1.65
264.43	0.11	1.82
500.00	0.00	2.34
837.21	0.00	2.54
264.47	0.09	2.45
500.00	0.00	1.71
837.21	0.00	2.04
264.71	0.00	2.03
500.00	0.00	1.52
837.21	0.00	0.53
264.71	0.00	2.46
500.00	0.00	1.06
837.21	0.00	1.07
264.43	0.11	1.59
499.30	0.14	1.59
837.21	0.00	0.96
264.71	0.00	1.65
500.00	0.00	3.12
837.21	0.00	0.58
264.71	0.00	1.41
500.00	0.00	1.53
837.21	0.00	0.94
264.71	0.00	1.95
499.09	0.18	2.14
837.21	0.00	1.07
264.71	0.00	2.10
500.00	0.00	2.11
837.21	0.00	1.20
264.71	0.00	2.54
500.00	0.00	1.00
836.19	0.12	0.60
264.71	0.00	1.03
500.00	0.00	2.04
837.21	0.00	1.05
264.38	0.12	0.60
499.47	0.11	1.53
837.21	0.00	0.53
264.71	0.00	1.49
500.00	0.00	1.09
837.21	0.00	1.44
264.71	0.00	0.99
500.00	0.00	1.55
837.21	0.00	0.96
264.71	0.00	2.31
499.47	0.11	1.37
837.21	0.00	1.51
264.19	0.20	2.86
500.00	0.00	1.20
837.21	0.00	1.98
264.71	0.00	1.63
500.00	0.00	1.52
837.21	0.00	1.09
264.43	0.11	1.10
500.00	0.00	2.00
836.32	0.11	1.17
264.71	0.00	1.31
499.55	0.09	1.64
837.21	0.00	1.53
264.71	0.00	1.72
500.00	0.00	2.32
837.21	0.00	1.96
264.71	0.00	2.63
500.00	0.00	0.54
836.45	0.09	0.63
264.71	0.00	2.02
500.00	0.00	1.02
837.21	0.00	2.16
264.71	0.00	0.46
500.00	0.00	1.00
837.21	0.00	0.51
264.71	0.00	1.52
500.00	0.00	1.39
837.21	0.00	0.95
264.71	0.00	1.47
499.47	0.11	1.21
837.21	0.00	1.04
264.71	0.00	1.65
500.00	0.00	1.68
837.21	0.00	2.00
264.71	0.00	1.52
500.00	0.00	1.14
837.21	0.00	1.42
264.71	0.00	1.07
500.00	0.00	1.60
837.21	0.00	1.90
264.71	0.00	1.65
500.00	0.00	1.55
837.21	0.00	0.57
264.23	0.18	2.27
500.00	0.00	2.10
836.32	0.11	1.70
264.71	0.00	1.61
500.00	0.00	1.37
837.21	0.00	2.49
264.43	0.11	2.30
498.69	0.26	1.95
837.21	0.00	2.57
264.71	0.00	0.99
500.00	0.00	0.95
837.21	0.00	0.48
264.71	0.00	1.44
500.00	0.00	1.52
836.32	0.11	1.10
264.71	0.00	2.10
500.00	0.00	1.10
837.21	0.00	1.69
264.71	0.00	1.61
500.00	0.00	1.68
836.19	0.12	0.64
264.71	0.00	1.65
500.00	0.00	2.53
837.21	0.00	1.16
264.71	0.00	1.76
500.00	0.00	2.01
837.21	0.00	2.12
264.71	0.00	1.14
500.00	0.00	1.50
837.21	0.00	0.55
264.71	0.00	1.05
500.00	0.00	3.11
837.21	0.00	1.58
264.71	0.00	1.39
500.00	0.00	1.08
837.21	0.00	0.50
264.33	0.14	1.97
499.47	0.11	1.05
837.21	0.00	1.49
264.71	0.00	1.55
500.00	0.00	0.48
836.32	0.11	1.16
264.71	0.00	0.99
500.00	0.00	0.60
835.15	0.25	1.74
264.71	0.00	1.81
500.00	0.00	1.52
837.21	0.00	1.43
264.71	0.00	1.33
500.00	0.00	2.02
837.21	0.00	2.46
264.47	0.09	2.63
500.00	0.00	2.19
837.21	0.00	1.13
264.71	0.00	2.19
500.00	0.00	2.14
837.21	0.00	2.08
264.71	0.00	1.62
499.47	0.11	1.24
837.21	0.00	1.44
264.28	0.16	1.15
500.00	0.00	1.04
837.21	0.00	0.96
264.71	0.00	1.19
500.00	0.00	0.51
837.21	0.00	0.52
264.05	0.25	1.85
500.00	0.00	1.67
836.56	0.08	1.62
264.71	0.00	2.50
500.00	0.00	0.51
837.21	0.00	0.54
264.71	0.00	2.00
500.00	0.00	2.06
837.21	0.00	1.07
264.71	0.00	2.60
500.00	0.00	1.65
837.21	0.00	2.08
264.71	0.00	2.05
499.39	0.12	2.18
837.21	0.00	1.54
264.71	0.00	1.73
499.39	0.12	1.60
837.21	0.00	2.39
264.47	0.09	1.84
500.00	0.00	0.98
837.21	0.00	1.94
264.71	0.00	0.92
500.00	0.00	1.61
837.21	0.00	1.43
264.71	0.00	2.17
499.30	0.14	1.13
837.21	0.00	1.91
264.71	0.00	1.27
500.00	0.00	0.61
836.32	0.11	1.56
264.71	0.00	1.05
500.00	0.00	1.68
837.21	0.00	2.05
264.71	0.00	0.50
500.00	0.00	1.47
837.21	0.00	1.03
264.71	0.00	0.96
500.00	0.00	1.96
837.21	0.00	1.53
264.71	0.00	1.95
500.00	0.00	1.15
836.45	0.09	1.52
264.71	0.00	1.15
500.00	0.00	2.22
837.21	0.00	2.54
264.43	0.11	2.51
500.00	0.00	2.69
837.21	0.00	1.20
264.71	0.00	1.06
500.00	0.00	2.09
837.21	0.00	2.24
264.71	0.00	1.54
500.00	0.00	1.09
837.21	0.00	1.50
264.47	0.09	2.14
500.00	0.00	2.15
837.21	0.00	2.05
264.71	0.00	1.44
500.00	0.00	1.11
837.21	0.00	0.48
264.71	0.00	3.12
500.00	0.00	2.13
836.56	0.08	1.71
264.71	0.00	0.66
500.00	0.00	1.40
837.21	0.00	2.57
264.71	0.00	1.95
500.00	0.00	2.49
835.68	0.18	3.22
264.71	0.00	2.09
500.00	0.00	2.21
837.21	0.00	1.45
264.71	0.00	1.57
499.47	0.11	1.11
837.21	0.00	0.98
264.71	0.00	1.69
500.00	0.00	1.57
837.21	0.00	1.49
264.43	0.11	1.14
500.00	0.00	1.05
837.21	0.00	1.00
264.33	0.14	1.57
500.00	0.00	1.03
837.21	0.00	1.47
264.71	0.00	1.69
500.00	0.00	0.97
837.21	0.00	0.46
264.50	0.08	2.60
500.00	0.00	1.51
837.21	0.00	1.19
264.71	0.00	3.10
500.00	0.00	3.03
837.21	0.00	0.57
264.71	0.00	2.25
500.00	0.00	1.08
837.21	0.00	2.40
264.33	0.14	1.05
500.00	0.00	1.50
837.21	0.00	0.95
264.71	0.00	1.01
500.00	0.00	1.07
834.86	0.28	1.20
264.71	0.00	1.19
500.00	0.00	0.58
837.21	0.00	0.97
264.71	0.00	2.58
500.00	0.00	1.10
837.21	0.00	1.07
264.71	0.00	2.06
500.00	0.00	1.58
837.21	0.00	1.08
264.71	0.00	1.40
500.00	0.00	1.49
837.21	0.00	0.54
264.71	0.00	1.87
498.60	0.28	2.09
837.21	0.00	0.54
264.71	0.00	1.43
500.00	0.00	1.60
836.03	0.14	0.60
264.71	0.00	1.93
500.00	0.00	0.51
837.21	0.00	1.54
264.71	0.00	2.65
500.00	0.00	1.23
837.21	0.00	2.15
264.71	0.00	3.24
500.00	0.00	2.34
837.21	0.00	2.14
264.71	0.00	2.72
499.55	0.09	2.69
837.21	0.00	1.74
264.71	0.00	2.13
500.00	0.00	2.03
837.21	0.00	0.60
264.71	0.00	1.54
500.00	0.00	2.56
837.21	0.00	1.60
264.71	0.00	1.15
500.00	0.00	3.05
837.21	0.00	1.05
264.71	0.00	2.10
499.55	0.09	2.25
836.32	0.11	0.64
264.71	0.00	1.00
499.47	0.11	1.17
836.03	0.14	1.20
264.71	0.00	2.28
500.00	0.00	2.07
837.21	0.00	0.48
264.71	0.00	0.52
500.00	0.00	1.52
837.21	0.00	1.49
264.71	0.00	0.48
500.00	0.00	1.47
837.21	0.00	1.60
264.43	0.11	1.25
500.00	0.00	2.52
837.21	0.00	1.01
264.71	0.00	2.09
499.30	0.14	1.09
836.32	0.11	1.57
264.71	0.00	2.57
500.00	0.00	0.62
837.21	0.00	1.53
264.71	0.00	2.42
499.55	0.09	1.23
837.21	0.00	1.06
264.71	0.00	2.93
499.20	0.16	0.70
837.21	0.00	0.52
264.71	0.00	1.46
500.00	0.00	1.52
836.45	0.09	1.59
264.71	0.00	0.94
499.47	0.11	1.04
837.21	0.00	0.48
264.71	0.00	1.45
500.00	0.00	1.44
835.30	0.23	1.27
264.71	0.00	0.96
500.00	0.00	1.95
837.21	0.00	0.52
264.71	0.00	1.99
500.00	0.00	1.43
837.21	0.00	1.00
264.71	0.00	0.91
500.00	0.00	1.88
837.21	0.00	0.51
264.71	0.00	2.73
500.00	0.00	1.23
837.21	0.00	1.18
264.71	0.00	2.11
499.55	0.09	2.41
836.45	0.09	2.31
264.71	0.00	2.66
500.00	0.00	1.51
837.21	0.00	1.11
264.71	0.00	1.52
500.00	0.00	2.04
836.45	0.09	1.11
264.33	0.14	1.81
500.00	0.00	1.82
837.21	0.00	2.48
264.71	0.00	2.31
500.00	0.00	1.34
837.21	0.00	1.98
264.71	0.00	1.64
500.00	0.00	1.67
837.21	0.00	1.64
264.71	0.00	2.84
499.61	0.08	2.27
835.01	0.26	2.27
264.38	0.12	1.32
500.00	0.00	1.23
837.21	0.00	2.07
264.71	0.00	1.31
500.00	0.00	2.76
837.21	0.00	0.98
264.71	0.00	1.60
499.47	0.11	2.29
837.21	0.00	1.25
264.71	0.00	2.19
500.00	0.00	1.12
834.86	0.28	1.75
264.71	0.00	1.63
499.55	0.09	1.69
837.21	0.00	1.48
264.71	0.00	1.16
500.00	0.00	1.05
837.21	0.00	1.98
264.71	0.00	1.09
500.00	0.00	1.49
837.21	0.00	1.41
264.71	0.00	0.54
500.00	0.00	1.01
837.21	0.00	0.94
264.71	0.00	1.51
500.00	0.00	0.48
837.21	0.00	1.50
264.71	0.00	2.59
500.00	0.00	1.56
837.21	0.00	0.98
264.19	0.20	2.39
498.49	0.30	2.33
837.21	0.00	0.54
264.71	0.00	2.28
500.00	0.00	1.23
837.21	0.00	1.64
264.71	0.00	2.09
500.00	0.00	1.21
836.32	0.11	1.58
264.71	0.00	1.42
500.00	0.00	1.50
837.21	0.00	2.04
264.71	0.00	1.07
500.00	0.00	1.46
837.21	0.00	1.03
264.71	0.00	0.51
500.00	0.00	1.93
837.21	0.00	1.03
264.71	0.00	1.03
500.00	0.00	0.90
837.21	0.00	0.51
264.71	0.00	0.98
500.00	0.00	1.95
837.21	0.00	0.96
264.71	0.00	1.48
500.00	0.00	0.50
836.03	0.14	0.60
264.71	0.00	0.93
500.00	0.00	1.12
837.21	0.00	1.59
264.71	0.00	1.19
500.00	0.00	0.45
836.56	0.08	1.99
264.71	0.00	0.55
500.00	0.00	0.60
837.21	0.00	1.01
264.71	0.00	1.56
499.30	0.14	1.08
837.21	0.00	0.95
264.71	0.00	1.07
500.00	0.00	1.02
837.21	0.00	0.97
264.71	0.00	3.43
500.00	0.00	1.62
837.21	0.00	1.19
264.71	0.00	2.10
500.00	0.00	2.61
837.21	0.00	2.11
264.71	0.00	1.55
500.00	0.00	1.12
836.56	0.08	1.57
264.71	0.00	2.71
500.00	0.00	1.69
837.21	0.00	1.07
264.43	0.11	1.68
499.47	0.11	2.22
836.45	0.09	1.61
264.71	0.00	1.10
500.00	0.00	1.02
837.21	0.00	1.09
264.71	0.00	2.08
500.00	0.00	1.54
837.21	0.00	0.46
264.71	0.00	0.47
499.47	0.11	0.60
837.21	0.00	1.01
264.15	0.21	3.06
500.00	0.00	1.61
837.21	0.00	1.57
264.71	0.00	2.33
500.00	0.00	2.18
836.32	0.11	2.17
264.71	0.00	1.74
499.39	0.12	1.87
836.32	0.11	2.23
264.71	0.00	1.12
498.94	0.21	2.47
837.21	0.00	1.00
264.71	0.00	1.58
500.00	0.00	1.07
837.21	0.00	1.46
264.71	0.00	0.66
500.00	0.00	2.10
837.21	0.00	0.97
264.71	0.00	1.01
500.00	0.00	1.97
837.21	0.00	0.51
264.71	0.00	0.55
500.00	0.00	1.88
837.21	0.00	0.96
264.71	0.00	0.63
500.00	0.00	1.71
837.21	0.00	3.13
264.71	0.00	1.82
500.00	0.00	2.27
836.32	0.11	2.03
