264.71	0.00	1.08
500.00	0.00	1.07
837.21	0.00	1.02
264.71	0.00	1.59
499.55	0.09	1.66
837.21	0.00	1.52
264.71	0.00	2.36
500.00	0.00	1.60
836.19	0.12	1.69
264.71	0.00	2.75
500.00	0.00	2.13
837.21	0.00	1.26
264.71	0.00	1.56
500.00	0.00	1.48
837.21	0.00	1.06
264.71	0.00	1.63
499.47	0.11	2.09
837.21	0.00	1.59
264.47	0.09	1.68
500.00	0.00	0.52
837.21	0.00	1.49
264.71	0.00	2.18
499.30	0.14	1.74
837.21	0.00	0.99
264.19	0.20	2.77
500.00	0.00	1.20
837.21	0.00	0.55
264.71	0.00	2.44
500.00	0.00	1.52
835.01	0.26	1.80
264.71	0.00	2.67
500.00	0.00	1.60
836.45	0.09	2.17
264.71	0.00	2.10
500.00	0.00	2.10
837.21	0.00	1.16
264.71	0.00	1.78
500.00	0.00	1.65
837.21	0.00	1.64
264.43	0.11	1.24
500.00	0.00	2.81
835.44	0.21	2.26
264.71	0.00	1.01
500.00	0.00	2.10
837.21	0.00	2.03
264.71	0.00	1.02
500.00	0.00	2.56
837.21	0.00	1.48
264.71	0.00	1.54
500.00	0.00	1.05
837.21	0.00	0.51
264.47	0.09	2.02
500.00	0.00	1.53
837.21	0.00	1.07
264.71	0.00	0.51
499.30	0.14	0.59
836.03	0.14	0.60
264.71	0.00	0.96
500.00	0.00	1.05
836.32	0.11	1.67
264.71	0.00	2.70
499.30	0.14	1.49
836.03	0.14	1.59
264.71	0.00	2.18
499.47	0.11	0.71
836.45	0.09	2.75
264.28	0.16	1.79
500.00	0.00	1.16
837.21	0.00	1.45
264.71	0.00	2.23
500.00	0.00	0.66
837.21	0.00	2.45
264.71	0.00	1.26
500.00	0.00	1.48
837.21	0.00	1.50
264.71	0.00	1.77
500.00	0.00	2.05
837.21	0.00	2.46
264.71	0.00	1.59
500.00	0.00	1.50
837.21	0.00	1.42
264.43	0.11	1.09
500.00	0.00	1.04
837.21	0.00	0.95
264.71	0.00	0.52
500.00	0.00	1.04
837.21	0.00	1.41
264.71	0.00	2.11
500.00	0.00	0.51
837.21	0.00	0.94
264.71	0.00	1.51
500.00	0.00	1.07
837.21	0.00	1.45
264.71	0.00	2.57
500.00	0.00	0.62
837.21	0.00	1.50
264.71	0.00	1.69
500.00	0.00	1.98
837.21	0.00	0.95
264.71	0.00	0.98
500.00	0.00	1.94
837.21	0.00	1.07
264.43	0.11	2.84
500.00	0.00	1.61
837.21	0.00	0.57
264.71	0.00	3.46
500.00	0.00	2.71
837.21	0.00	1.66
264.71	0.00	1.42
499.30	0.14	0.66
834.86	0.28	1.77
264.71	0.00	0.97
500.00	0.00	1.18
836.03	0.14	1.17
264.71	0.00	0.49
500.00	0.00	0.50
837.21	0.00	1.02
264.33	0.14	1.06
500.00	0.00	1.97
837.21	0.00	0.50
264.71	0.00	1.47
500.00	0.00	1.10
837.21	0.00	1.66
264.71	0.00	2.04
500.00	0.00	1.69
836.32	0.11	0.60
264.38	0.12	1.89
499.39	0.12	1.76
837.21	0.00	1.57
264.43	0.11	1.19
500.00	0.00	2.98
837.21	0.00	2.68
264.47	0.09	2.26
500.00	0.00	1.63
837.21	0.00	1.44
264.38	0.12	1.63
500.00	0.00	0.55
837.21	0.00	0.93
264.71	0.00	1.07
500.00	0.00	2.03
836.45	0.09	1.16
264.71	0.00	1.49
500.00	0.00	1.51
837.21	0.00	0.98
264.71	0.00	1.17
499.55	0.09	0.66
836.32	0.11	1.52
264.71	0.00	1.70
499.47	0.11	1.21
837.21	0.00	0.94
264.71	0.00	1.62
500.00	0.00	1.48
837.21	0.00	1.50
264.71	0.00	2.24
500.00	0.00	1.99
837.21	0.00	2.00
264.71	0.00	2.22
500.00	0.00	1.54
837.21	0.00	1.67
264.71	0.00	2.72
500.00	0.00	2.10
836.03	0.14	1.12
264.71	0.00	2.33
500.00	0.00	1.88
836.19	0.12	1.58
264.71	0.00	1.72
499.30	0.14	0.73
835.44	0.21	2.86
264.71	0.00	1.58
500.00	0.00	1.16
836.45	0.09	1.08
264.71	0.00	0.98
500.00	0.00	0.59
837.21	0.00	2.05
264.71	0.00	0.51
500.00	0.00	1.62
837.21	0.00	1.05
264.71	0.00	1.67
499.55	0.09	1.09
837.21	0.00	1.55
264.71	0.00	2.56
500.00	0.00	1.52
837.21	0.00	1.98
264.71	0.00	2.09
500.00	0.00	2.08
837.21	0.00	0.96
264.71	0.00	1.55
500.00	0.00	2.49
837.21	0.00	1.56
264.71	0.00	1.06
500.00	0.00	2.09
837.21	0.00	1.60
264.71	0.00	1.51
500.00	0.00	1.47
837.21	0.00	0.50
264.71	0.00	2.02
500.00	0.00	0.98
837.21	0.00	1.51
264.71	0.00	1.48
500.00	0.00	0.51
837.21	0.00	0.53
264.71	0.00	2.59
499.09	0.18	1.80
837.21	0.00	0.99
264.47	0.09	1.59
499.55	0.09	0.61
837.21	0.00	1.96
264.71	0.00	1.05
500.00	0.00	1.10
836.45	0.09	1.05
264.71	0.00	1.19
500.00	0.00	2.55
837.21	0.00	1.09
264.71	0.00	1.22
500.00	0.00	2.61
835.30	0.23	1.62
264.71	0.00	1.46
500.00	0.00	1.04
837.21	0.00	0.99
264.71	0.00	0.98
500.00	0.00	0.45
837.21	0.00	0.47
264.71	0.00	1.14
500.00	0.00	2.23
835.43	0.21	1.77
264.71	0.00	2.28
500.00	0.00	1.06
837.21	0.00	2.19
264.71	0.00	1.05
500.00	0.00	1.22
837.21	0.00	1.53
264.71	0.00	1.28
500.00	0.00	1.65
835.30	0.23	2.15
264.71	0.00	2.32
500.00	0.00	0.60
837.21	0.00	2.43
264.71	0.00	2.29
499.30	0.14	1.40
837.21	0.00	1.93
264.71	0.00	1.13
499.47	0.11	1.64
837.21	0.00	1.48
264.71	0.00	1.26
500.00	0.00	2.12
837.21	0.00	1.96
264.71	0.00	1.67
500.00	0.00	1.04
837.21	0.00	1.41
264.71	0.00	0.58
500.00	0.00	0.56
837.21	0.00	1.86
264.71	0.00	2.58
500.00	0.00	1.59
837.21	0.00	0.53
264.47	0.09	2.20
500.00	0.00	1.04
837.21	0.00	1.55
264.71	0.00	1.75
500.00	0.00	1.66
837.21	0.00	1.52
264.71	0.00	1.09
500.00	0.00	2.26
837.21	0.00	2.59
264.71	0.00	1.77
500.00	0.00	1.78
836.32	0.11	2.89
264.71	0.00	2.34
500.00	0.00	3.01
835.28	0.23	2.28
264.71	0.00	1.13
500.00	0.00	1.44
837.21	0.00	1.01
264.05	0.25	1.55
500.00	0.00	0.96
837.21	0.00	0.95
264.71	0.00	1.33
500.00	0.00	1.55
837.21	0.00	2.21
264.71	0.00	1.68
500.00	0.00	2.11
835.57	0.20	1.67
264.71	0.00	1.19
500.00	0.00	1.60
837.21	0.00	1.49
264.71	0.00	1.77
500.00	0.00	2.17
837.21	0.00	2.00
264.71	0.00	1.39
500.00	0.00	0.94
837.21	0.00	0.52
264.71	0.00	1.86
500.00	0.00	1.94
837.21	0.00	0.55
264.33	0.14	1.64
500.00	0.00	1.96
837.21	0.00	0.54
264.71	0.00	0.98
500.00	0.00	1.46
837.21	0.00	1.98
264.71	0.00	2.86
500.00	0.00	2.30
837.21	0.00	2.26
264.71	0.00	2.31
500.00	0.00	1.13
836.45	0.09	2.14
264.71	0.00	1.41
500.00	0.00	1.01
837.21	0.00	0.96
264.71	0.00	0.91
500.00	0.00	1.02
837.21	0.00	0.50
264.71	0.00	1.32
500.00	0.00	1.16
837.21	0.00	1.43
264.71	0.00	2.28
499.55	0.09	1.69
837.21	0.00	2.48
264.00	0.27	1.79
500.00	0.00	0.53
835.28	0.23	1.32
264.71	0.00	2.28
500.00	0.00	2.15
836.32	0.11	0.63
264.47	0.09	0.57
500.00	0.00	0.51
837.21	0.00	0.48
264.71	0.00	1.84
499.61	0.08	1.56
836.32	0.11	1.53
264.47	0.09	1.30
500.00	0.00	1.65
836.03	0.14	1.11
264.71	0.00	1.64
500.00	0.00	1.17
837.21	0.00	1.57
264.71	0.00	1.16
500.00	0.00	2.60
837.21	0.00	1.58
264.71	0.00	1.07
500.00	0.00	3.13
837.21	0.00	2.04
264.71	0.00	1.66
500.00	0.00	1.51
836.45	0.09	1.54
264.71	0.00	0.58
500.00	0.00	1.05
837.21	0.00	2.47
264.71	0.00	1.07
500.00	0.00	1.03
834.70	0.30	1.20
264.71	0.00	0.54
498.77	0.25	1.28
837.21	0.00	1.45
264.71	0.00	0.46
500.00	0.00	2.42
837.21	0.00	0.51
264.33	0.14	1.22
500.00	0.00	1.94
836.03	0.14	0.68
264.43	0.11	1.71
500.00	0.00	1.56
837.21	0.00	2.46
264.71	0.00	2.21
500.00	0.00	0.98
837.21	0.00	1.95
264.33	0.14	1.69
500.00	0.00	1.50
836.45	0.09	1.76
264.71	0.00	1.11
499.30	0.14	2.12
837.21	0.00	1.66
264.71	0.00	1.59
500.00	0.00	1.05
836.45	0.09	0.64
264.71	0.00	2.60
499.55	0.09	2.21
835.44	0.21	1.84
264.71	0.00	1.48
500.00	0.00	0.61
837.21	0.00	1.90
264.71	0.00	1.57
500.00	0.00	1.07
837.21	0.00	2.39
264.71	0.00	1.19
500.00	0.00	0.53
834.68	0.30	1.88
264.71	0.00	2.19
499.39	0.12	1.71
837.21	0.00	0.48
264.71	0.00	1.29
499.39	0.12	1.75
837.21	0.00	1.53
264.71	0.00	2.46
500.00	0.00	2.19
837.21	0.00	2.03
264.71	0.00	1.50
500.00	0.00	1.56
837.21	0.00	1.94
264.71	0.00	0.98
500.00	0.00	1.02
837.21	0.00	1.43
264.71	0.00	1.55
500.00	0.00	1.58
836.32	0.11	0.65
264.71	0.00	2.08
499.47	0.11	1.09
837.21	0.00	1.10
264.71	0.00	1.68
500.00	0.00	1.44
837.21	0.00	0.53
264.33	0.14	0.62
500.00	0.00	1.91
837.21	0.00	0.46
264.43	0.11	1.67
500.00	0.00	0.94
837.21	0.00	0.53
264.43	0.11	2.27
500.00	0.00	1.20
835.15	0.25	1.73
264.71	0.00	2.82
500.00	0.00	1.78
837.21	0.00	2.74
264.71	0.00	2.19
499.55	0.09	2.39
836.56	0.08	2.18
264.71	0.00	1.52
500.00	0.00	1.47
837.21	0.00	1.03
264.33	0.14	1.02
500.00	0.00	0.99
837.21	0.00	1.37
264.71	0.00	1.57
500.00	0.00	1.59
837.21	0.00	1.02
264.47	0.09	2.11
500.00	0.00	0.51
837.21	0.00	1.06
264.71	0.00	1.65
500.00	0.00	0.59
835.57	0.20	1.83
264.71	0.00	2.17
499.55	0.09	1.82
836.32	0.11	1.19
264.71	0.00	1.51
498.94	0.21	1.61
837.21	0.00	1.07
264.71	0.00	2.06
500.00	0.00	1.25
837.21	0.00	1.52
264.71	0.00	1.48
500.00	0.00	1.48
837.21	0.00	1.54
264.71	0.00	1.94
500.00	0.00	1.97
837.21	0.00	1.57
264.71	0.00	1.58
500.00	0.00	0.94
837.21	0.00	2.00
264.71	0.00	2.06
500.00	0.00	0.63
836.45	0.09	1.52
264.43	0.11	1.64
500.00	0.00	1.51
837.21	0.00	0.57
264.33	0.14	2.21
500.00	0.00	2.03
837.21	0.00	1.64
264.71	0.00	1.74
500.00	0.00	0.62
837.21	0.00	1.64
264.71	0.00	2.20
500.00	0.00	2.38
835.11	0.25	2.24
264.71	0.00	1.47
500.00	0.00	0.48
837.21	0.00	1.88
264.43	0.11	1.02
499.47	0.11	0.70
837.21	0.00	0.93
264.71	0.00	1.76
499.47	0.11	1.36
836.19	0.12	1.69
264.43	0.11	2.30
500.00	0.00	0.58
835.57	0.20	2.28
264.33	0.14	1.14
499.39	0.12	1.60
837.21	0.00	1.02
264.71	0.00	1.03
500.00	0.00	1.19
837.21	0.00	1.46
264.71	0.00	1.48
500.00	0.00	1.51
837.21	0.00	0.53
264.71	0.00	2.00
499.55	0.09	2.03
836.32	0.11	1.65
264.71	0.00	2.01
500.00	0.00	0.58
837.21	0.00	1.96
264.71	0.00	1.41
500.00	0.00	0.52
835.44	0.21	1.53
264.01	0.26	1.67
500.00	0.00	1.42
837.21	0.00	0.51
264.47	0.09	1.25
500.00	0.00	0.94
836.32	0.11	1.10
264.71	0.00	1.53
499.47	0.11	2.24
837.21	0.00	1.54
264.71	0.00	2.08
500.00	0.00	1.74
837.21	0.00	1.01
264.71	0.00	1.73
500.00	0.00	1.28
837.21	0.00	1.48
264.71	0.00	2.18
500.00	0.00	0.68
836.45	0.09	2.58
264.33	0.14	1.75
500.00	0.00	2.66
837.21	0.00	0.55
264.71	0.00	2.24
500.00	0.00	1.00
837.21	0.00	2.09
264.71	0.00	1.46
500.00	0.00	0.48
837.21	0.00	1.40
264.71	0.00	0.96
500.00	0.00	0.96
837.21	0.00	0.94
264.71	0.00	1.45
499.55	0.09	1.62
837.21	0.00	1.58
264.43	0.11	2.05
500.00	0.00	1.07
837.21	0.00	0.48
264.71	0.00	1.06
500.00	0.00	1.58
837.21	0.00	1.98
264.47	0.09	2.17
500.00	0.00	1.04
837.21	0.00	0.95
264.33	0.14	1.98
500.00	0.00	1.34
837.21	0.00	1.55
264.71	0.00	2.35
500.00	0.00	2.40
835.44	0.21	2.80
264.71	0.00	2.52
499.47	0.11	1.60
836.03	0.14	0.65
264.71	0.00	1.97
500.00	0.00	1.02
836.03	0.14	1.22
264.71	0.00	1.61
500.00	0.00	0.56
837.21	0.00	1.41
264.71	0.00	0.59
500.00	0.00	1.05
837.21	0.00	1.88
264.71	0.00	1.02
500.00	0.00	0.51
837.21	0.00	1.39
264.71	0.00	0.98
500.00	0.00	0.61
837.21	0.00	0.93
264.71	0.00	1.48
500.00	0.00	1.61
837.21	0.00	1.42
264.71	0.00	1.70
499.30	0.14	1.09
837.21	0.00	2.45
264.71	0.00	1.54
500.00	0.00	1.54
837.21	0.00	1.51
264.71	0.00	0.96
500.00	0.00	1.99
837.21	0.00	0.98
264.71	0.00	1.64
500.00	0.00	1.26
837.21	0.00	1.49
264.71	0.00	1.71
500.00	0.00	1.70
837.21	0.00	2.03
264.71	0.00	1.07
500.00	0.00	0.52
837.21	0.00	0.49
264.71	0.00	0.99
500.00	0.00	1.50
837.21	0.00	1.46
264.19	0.20	2.19
500.00	0.00	0.56
837.21	0.00	1.00
264.71	0.00	1.16
500.00	0.00	1.02
837.21	0.00	1.97
264.71	0.00	1.54
500.00	0.00	2.46
837.21	0.00	1.58
264.71	0.00	2.82
499.47	0.11	1.20
837.21	0.00	2.62
264.71	0.00	1.57
500.00	0.00	1.47
837.21	0.00	1.04
264.43	0.11	1.04
500.00	0.00	0.97
837.21	0.00	1.40
264.43	0.11	1.64
500.00	0.00	1.45
837.21	0.00	0.54
264.71	0.00	2.12
500.00	0.00	1.95
837.21	0.00	1.11
264.71	0.00	1.66
500.00	0.00	1.56
837.21	0.00	0.56
264.71	0.00	1.07
500.00	0.00	2.65
837.21	0.00	1.61
264.71	0.00	0.52
500.00	0.00	1.46
837.21	0.00	0.52
264.47	0.09	1.64
500.00	0.00	1.94
836.32	0.11	1.08
264.71	0.00	1.52
500.00	0.00	1.67
837.21	0.00	1.49
264.71	0.00	2.04
500.00	0.00	0.60
836.32	0.11	2.02
264.33	0.14	1.22
500.00	0.00	1.61
837.21	0.00	1.44
264.43	0.11	0.64
500.00	0.00	0.57
837.21	0.00	0.94
264.71	0.00	1.66
500.00	0.00	1.19
837.21	0.00	1.40
264.33	0.14	1.12
500.00	0.00	0.48
837.21	0.00	1.87
264.71	0.00	2.24
500.00	0.00	1.20
837.21	0.00	1.46
264.71	0.00	1.01
499.20	0.16	0.74
837.21	0.00	1.98
264.71	0.00	0.50
499.30	0.14	0.65
837.21	0.00	0.50
264.71	0.00	0.96
500.00	0.00	1.67
837.21	0.00	1.49
264.71	0.00	1.61
500.00	0.00	2.60
837.21	0.00	1.53
264.71	0.00	2.26
500.00	0.00	2.21
836.45	0.09	2.10
264.71	0.00	1.47
500.00	0.00	0.99
837.21	0.00	0.95
264.71	0.00	0.91
500.00	0.00	0.54
837.21	0.00	0.94
264.33	0.14	1.62
500.00	0.00	1.55
837.21	0.00	1.07
264.71	0.00	2.15
499.02	0.20	1.77
837.21	0.00	0.53
264.71	0.00	1.52
500.00	0.00	0.55
835.11	0.25	1.65
264.71	0.00	0.98
500.00	0.00	1.02
837.21	0.00	1.08
264.38	0.12	0.56
500.00	0.00	0.49
837.21	0.00	0.47
264.38	0.12	0.67
499.20	0.16	0.67
837.21	0.00	0.49
264.43	0.11	2.33
499.30	0.14	1.71
837.21	0.00	1.48
264.71	0.00	1.78
500.00	0.00	1.19
836.19	0.12	2.11
264.71	0.00	1.59
499.39	0.12	1.71
837.21	0.00	1.45
264.71	0.00	2.11
500.00	0.00	1.04
837.21	0.00	1.96
264.71	0.00	1.22
500.00	0.00	1.47
837.21	0.00	0.52
264.14	0.21	1.77
500.00	0.00	0.94
837.21	0.00	1.49
264.71	0.00	0.94
500.00	0.00	1.47
836.03	0.14	0.64
264.43	0.11	2.16
500.00	0.00	1.54
837.21	0.00	1.14
264.71	0.00	1.20
500.00	0.00	1.63
837.21	0.00	1.54
264.71	0.00	1.31
498.77	0.25	2.31
837.21	0.00	1.01
264.71	0.00	2.55
500.00	0.00	2.95
837.21	0.00	2.75
264.71	0.00	2.91
500.00	0.00	1.75
835.57	0.20	2.25
264.71	0.00	1.71
499.39	0.12	1.74
837.21	0.00	2.06
264.71	0.00	1.09
500.00	0.00	2.19
837.21	0.00	0.97
264.15	0.21	2.59
499.02	0.20	2.86
835.11	0.25	1.44
264.71	0.00	2.98
500.00	0.00	2.18
837.21	0.00	1.89
264.71	0.00	1.49
500.00	0.00	1.14
837.21	0.00	1.42
264.71	0.00	0.96
498.50	0.30	1.31
837.21	0.00	1.90
264.19	0.20	1.86
498.77	0.25	1.85
837.21	0.00	0.56
264.71	0.00	2.35
499.47	0.11	1.40
836.03	0.14	1.13
264.47	0.09	2.77
500.00	0.00	2.22
837.21	0.00	1.54
264.71	0.00	2.21
500.00	0.00	1.06
837.21	0.00	2.03
264.71	0.00	2.24
500.00	0.00	1.08
837.21	0.00	1.63
264.71	0.00	2.72
499.47	0.11	1.72
836.32	0.11	1.10
264.71	0.00	1.16
500.00	0.00	1.56
836.03	0.14	0.63
264.71	0.00	0.54
500.00	0.00	2.00
836.45	0.09	1.74
264.71	0.00	1.46
500.00	0.00	1.07
835.57	0.20	1.21
264.71	0.00	2.00
499.30	0.14	1.07
837.21	0.00	0.51
264.19	0.20	1.88
500.00	0.00	1.46
837.21	0.00	1.47
264.33	0.14	1.20
500.00	0.00	1.91
837.21	0.00	1.00
264.15	0.21	1.79
499.47	0.11	1.39
837.21	0.00	1.40
264.71	0.00	2.24
499.47	0.11	0.66
837.21	0.00	2.41
264.43	0.11	1.86
500.00	0.00	1.74
837.21	0.00	1.57
264.71	0.00	1.86
498.94	0.21	2.37
837.21	0.00	2.05
264.71	0.00	1.48
500.00	0.00	0.97
837.21	0.00	1.44
264.71	0.00	1.97
500.00	0.00	1.52
837.21	0.00	1.45
264.71	0.00	1.46
500.00	0.00	1.94
837.21	0.00	1.02
264.71	0.00	2.01
500.00	0.00	2.39
837.21	0.00	0.50
264.43	0.11	0.58
500.00	0.00	1.95
837.21	0.00	0.95
264.71	0.00	1.58
500.00	0.00	2.34
837.21	0.00	0.45
264.71	0.00	2.05
500.00	0.00	1.41
837.21	0.00	1.00
264.71	0.00	1.91
500.00	0.00	1.48
837.21	0.00	1.04
264.71	0.00	2.16
500.00	0.00	1.74
837.21	0.00	2.58
264.71	0.00	1.41
500.00	0.00	2.83
836.56	0.08	3.07
264.71	0.00	1.91
500.00	0.00	1.25
837.21	0.00	1.57
264.71	0.00	2.32
500.00	0.00	0.51
834.70	0.30	2.17
264.71	0.00	1.05
500.00	0.00	1.52
835.68	0.18	1.79
264.71	0.00	1.26
500.00	0.00	2.02
837.21	0.00	0.52
264.71	0.00	0.49
500.00	0.00	1.53
837.21	0.00	1.48
264.71	0.00	1.65
500.00	0.00	1.04
837.21	0.00	0.98
264.71	0.00	1.07
500.00	0.00	1.50
837.21	0.00	1.44
264.71	0.00	2.16
500.00	0.00	0.96
837.21	0.00	0.96
264.71	0.00	2.06
499.47	0.11	1.63
836.32	0.11	1.63
264.71	0.00	0.95
499.47	0.11	1.62
837.21	0.00	0.51
264.71	0.00	2.22
500.00	0.00	1.58
837.21	0.00	0.53
264.47	0.09	2.57
500.00	0.00	1.01
837.21	0.00	1.57
264.71	0.00	1.46
500.00	0.00	1.44
837.21	0.00	1.42
264.71	0.00	0.98
500.00	0.00	0.98
837.21	0.00	0.94
264.50	0.08	2.89
500.00	0.00	1.30
837.21	0.00	2.44
264.71	0.00	2.32
500.00	0.00	1.22
837.21	0.00	1.94
264.71	0.00	1.50
499.55	0.09	1.61
836.03	0.14	1.23
264.71	0.00	2.65
500.00	0.00	2.10
837.21	0.00	1.11
264.71	0.00	1.70
500.00	0.00	2.32
837.21	0.00	1.53
264.71	0.00	1.09
499.55	0.09	1.80
837.21	0.00	2.03
264.71	0.00	1.84
500.00	0.00	1.73
837.21	0.00	2.51
264.10	0.23	2.54
500.00	0.00	1.11
837.21	0.00	1.99
264.71	0.00	1.48
499.39	0.12	0.62
837.21	0.00	0.98
264.71	0.00	1.95
500.00	0.00	1.58
836.19	0.12	1.11
264.71	0.00	0.60
499.30	0.14	0.68
836.32	0.11	2.13
264.33	0.14	1.85
500.00	0.00	1.79
837.21	0.00	0.98
264.71	0.00	1.24
500.00	0.00	1.17
837.21	0.00	1.93
264.05	0.25	1.75
499.47	0.11	1.68
837.21	0.00	1.53
264.71	0.00	0.99
500.00	0.00	1.01
837.21	0.00	0.97
264.71	0.00	1.48
500.00	0.00	1.05
837.21	0.00	0.96
264.43	0.11	1.15
500.00	0.00	1.47
837.21	0.00	0.46
264.71	0.00	2.30
500.00	0.00	1.95
837.21	0.00	1.60
264.47	0.09	1.75
500.00	0.00	0.47
836.32	0.11	0.57
264.33	0.14	0.66
499.55	0.09	0.64
837.21	0.00	1.55
264.71	0.00	0.56
500.00	0.00	0.56
837.21	0.00	2.43
264.71	0.00	1.02
500.00	0.00	1.61
837.21	0.00	1.97
264.33	0.14	1.75
500.00	0.00	1.60
837.21	0.00	1.49
264.43	0.11	2.26
499.61	0.08	1.07
837.21	0.00	0.98
264.28	0.16	1.76
500.00	0.00	1.60
837.21	0.00	1.50
264.47	0.09	2.31
500.00	0.00	2.13
837.21	0.00	2.00
264.71	0.00	1.07
500.00	0.00	1.54
836.45	0.09	0.63
264.71	0.00	0.62
500.00	0.00	0.99
837.21	0.00	1.58
264.71	0.00	1.30
500.00	0.00	1.50
836.03	0.14	0.66
264.71	0.00	0.60
500.00	0.00	2.71
834.68	0.30	2.54
264.43	0.11	1.54
500.00	0.00	0.51
837.21	0.00	0.98
264.71	0.00	2.01
500.00	0.00	0.52
837.21	0.00	1.45
264.71	0.00	1.77
500.00	0.00	2.79
837.21	0.00	1.60
264.71	0.00	1.93
499.61	0.08	2.28
837.21	0.00	2.10
264.33	0.14	1.85
500.00	0.00	1.70
837.21	0.00	1.59
264.71	0.00	2.30
500.00	0.00	1.10
836.56	0.08	2.11
264.71	0.00	1.03
500.00	0.00	1.11
837.21	0.00	1.51
264.71	0.00	0.66
500.00	0.00	1.16
836.45	0.09	1.03
264.71	0.00	2.07
500.00	0.00	1.56
836.32	0.11	0.61
264.71	0.00	0.92
499.39	0.12	1.06
836.56	0.08	1.18
264.71	0.00	0.48
500.00	0.00	1.58
835.30	0.23	1.23
264.71	0.00	1.58
500.00	0.00	0.50
837.21	0.00	1.06
264.71	0.00	1.15
500.00	0.00	1.48
837.21	0.00	1.45
264.71	0.00	2.22
500.00	0.00	1.97
837.21	0.00	1.92
264.33	0.14	1.16
500.00	0.00	1.05
837.21	0.00	0.93
264.71	0.00	0.50
499.30	0.14	1.62
837.21	0.00	1.51
264.71	0.00	1.31
500.00	0.00	1.54
837.21	0.00	1.57
264.33	0.14	0.85
500.00	0.00	2.60
836.03	0.14	2.04
264.71	0.00	1.04
500.00	0.00	0.50
836.19	0.12	0.62
264.47	0.09	2.17
500.00	0.00	1.51
837.21	0.00	0.49
264.43	0.11	1.69
500.00	0.00	0.58
837.21	0.00	1.47
264.71	0.00	1.01
500.00	0.00	1.04
837.21	0.00	1.90
264.71	0.00	1.58
500.00	0.00	1.58
837.21	0.00	1.54
264.71	0.00	2.10
499.09	0.18	2.23
837.21	0.00	1.03
264.33	0.14	1.70
500.00	0.00	1.64
837.21	0.00	1.52
264.71	0.00	1.10
499.55	0.09	2.17
837.21	0.00	2.01
264.33	0.14	1.68
500.00	0.00	1.58
836.32	0.11	0.67
264.71	0.00	2.23
500.00	0.00	2.10
837.21	0.00	1.72
264.71	0.00	1.50
499.47	0.11	0.61
837.21	0.00	0.52
264.71	0.00	1.01
500.00	0.00	1.06
837.21	0.00	0.96
264.71	0.00	1.00
500.00	0.00	1.94
837.21	0.00	0.53
264.71	0.00	0.63
500.00	0.00	1.99
836.03	0.14	1.09
264.71	0.00	1.24
500.00	0.00	1.27
837.21	0.00	1.48
264.43	0.11	1.66
500.00	0.00	1.69
837.21	0.00	1.96
264.71	0.00	1.02
500.00	0.00	1.12
837.21	0.00	1.48
264.71	0.00	1.71
500.00	0.00	2.15
837.21	0.00	0.97
264.71	0.00	2.26
500.00	0.00	1.15
837.21	0.00	2.00
264.43	0.11	1.18
500.00	0.00	2.17
837.21	0.00	1.47
264.71	0.00	2.84
499.30	0.14	0.74
837.21	0.00	1.49
264.43	0.11	2.22
500.00	0.00	1.84
837.21	0.00	1.99
264.33	0.14	0.71
500.00	0.00	1.63
837.21	0.00	2.56
264.47	0.09	1.70
500.00	0.00	2.86
837.21	0.00	3.04
264.71	0.00	2.24
500.00	0.00	1.57
837.21	0.00	1.48
264.71	0.00	2.80
500.00	0.00	2.72
836.32	0.11	2.07
264.71	0.00	1.23
500.00	0.00	1.58
837.21	0.00	2.03
264.71	0.00	0.68
500.00	0.00	2.62
837.21	0.00	0.98
264.71	0.00	1.54
500.00	0.00	1.58
837.21	0.00	0.53
264.10	0.23	2.17
498.86	0.23	2.17
836.03	0.14	1.10
264.71	0.00	2.02
499.30	0.14	0.65
837.21	0.00	0.51
264.71	0.00	0.95
500.00	0.00	1.02
837.21	0.00	0.96
264.71	0.00	1.64
500.00	0.00	1.68
835.69	0.18	2.66
264.71	0.00	1.10
500.00	0.00	1.08
837.21	0.00	2.03
264.71	0.00	2.87
500.00	0.00	1.70
837.21	0.00	1.54
264.71	0.00	3.34
500.00	0.00	1.17
837.21	0.00	2.59
264.71	0.00	1.94
500.00	0.00	1.42
837.21	0.00	1.44
264.71	0.00	0.90
500.00	0.00	0.95
837.21	0.00	0.97
264.71	0.00	0.99
500.00	0.00	0.97
837.21	0.00	0.51
264.43	0.11	1.54
500.00	0.00	1.39
837.21	0.00	0.96
264.71	0.00	1.05
500.00	0.00	0.53
837.21	0.00	1.39
264.71	0.00	0.55
500.00	0.00	1.08
837.21	0.00	2.35
264.71	0.00	1.48
500.00	0.00	1.46
837.21	0.00	0.52
264.71	0.00	0.95
500.00	0.00	1.96
837.21	0.00	0.97
264.71	0.00	1.51
500.00	0.00	1.12
836.03	0.14	1.08
264.71	0.00	1.58
500.00	0.00	1.49
837.21	0.00	1.54
264.71	0.00	1.75
499.47	0.11	1.71
837.21	0.00	2.15
264.71	0.00	2.99
499.47	0.11	2.31
836.45	0.09	2.68
264.71	0.00	1.53
500.00	0.00	1.10
837.21	0.00	1.52
264.71	0.00	0.99
500.00	0.00	0.58
836.03	0.14	1.05
264.71	0.00	1.08
499.30	0.14	0.62
837.21	0.00	0.48
264.71	0.00	1.47
500.00	0.00	1.58
837.21	0.00	0.93
264.71	0.00	1.65
500.00	0.00	1.25
837.21	0.00	1.56
264.15	0.21	3.14
499.09	0.18	2.56
836.03	0.14	2.05
264.71	0.00	1.54
500.00	0.00	1.15
837.21	0.00	2.01
264.71	0.00	2.10
500.00	0.00	1.59
837.21	0.00	0.95
264.71	0.00	1.90
498.60	0.28	1.86
837.21	0.00	1.50
263.91	0.30	1.45
500.00	0.00	1.14
837.21	0.00	1.99
264.71	0.00	1.47
500.00	0.00	1.45
837.21	0.00	0.53
264.71	0.00	1.99
500.00	0.00	0.97
837.21	0.00	1.45
264.71	0.00	1.51
500.00	0.00	2.15
837.21	0.00	1.50
264.71	0.00	0.98
500.00	0.00	1.62
837.21	0.00	1.98
264.71	0.00	1.60
500.00	0.00	1.44
837.21	0.00	1.40
264.71	0.00	2.49
500.00	0.00	2.41
837.21	0.00	1.85
264.71	0.00	1.01
500.00	0.00	1.06
837.21	0.00	1.03
264.71	0.00	2.09
499.55	0.09	1.56
837.21	0.00	0.53
264.71	0.00	1.67
500.00	0.00	1.15
836.32	0.11	1.14
264.19	0.20	2.98
500.00	0.00	1.20
837.21	0.00	2.12
264.71	0.00	2.64
500.00	0.00	1.55
837.21	0.00	1.49
264.71	0.00	2.12
500.00	0.00	2.62
837.21	0.00	2.57
264.71	0.00	1.11
500.00	0.00	1.63
836.32	0.11	0.60
264.71	0.00	1.38
500.00	0.00	0.55
837.21	0.00	1.58
264.19	0.20	1.63
500.00	0.00	1.09
837.21	0.00	0.51
264.38	0.12	2.26
500.00	0.00	0.53
837.21	0.00	0.96
264.71	0.00	2.70
500.00	0.00	1.24
836.03	0.14	1.59
264.71	0.00	2.11
500.00	0.00	0.57
837.21	0.00	2.08
264.43	0.11	1.65
500.00	0.00	1.53
837.21	0.00	1.04
264.71	0.00	2.15
500.00	0.00	1.00
837.21	0.00	1.54
264.71	0.00	2.43
500.00	0.00	2.54
837.21	0.00	0.59
264.33	0.14	2.22
500.00	0.00	2.02
837.21	0.00	1.65
264.71	0.00	1.55
499.30	0.14	1.68
837.21	0.00	1.50
264.71	0.00	2.06
499.30	0.14	1.21
837.21	0.00	1.00
263.86	0.32	2.69
500.00	0.00	0.53
837.21	0.00	0.51
264.71	0.00	3.25
500.00	0.00	1.13
836.45	0.09	1.61
264.71	0.00	1.48
500.00	0.00	1.48
837.21	0.00	1.06
264.71	0.00	2.00
499.47	0.11	2.05
837.21	0.00	1.09
264.71	0.00	1.54
500.00	0.00	1.14
837.21	0.00	1.55
264.71	0.00	1.05
500.00	0.00	1.03
836.03	0.14	1.07
264.71	0.00	1.62
499.47	0.11	1.72
836.19	0.12	0.64
264.05	0.25	2.29
500.00	0.00	1.82
837.21	0.00	1.69
264.47	0.09	2.56
499.09	0.18	2.44
837.21	0.00	1.54
264.43	0.11	3.20
500.00	0.00	2.34
836.45	0.09	2.74
264.10	0.23	1.84
500.00	0.00	1.61
837.21	0.00	0.48
264.71	0.00	1.16
500.00	0.00	2.61
834.42	0.33	2.41
264.71	0.00	1.19
500.00	0.00	1.62
837.21	0.00	1.55
264.71	0.00	1.22
499.47	0.11	1.15
836.32	0.11	1.08
264.71	0.00	1.61
500.00	0.00	1.10
837.21	0.00	1.56
264.71	0.00	0.64
500.00	0.00	1.57
836.32	0.11	1.10
264.71	0.00	1.77
500.00	0.00	1.21
837.21	0.00	1.43
264.28	0.16	1.05
499.47	0.11	0.69
837.21	0.00	0.94
264.71	0.00	2.02
500.00	0.00	1.19
837.21	0.00	1.52
264.71	0.00	0.91
499.61	0.08	0.67
836.45	0.09	1.03
264.47	0.09	1.71
500.00	0.00	1.67
837.21	0.00	2.40
264.71	0.00	1.93
500.00	0.00	1.12
837.21	0.00	1.91
264.43	0.11	1.72
500.00	0.00	2.29
837.21	0.00	1.13
264.71	0.00	2.22
499.47	0.11	1.11
836.32	0.11	1.73
264.43	0.11	1.79
500.00	0.00	2.21
837.21	0.00	1.51
264.50	0.08	2.38
500.00	0.00	1.07
837.21	0.00	2.55
264.71	0.00	1.59
500.00	0.00	2.26
837.21	0.00	2.42
264.71	0.00	1.02
500.00	0.00	1.06
837.21	0.00	1.93
264.71	0.00	1.65
500.00	0.00	2.17
836.32	0.11	0.66
264.19	0.20	2.34
500.00	0.00	1.67
837.21	0.00	2.24
264.71	0.00	0.50
500.00	0.00	1.45
837.21	0.00	0.51
264.71	0.00	1.01
500.00	0.00	1.97
837.21	0.00	0.97
264.43	0.11	1.96
499.55	0.09	1.85
837.21	0.00	1.46
264.71	0.00	1.20
500.00	0.00	0.61
837.21	0.00	2.46
264.71	0.00	1.65
499.55	0.09	1.34
837.21	0.00	1.43
264.71	0.00	0.57
499.30	0.14	1.27
837.21	0.00	1.90
264.71	0.00	1.79
500.00	0.00	1.53
837.21	0.00	0.53
264.38	0.12	1.80
500.00	0.00	1.00
837.21	0.00	1.47
264.71	0.00	2.21
500.00	0.00	1.50
837.21	0.00	1.14
264.71	0.00	1.04
500.00	0.00	2.55
837.21	0.00	1.11
264.71	0.00	0.48
498.94	0.21	1.24
836.32	0.11	0.60
263.91	0.30	1.22
500.00	0.00	1.58
836.45	0.09	1.10
264.71	0.00	2.54
500.00	0.00	1.64
837.21	0.00	1.19
264.71	0.00	3.06
499.09	0.18	2.27
836.19	0.12	1.67
264.71	0.00	2.88
500.00	0.00	2.79
837.21	0.00	1.18
264.43	0.11	2.26
499.30	0.14	2.22
834.39	0.34	2.60
264.43	0.11	1.57
500.00	0.00	1.55
836.45	0.09	1.18
264.71	0.00	2.82
500.00	0.00	0.97
836.03	0.14	0.65
264.71	0.00	1.56
500.00	0.00	0.51
837.21	0.00	0.52
264.71	0.00	1.01
499.09	0.18	1.77
837.21	0.00	0.98
264.71	0.00	1.48
500.00	0.00	1.09
837.21	0.00	0.52
264.71	0.00	0.97
500.00	0.00	1.55
837.21	0.00	0.99
264.47	0.09	1.10
500.00	0.00	1.36
837.21	0.00	0.96
264.71	0.00	1.05
500.00	0.00	0.90
837.21	0.00	0.93
264.71	0.00	2.37
499.47	0.11	1.65
835.57	0.20	2.40
264.47	0.09	1.39
500.00	0.00	2.18
836.03	0.14	1.25
264.71	0.00	2.01
500.00	0.00	1.57
836.03	0.14	0.67
264.47	0.09	1.73
500.00	0.00	1.58
837.21	0.00	1.64
264.71	0.00	2.04
500.00	0.00	0.52
837.21	0.00	0.51
264.71	0.00	2.06
499.55	0.09	1.59
837.21	0.00	1.48
264.71	0.00	0.50
500.00	0.00	0.58
837.21	0.00	1.41
264.71	0.00	1.71
500.00	0.00	1.16
837.21	0.00	2.39
264.43	0.11	1.26
500.00	0.00	1.55
837.21	0.00	1.53
264.71	0.00	1.68
500.00	0.00	2.07
837.21	0.00	0.99
264.71	0.00	2.46
499.39	0.12	1.57
836.32	0.11	1.12
264.71	0.00	2.00
500.00	0.00	1.06
837.21	0.00	0.53
264.71	0.00	1.57
500.00	0.00	1.18
837.21	0.00	1.99
264.71	0.00	2.71
500.00	0.00	1.15
837.21	0.00	0.96
264.71	0.00	1.38
500.00	0.00	0.46
837.21	0.00	0.46
264.71	0.00	1.85
500.00	0.00	1.41
837.21	0.00	0.50
264.71	0.00	1.49
499.30	0.14	0.63
837.21	0.00	1.44
264.71	0.00	1.98
499.47	0.11	1.26
836.45	0.09	1.58
264.71	0.00	1.61
500.00	0.00	1.14
837.21	0.00	2.13
264.71	0.00	1.66
500.00	0.00	1.60
836.32	0.11	1.08
264.71	0.00	1.94
500.00	0.00	1.15
837.21	0.00	1.43
264.71	0.00	0.94
500.00	0.00	1.04
837.21	0.00	1.90
264.71	0.00	2.64
500.00	0.00	2.15
835.57	0.20	1.74
264.71	0.00	3.16
500.00	0.00	1.62
837.21	0.00	1.10
264.71	0.00	1.07
499.47	0.11	0.60
837.21	0.00	0.98
264.71	0.00	0.46
500.00	0.00	1.06
837.21	0.00	0.46
264.71	0.00	1.11
500.00	0.00	1.49
837.21	0.00	0.51
264.71	0.00	1.48
500.00	0.00	1.56
836.45	0.09	1.15
264.71	0.00	1.12
500.00	0.00	1.10
837.21	0.00	0.98
264.71	0.00	1.01
500.00	0.00	1.14
837.21	0.00	1.91
264.43	0.11	2.48
500.00	0.00	1.37
837.21	0.00	1.50
264.71	0.00	1.18
500.00	0.00	2.50
837.21	0.00	2.00
264.71	0.00	1.51
500.00	0.00	1.13
837.21	0.00	1.55
264.71	0.00	2.56
499.55	0.09	0.67
837.21	0.00	1.93
264.71	0.00	1.08
500.00	0.00	0.50
837.21	0.00	0.48
264.71	0.00	0.48
500.00	0.00	1.07
837.21	0.00	1.43
264.71	0.00	1.96
500.00	0.00	2.17
837.21	0.00	0.57
264.71	0.00	2.52
500.00	0.00	1.01
837.21	0.00	2.07
264.71	0.00	1.11
500.00	0.00	1.47
837.21	0.00	1.01
264.71	0.00	1.20
500.00	0.00	1.93
834.70	0.30	1.28
264.71	0.00	1.44
500.00	0.00	1.02
837.21	0.00	0.99
264.71	0.00	1.94
499.55	0.09	1.61
837.21	0.00	1.04
264.71	0.00	1.59
500.00	0.00	1.24
837.21	0.00	2.11
264.71	0.00	2.15
500.00	0.00	1.65
836.45	0.09	1.08
264.71	0.00	2.10
500.00	0.00	0.48
837.21	0.00	0.51
264.71	0.00	1.53
500.00	0.00	1.51
837.21	0.00	1.50
264.71	0.00	2.55
500.00	0.00	0.51
837.21	0.00	0.52
264.43	0.11	3.29
499.55	0.09	2.27
837.21	0.00	1.55
264.71	0.00	2.53
500.00	0.00	1.70
837.21	0.00	1.56
264.43	0.11	2.35
499.47	0.11	2.30
836.45	0.09	2.16
264.71	0.00	1.07
500.00	0.00	1.56
834.86	0.28	1.80
264.71	0.00	0.66
500.00	0.00	2.08
836.32	0.11	1.19
264.71	0.00	1.71
500.00	0.00	2.24
836.45	0.09	1.61
264.71	0.00	1.10
500.00	0.00	2.16
837.21	0.00	2.69
264.71	0.00	1.58
500.00	0.00	0.54
837.21	0.00	1.00
264.43	0.11	1.12
500.00	0.00	0.99
837.21	0.00	1.39
264.71	0.00	1.67
498.77	0.25	1.89
837.21	0.00	1.51
264.71	0.00	2.16
500.00	0.00	1.18
837.21	0.00	2.62
264.09	0.23	1.42
499.30	0.14	1.70
836.19	0.12	1.16
264.71	0.00	1.26
499.39	0.12	1.19
834.70	0.30	1.69
264.71	0.00	1.21
500.00	0.00	1.54
837.21	0.00	1.48
264.71	0.00	1.04
500.00	0.00	2.05
837.21	0.00	1.54
264.38	0.12	1.71
500.00	0.00	2.12
837.21	0.00	0.54
264.71	0.00	1.03
500.00	0.00	1.02
837.21	0.00	1.54
264.71	0.00	1.06
500.00	0.00	0.52
837.21	0.00	0.50
264.38	0.12	1.11
499.55	0.09	1.08
836.45	0.09	1.05
264.47	0.09	1.15
500.00	0.00	0.60
837.21	0.00	2.04
264.71	0.00	2.38
500.00	0.00	1.67
837.21	0.00	1.97
264.71	0.00	2.19
500.00	0.00	1.29
837.21	0.00	2.63
264.71	0.00	1.68
500.00	0.00	1.73
835.44	0.21	2.14
264.71	0.00	1.63
499.47	0.11	2.05
836.32	0.11	1.11
264.71	0.00	0.57
500.00	0.00	1.43
837.21	0.00	1.06
264.71	0.00	1.49
498.50	0.30	1.69
836.45	0.09	1.14
264.71	0.00	0.94
499.47	0.11	1.20
837.21	0.00	0.51
264.47	0.09	1.68
500.00	0.00	1.51
837.21	0.00	1.62
264.47	0.09	2.23
500.00	0.00	2.53
836.32	0.11	0.68
264.71	0.00	2.07
499.20	0.16	0.60
837.21	0.00	0.52
264.71	0.00	1.57
499.39	0.12	1.19
837.21	0.00	0.98
264.71	0.00	2.19
499.30	0.14	1.73
837.21	0.00	2.06
264.71	0.00	1.67
500.00	0.00	2.16
837.21	0.00	1.02
264.71	0.00	1.71
500.00	0.00	1.66
837.21	0.00	2.44
264.33	0.14	2.38
500.00	0.00	1.10
837.21	0.00	1.95
264.71	0.00	1.70
500.00	0.00	1.62
837.21	0.00	0.56
264.01	0.26	2.31
498.86	0.23	2.25
835.30	0.23	1.39
264.71	0.00	1.50
500.00	0.00	1.06
837.21	0.00	0.52
264.71	0.00	0.99
499.61	0.08	2.13
837.21	0.00	0.95
264.71	0.00	0.51
500.00	0.00	0.49
837.21	0.00	0.50
264.47	0.09	1.11
500.00	0.00	1.53
837.21	0.00	1.47
264.71	0.00	1.73
500.00	0.00	1.66
836.45	0.09	1.56
264.71	0.00	2.27
500.00	0.00	1.09
837.21	0.00	2.64
264.71	0.00	1.49
500.00	0.00	1.60
837.21	0.00	1.51
264.71	0.00	1.98
500.00	0.00	2.16
837.21	0.00	1.99
264.71	0.00	1.88
500.00	0.00	1.54
836.03	0.14	1.57
264.71	0.00	1.36
500.00	0.00	1.02
837.21	0.00	2.03
264.71	0.00	1.50
500.00	0.00	1.49
836.32	0.11	0.66
264.71	0.00	2.56
500.00	0.00	2.47
837.21	0.00	1.11
264.71	0.00	1.11
500.00	0.00	0.52
837.21	0.00	0.50
264.71	0.00	2.05
500.00	0.00	1.52
837.21	0.00	1.46
264.71	0.00	1.60
500.00	0.00	1.79
837.21	0.00	2.04
264.71	0.00	2.64
500.00	0.00	0.66
837.21	0.00	0.98
264.71	0.00	1.64
499.30	0.14	1.63
837.21	0.00	1.02
264.71	0.00	2.15
500.00	0.00	2.13
836.32	0.11	2.17
264.33	0.14	1.88
500.00	0.00	1.57
837.21	0.00	1.44
264.71	0.00	1.10
500.00	0.00	1.06
837.21	0.00	2.47
264.71	0.00	1.40
500.00	0.00	0.54
837.21	0.00	1.58
264.71	0.00	1.87
499.61	0.08	2.21
835.87	0.16	1.09
264.71	0.00	1.46
500.00	0.00	1.67
836.03	0.14	1.56
264.71	0.00	0.97
499.47	0.11	1.19
837.21	0.00	1.50
264.71	0.00	2.17
500.00	0.00	1.63
837.21	0.00	2.13
264.71	0.00	2.60
500.00	0.00	1.05
836.56	0.08	1.06
264.71	0.00	1.12
500.00	0.00	1.02
836.32	0.11	1.60
264.43	0.11	0.56
500.00	0.00	1.55
837.21	0.00	0.51
264.33	0.14	1.76
500.00	0.00	2.29
837.21	0.00	2.15
264.71	0.00	3.03
499.39	0.12	2.19
837.21	0.00	2.06
264.71	0.00	1.03
500.00	0.00	1.46
837.21	0.00	0.51
264.71	0.00	1.06
500.00	0.00	0.95
837.21	0.00	1.00
264.71	0.00	0.46
500.00	0.00	1.16
837.21	0.00	1.89
264.71	0.00	1.50
500.00	0.00	1.41
837.21	0.00	2.29
264.33	0.14	1.61
500.00	0.00	1.11
836.45	0.09	1.14
264.71	0.00	2.16
500.00	0.00	1.02
836.03	0.14	1.09
264.43	0.11	2.72
499.47	0.11	1.26
837.21	0.00	1.58
264.71	0.00	2.18
500.00	0.00	0.62
837.21	0.00	0.50
264.71	0.00	1.49
499.47	0.11	2.21
837.21	0.00	0.53
264.71	0.00	2.03
499.30	0.14	1.06
837.21	0.00	1.06
264.71	0.00	1.41
500.00	0.00	1.44
837.21	0.00	0.53
264.71	0.00	2.39
500.00	0.00	0.97
837.21	0.00	0.50
264.71	0.00	0.47
500.00	0.00	0.48
835.57	0.20	1.18
264.71	0.00	0.93
500.00	0.00	0.94
837.21	0.00	0.50
264.43	0.11	2.21
500.00	0.00	1.56
837.21	0.00	1.06
264.15	0.21	2.82
500.00	0.00	1.04
837.21	0.00	1.51
264.43	0.11	1.66
500.00	0.00	0.90
837.21	0.00	1.42
264.71	0.00	1.13
500.00	0.00	1.18
837.21	0.00	1.91
264.71	0.00	1.41
500.00	0.00	1.42
837.21	0.00	1.11
264.43	0.11	2.02
500.00	0.00	1.97
837.21	0.00	1.50
264.71	0.00	1.29
499.55	0.09	2.26
837.21	0.00	1.53
264.71	0.00	1.85
500.00	0.00	0.98
837.21	0.00	2.06
264.71	0.00	2.24
500.00	0.00	1.59
837.21	0.00	1.44
264.43	0.11	1.13
500.00	0.00	1.08
837.21	0.00	1.94
264.71	0.00	1.13
500.00	0.00	1.54
837.21	0.00	1.65
264.71	0.00	2.28
499.47	0.11	2.14
837.21	0.00	1.01
264.71	0.00	1.57
500.00	0.00	1.68
837.21	0.00	1.97
264.71	0.00	2.11
500.00	0.00	0.61
837.21	0.00	1.93
264.71	0.00	2.57
500.00	0.00	1.76
837.21	0.00	2.09
264.71	0.00	3.12
500.00	0.00	1.67
836.32	0.11	1.64
264.71	0.00	1.12
500.00	0.00	1.65
836.03	0.14	0.65
264.47	0.09	1.72
499.47	0.11	1.10
837.21	0.00	1.66
264.71	0.00	0.66
500.00	0.00	1.61
835.68	0.18	2.37
264.71	0.00	1.16
500.00	0.00	2.73
836.45	0.09	1.73
264.43	0.11	1.78
500.00	0.00	2.20
837.21	0.00	2.12
264.71	0.00	2.25
500.00	0.00	1.06
836.56	0.08	1.56
264.71	0.00	1.11
499.20	0.16	1.47
837.21	0.00	0.95
264.71	0.00	1.53
500.00	0.00	1.95
835.43	0.21	1.64
264.43	0.11	1.63
499.55	0.09	1.21
837.21	0.00	1.48
264.71	0.00	0.99
500.00	0.00	1.67
837.21	0.00	1.06
264.71	0.00	1.19
499.55	0.09	1.65
837.21	0.00	0.52
264.71	0.00	0.62
500.00	0.00	1.02
837.21	0.00	1.50
264.71	0.00	2.62
499.30	0.14	1.86
837.21	0.00	2.57
264.33	0.14	1.23
500.00	0.00	2.36
836.32	0.11	2.77
264.43	0.11	1.62
500.00	0.00	1.52
837.21	0.00	1.63
264.71	0.00	2.80
499.47	0.11	2.07
837.21	0.00	0.53
264.71	0.00	1.28
500.00	0.00	2.47
837.21	0.00	1.50
264.71	0.00	0.68
498.67	0.27	1.91
837.21	0.00	2.54
264.71	0.00	1.57
500.00	0.00	1.54
837.21	0.00	1.10
264.47	0.09	2.24
500.00	0.00	2.03
837.21	0.00	1.64
264.47	0.09	1.63
500.00	0.00	0.56
837.21	0.00	1.40
264.71	0.00	2.22
500.00	0.00	1.08
837.21	0.00	2.33
264.71	0.00	1.56
500.00	0.00	0.57
836.32	0.11	1.11
264.71	0.00	2.03
500.00	0.00	1.03
837.21	0.00	2.11
264.71	0.00	1.11
499.30	0.14	1.56
837.21	0.00	0.93
264.71	0.00	1.17
500.00	0.00	2.05
837.21	0.00	0.94
264.71	0.00	1.64
500.00	0.00	1.66
837.21	0.00	1.67
264.71	0.00	2.20
498.85	0.23	2.36
836.45	0.09	1.11
264.71	0.00	1.13
500.00	0.00	2.46
836.32	0.11	1.63
264.47	0.09	2.16
499.20	0.16	1.20
837.21	0.00	2.69
264.71	0.00	0.96
500.00	0.00	1.08
837.21	0.00	1.44
264.71	0.00	1.26
500.00	0.00	1.53
837.21	0.00	1.91
264.71	0.00	1.37
500.00	0.00	1.79
837.21	0.00	2.41
264.71	0.00	1.09
500.00	0.00	0.68
837.21	0.00	1.93
264.71	0.00	2.55
500.00	0.00	1.57
837.21	0.00	1.02
264.71	0.00	2.04
500.00	0.00	0.47
837.21	0.00	1.48
264.47	0.09	1.83
500.00	0.00	1.63
837.21	0.00	1.56
263.91	0.30	2.52
500.00	0.00	2.17
837.21	0.00	2.06
264.71	0.00	1.46
500.00	0.00	1.44
837.21	0.00	0.51
264.71	0.00	1.57
500.00	0.00	1.58
837.21	0.00	1.51
264.71	0.00	1.52
500.00	0.00	1.62
837.21	0.00	1.92
264.71	0.00	1.00
500.00	0.00	1.01
837.21	0.00	0.94
264.71	0.00	1.49
500.00	0.00	0.52
836.32	0.11	0.60
264.71	0.00	1.01
499.30	0.14	1.12
837.21	0.00	1.05
264.71	0.00	1.31
500.00	0.00	1.59
837.21	0.00	2.39
264.71	0.00	1.65
500.00	0.00	1.70
837.21	0.00	2.89
264.71	0.00	3.03
500.00	0.00	1.86
837.21	0.00	2.56
263.96	0.28	2.67
499.30	0.14	1.24
837.21	0.00	2.05
264.71	0.00	2.47
500.00	0.00	1.77
837.21	0.00	2.46
264.71	0.00	1.18
500.00	0.00	2.16
837.21	0.00	2.97
264.43	0.11	1.72
499.30	0.14	1.93
837.21	0.00	1.53
264.71	0.00	2.28
499.39	0.12	1.17
837.21	0.00	2.55
264.10	0.23	1.86
500.00	0.00	1.62
837.21	0.00	0.56
264.71	0.00	2.53
500.00	0.00	2.15
836.32	0.11	2.26
264.71	0.00	2.36
498.94	0.21	2.52
837.21	0.00	2.57
264.71	0.00	2.70
499.55	0.09	2.30
837.21	0.00	2.06
264.33	0.14	1.62
500.00	0.00	1.19
837.21	0.00	1.43
264.71	0.00	2.14
500.00	0.00	1.58
837.21	0.00	1.91
264.71	0.00	1.45
500.00	0.00	1.48
837.21	0.00	1.49
264.71	0.00	1.00
500.00	0.00	1.99
837.21	0.00	0.99
264.71	0.00	1.13
500.00	0.00	1.13
837.21	0.00	1.40
264.71	0.00	0.57
500.00	0.00	0.61
837.21	0.00	1.87
264.71	0.00	1.51
499.47	0.11	1.58
837.21	0.00	0.57
264.71	0.00	2.07
500.00	0.00	2.66
837.21	0.00	1.03
264.71	0.00	1.94
499.47	0.11	1.70
836.45	0.09	1.64
264.71	0.00	1.68
500.00	0.00	2.18
837.21	0.00	2.17
264.71	0.00	2.31
500.00	0.00	2.30
837.21	0.00	1.63
264.00	0.27	2.38
500.00	0.00	2.31
835.57	0.20	2.18
264.71	0.00	1.19
500.00	0.00	1.18
836.45	0.09	1.59
263.91	0.30	1.16
499.55	0.09	2.34
837.21	0.00	2.06
264.71	0.00	2.32
500.00	0.00	1.45
837.21	0.00	2.02
264.71	0.00	1.69
500.00	0.00	2.55
837.21	0.00	1.48
263.91	0.30	2.91
500.00	0.00	1.08
836.03	0.14	0.65
264.71	0.00	2.23
498.60	0.28	1.69
837.21	0.00	1.11
264.71	0.00	1.56
500.00	0.00	2.28
837.21	0.00	2.14
264.71	0.00	2.12
499.55	0.09	1.70
836.32	0.11	1.64
264.71	0.00	2.89
500.00	0.00	1.63
837.21	0.00	1.69
264.05	0.25	2.32
500.00	0.00	2.18
836.45	0.09	1.13
264.47	0.09	1.79
500.00	0.00	1.50
837.21	0.00	1.04
264.19	0.20	1.93
500.00	0.00	1.00
837.21	0.00	1.52
263.96	0.28	1.87
500.00	0.00	0.56
835.30	0.23	1.78
264.71	0.00	1.15
500.00	0.00	1.73
835.57	0.20	1.27
264.71	0.00	1.06
500.00	0.00	0.50
837.21	0.00	1.00
264.71	0.00	0.49
500.00	0.00	1.46
836.45	0.09	1.38
264.71	0.00	1.60
500.00	0.00	1.63
836.32	0.11	1.48
264.00	0.27	1.83
499.47	0.11	1.72
837.21	0.00	1.00
264.71	0.00	1.59
499.30	0.14	1.20
837.21	0.00	1.45
264.28	0.16	1.10
500.00	0.00	0.52
837.21	0.00	1.42
264.71	0.00	1.64
499.55	0.09	2.24
836.56	0.08	1.71
264.71	0.00	1.06
500.00	0.00	2.11
835.57	0.20	2.34
264.01	0.26	1.83
499.55	0.09	1.16
837.21	0.00	2.00
263.87	0.32	3.19
499.30	0.14	0.73
837.21	0.00	0.98
264.71	0.00	1.70
500.00	0.00	0.62
837.21	0.00	2.49
264.71	0.00	1.68
500.00	0.00	1.07
836.45	0.09	2.01
264.09	0.23	2.38
500.00	0.00	2.42
837.21	0.00	1.15
264.71	0.00	1.55
500.00	0.00	1.91
837.21	0.00	1.52
264.71	0.00	2.63
500.00	0.00	1.17
837.21	0.00	1.48
264.47	0.09	3.22
500.00	0.00	0.55
837.21	0.00	0.97
264.71	0.00	1.61
500.00	0.00	1.65
835.57	0.20	1.66
264.71	0.00	2.15
498.86	0.23	2.30
837.21	0.00	1.12
264.71	0.00	1.41
500.00	0.00	0.64
837.21	0.00	1.52
264.71	0.00	0.95
499.47	0.11	1.09
836.56	0.08	1.98
264.71	0.00	0.53
500.00	0.00	2.17
837.21	0.00	1.10
264.71	0.00	0.53
499.61	0.08	2.11
837.21	0.00	1.54
264.43	0.11	1.71
500.00	0.00	2.15
837.21	0.00	1.12
264.71	0.00	2.32
500.00	0.00	1.53
837.21	0.00	2.09
264.71	0.00	1.12
500.00	0.00	1.51
837.21	0.00	1.56
264.71	0.00	0.47
500.00	0.00	1.99
837.21	0.00	0.55
264.71	0.00	2.68
500.00	0.00	1.58
836.03	0.14	1.62
264.71	0.00	2.17
500.00	0.00	1.05
837.21	0.00	1.00
264.71	0.00	1.50
500.00	0.00	1.42
837.21	0.00	0.52
264.71	0.00	0.97
500.00	0.00	0.91
836.03	0.14	1.57
264.33	0.14	1.12
500.00	0.00	0.51
837.21	0.00	0.98
264.71	0.00	0.59
500.00	0.00	2.03
837.21	0.00	1.45
264.71	0.00	1.60
500.00	0.00	2.44
837.21	0.00	1.11
264.71	0.00	1.15
500.00	0.00	1.96
837.21	0.00	0.55
264.71	0.00	1.03
500.00	0.00	1.04
836.19	0.12	1.09
264.71	0.00	0.54
500.00	0.00	1.43
837.21	0.00	0.51
264.38	0.12	1.75
499.55	0.09	2.52
837.21	0.00	1.11
264.33	0.14	1.17
500.00	0.00	2.00
837.21	0.00	1.02
264.33	0.14	1.25
500.00	0.00	2.16
836.32	0.11	1.56
264.71	0.00	0.67
500.00	0.00	1.05
837.21	0.00	2.05
264.71	0.00	1.65
500.00	0.00	1.11
837.21	0.00	1.50
264.43	0.11	1.09
500.00	0.00	1.01
837.21	0.00	0.96
264.71	0.00	2.56
499.47	0.11	1.66
836.56	0.08	1.64
264.71	0.00	2.03
500.00	0.00	1.79
837.21	0.00	1.09
264.71	0.00	1.54
500.00	0.00	1.52
837.21	0.00	1.10
264.71	0.00	2.11
500.00	0.00	1.64
837.21	0.00	2.04
264.71	0.00	1.48
500.00	0.00	1.46
837.21	0.00	1.93
264.71	0.00	0.98
500.00	0.00	1.94
837.21	0.00	1.37
264.71	0.00	1.64
500.00	0.00	1.62
837.21	0.00	1.09
264.47	0.09	1.08
499.55	0.09	2.12
837.21	0.00	1.55
264.71	0.00	1.06
500.00	0.00	0.47
837.21	0.00	0.52
264.23	0.18	2.29
500.00	0.00	2.02
837.21	0.00	0.98
264.71	0.00	1.16
500.00	0.00	1.48
837.21	0.00	1.09
264.71	0.00	1.27
499.55	0.09	2.72
834.86	0.28	1.81
264.43	0.11	1.69
500.00	0.00	1.26
836.32	0.11	1.26
264.71	0.00	1.06
498.42	0.32	2.45
836.45	0.09	1.74
264.71	0.00	1.56
500.00	0.00	1.59
837.21	0.00	2.42
264.71	0.00	1.03
500.00	0.00	1.05
837.21	0.00	1.94
264.71	0.00	1.43
500.00	0.00	0.48
837.21	0.00	0.50
264.71	0.00	0.92
500.00	0.00	1.06
837.21	0.00	0.97
264.38	0.12	1.84
500.00	0.00	1.23
837.21	0.00	2.23
264.71	0.00	2.32
500.00	0.00	1.72
834.56	0.32	2.82
264.71	0.00	1.17
500.00	0.00	1.74
837.21	0.00	1.46
264.71	0.00	1.64
499.47	0.11	0.70
837.21	0.00	1.93
264.71	0.00	1.31
500.00	0.00	2.97
836.32	0.11	1.66
264.71	0.00	0.73
498.69	0.26	2.48
837.21	0.00	2.73
264.33	0.14	1.54
500.00	0.00	1.87
837.21	0.00	1.04
264.71	0.00	1.11
500.00	0.00	1.04
837.21	0.00	0.45
264.71	0.00	1.21
500.00	0.00	0.59
834.99	0.27	1.67
264.71	0.00	1.64
500.00	0.00	1.03
837.21	0.00	1.55
264.71	0.00	2.41
500.00	0.00	1.71
837.21	0.00	2.50
264.71	0.00	2.20
499.30	0.14	1.14
837.21	0.00	2.02
264.71	0.00	1.25
500.00	0.00	1.71
836.03	0.14	1.66
264.47	0.09	1.82
498.85	0.23	2.38
837.21	0.00	2.13
264.71	0.00	1.55
499.55	0.09	1.64
837.21	0.00	1.48
264.71	0.00	1.08
500.00	0.00	2.14
837.21	0.00	0.99
264.71	0.00	1.58
499.47	0.11	1.39
837.21	0.00	2.00
264.71	0.00	2.17
500.00	0.00	1.09
837.21	0.00	2.06
264.71	0.00	2.26
499.47	0.11	0.79
836.32	0.11	1.59
264.43	0.11	2.57
499.39	0.12	1.27
837.21	0.00	2.64
264.71	0.00	2.78
500.00	0.00	1.55
837.21	0.00	1.55
264.47	0.09	2.23
500.00	0.00	2.07
837.21	0.00	2.06
264.43	0.11	1.56
500.00	0.00	1.61
837.21	0.00	1.04
264.71	0.00	2.09
500.00	0.00	1.01
837.21	0.00	1.46
264.71	0.00	2.05
500.00	0.00	1.48
837.21	0.00	1.46
264.71	0.00	0.99
500.00	0.00	1.95
837.21	0.00	0.97
264.38	0.12	1.30
499.02	0.20	2.29
836.56	0.08	2.07
264.71	0.00	0.63
500.00	0.00	1.04
837.21	0.00	0.95
264.71	0.00	1.09
500.00	0.00	1.13
837.21	0.00	1.12
264.71	0.00	1.19
500.00	0.00	2.10
836.56	0.08	1.59
264.71	0.00	0.46
500.00	0.00	0.46
837.21	0.00	0.49
264.71	0.00	0.52
500.00	0.00	1.91
837.21	0.00	0.52
264.71	0.00	2.73
500.00	0.00	1.68
837.21	0.00	1.58
264.71	0.00	2.11
500.00	0.00	2.11
837.21	0.00	1.03
264.71	0.00	1.64
499.30	0.14	1.68
836.32	0.11	1.72
264.71	0.00	1.05
500.00	0.00	1.68
836.45	0.09	1.81
264.71	0.00	1.47
500.00	0.00	1.66
837.21	0.00	0.52
264.71	0.00	1.90
500.00	0.00	0.51
837.21	0.00	1.98
264.71	0.00	1.65
500.00	0.00	0.54
837.21	0.00	1.45
264.71	0.00	2.14
500.00	0.00	1.69
837.21	0.00	2.50
264.71	0.00	0.52
500.00	0.00	1.43
837.21	0.00	1.04
264.71	0.00	0.98
500.00	0.00	2.47
837.21	0.00	1.46
264.38	0.12	1.21
500.00	0.00	1.27
837.21	0.00	1.49
264.71	0.00	2.27
500.00	0.00	2.27
837.21	0.00	1.96
264.71	0.00	1.49
499.02	0.20	2.75
837.21	0.00	1.55
264.47	0.09	2.14
500.00	0.00	2.29
837.21	0.00	1.01
264.71	0.00	1.15
500.00	0.00	1.57
836.45	0.09	2.08
264.71	0.00	0.57
500.00	0.00	2.09
837.21	0.00	0.97
264.71	0.00	1.63
499.00	0.20	1.81
837.21	0.00	2.04
264.71	0.00	1.04
500.00	0.00	2.30
837.21	0.00	1.46
264.71	0.00	1.74
500.00	0.00	2.23
835.57	0.20	2.37
263.96	0.28	2.42
500.00	0.00	1.02
836.19	0.12	1.11
264.43	0.11	1.64
500.00	0.00	2.32
837.21	0.00	1.58
264.71	0.00	2.18
498.39	0.32	2.81
834.86	0.28	1.40
264.43	0.11	2.42
500.00	0.00	1.24
837.21	0.00	1.55
264.71	0.00	1.09
500.00	0.00	2.27
837.21	0.00	2.01
264.71	0.00	1.58
498.94	0.21	2.36
837.21	0.00	1.10
264.71	0.00	1.02
500.00	0.00	2.69
837.21	0.00	1.58
264.71	0.00	1.52
500.00	0.00	0.56
835.57	0.20	2.57
264.71	0.00	1.05
500.00	0.00	1.29
837.21	0.00	1.98
264.01	0.26	1.48
500.00	0.00	0.61
835.30	0.23	1.65
264.71	0.00	0.58
500.00	0.00	1.07
837.21	0.00	2.12
264.38	0.12	1.92
500.00	0.00	1.65
837.21	0.00	1.62
264.43	0.11	2.43
500.00	0.00	1.78
836.19	0.12	2.15
264.10	0.23	2.40
499.30	0.14	1.65
836.32	0.11	1.19
264.33	0.14	1.09
500.00	0.00	1.02
837.21	0.00	1.03
264.71	0.00	1.28
499.47	0.11	1.67
837.21	0.00	2.01
264.71	0.00	1.81
500.00	0.00	2.17
837.21	0.00	2.05
264.71	0.00	1.60
500.00	0.00	1.55
836.32	0.11	0.65
264.10	0.23	2.33
500.00	0.00	1.08
837.21	0.00	1.10
264.71	0.00	1.45
500.00	0.00	0.49
837.21	0.00	0.98
264.43	0.11	2.01
500.00	0.00	1.10
837.21	0.00	1.48
264.71	0.00	1.55
500.00	0.00	1.36
837.21	0.00	1.91
264.33	0.14	1.11
500.00	0.00	0.90
836.32	0.11	1.01
264.71	0.00	1.54
500.00	0.00	1.06
837.21	0.00	1.44
264.71	0.00	2.10
500.00	0.00	1.72
837.21	0.00	2.44
264.71	0.00	1.63
500.00	0.00	1.65
837.21	0.00	1.51
264.71	0.00	2.09
499.55	0.09	1.12
837.21	0.00	1.95
264.71	0.00	1.46
500.00	0.00	2.06
837.21	0.00	1.10
264.47	0.09	2.15
500.00	0.00	1.54
835.87	0.16	0.65
264.71	0.00	2.24
499.30	0.14	0.60
837.21	0.00	0.52
264.10	0.23	1.74
500.00	0.00	1.11
837.21	0.00	1.03
264.71	0.00	2.66
500.00	0.00	2.57
837.21	0.00	1.54
264.71	0.00	2.19
500.00	0.00	2.68
837.21	0.00	1.02
264.71	0.00	1.08
500.00	0.00	1.57
837.21	0.00	0.95
264.71	0.00	2.10
499.09	0.18	2.10
837.21	0.00	1.48
264.33	0.14	1.33
498.67	0.27	1.84
837.21	0.00	2.00
264.71	0.00	1.73
500.00	0.00	1.14
837.21	0.00	1.48
264.71	0.00	0.96
500.00	0.00	0.99
837.21	0.00	0.98
264.71	0.00	0.99
500.00	0.00	1.89
837.21	0.00	0.52
264.71	0.00	1.49
500.00	0.00	2.06
837.21	0.00	1.48
264.71	0.00	0.99
500.00	0.00	1.54
837.21	0.00	0.97
264.71	0.00	2.80
500.00	0.00	1.28
837.21	0.00	1.52
264.19	0.20	3.48
500.00	0.00	1.09
837.21	0.00	2.01
264.71	0.00	1.72
500.00	0.00	1.66
837.21	0.00	1.50
264.43	0.11	1.17
500.00	0.00	1.72
837.21	0.00	2.55
264.71	0.00	1.75
500.00	0.00	1.58
837.21	0.00	1.60
264.71	0.00	2.15
499.39	0.12	2.26
837.21	0.00	2.03
264.71	0.00	2.23
500.00	0.00	0.53
836.45	0.09	0.62
264.33	0.14	1.05
500.00	0.00	1.01
837.21	0.00	2.10
264.71	0.00	0.46
500.00	0.00	1.41
837.21	0.00	0.52
264.71	0.00	1.50
500.00	0.00	0.94
837.21	0.00	0.93
264.71	0.00	1.44
500.00	0.00	1.08
837.21	0.00	1.05
264.71	0.00	1.61
500.00	0.00	2.12
836.32	0.11	1.57
264.43	0.11	1.64
499.47	0.11	1.63
837.21	0.00	1.45
264.71	0.00	1.09
500.00	0.00	2.13
837.21	0.00	1.94
264.71	0.00	1.75
500.00	0.00	1.58
837.21	0.00	0.57
264.23	0.18	2.41
500.00	0.00	2.60
836.32	0.11	1.72
264.71	0.00	1.69
500.00	0.00	1.31
836.32	0.11	1.64
264.43	0.11	2.41
500.00	0.00	2.26
837.21	0.00	2.12
264.33	0.14	0.59
500.00	0.00	0.48
837.21	0.00	0.48
264.71	0.00	1.56
499.39	0.12	1.16
836.32	0.11	1.10
264.71	0.00	2.29
500.00	0.00	1.60
837.21	0.00	2.07
264.71	0.00	1.74
500.00	0.00	2.11
837.21	0.00	1.57
264.71	0.00	1.52
500.00	0.00	2.47
837.21	0.00	1.13
264.71	0.00	1.67
500.00	0.00	1.98
837.21	0.00	1.52
264.71	0.00	1.11
500.00	0.00	1.53
837.21	0.00	0.54
264.71	0.00	1.06
500.00	0.00	2.52
835.87	0.16	1.11
264.71	0.00	1.42
499.39	0.12	0.61
837.21	0.00	0.49
264.71	0.00	2.33
499.47	0.11	0.63
837.21	0.00	1.45
264.71	0.00	1.58
500.00	0.00	0.49
836.32	0.11	1.04
264.71	0.00	0.98
500.00	0.00	0.59
837.21	0.00	2.01
264.71	0.00	1.90
500.00	0.00	1.57
837.21	0.00	1.55
264.43	0.11	1.49
500.00	0.00	2.03
835.22	0.24	2.16
264.47	0.09	2.71
499.39	0.12	1.55
837.21	0.00	1.09
264.71	0.00	2.11
500.00	0.00	1.12
837.21	0.00	2.07
264.71	0.00	1.53
499.47	0.11	1.66
837.21	0.00	1.50
264.71	0.00	2.08
500.00	0.00	1.70
837.21	0.00	0.99
264.71	0.00	1.13
500.00	0.00	0.56
837.21	0.00	0.50
264.71	0.00	1.76
500.00	0.00	1.60
837.21	0.00	2.01
264.43	0.11	1.53
500.00	0.00	1.57
837.21	0.00	0.55
264.71	0.00	2.71
499.55	0.09	2.05
837.21	0.00	0.51
264.71	0.00	2.71
500.00	0.00	1.52
836.03	0.14	1.29
264.71	0.00	2.13
500.00	0.00	2.66
837.21	0.00	2.31
264.71	0.00	1.61
500.00	0.00	2.21
837.21	0.00	2.07
264.71	0.00	2.76
500.00	0.00	1.05
837.21	0.00	2.00
264.71	0.00	1.05
500.00	0.00	1.69
837.21	0.00	2.51
264.71	0.00	2.40
500.00	0.00	2.20
837.21	0.00	2.02
264.71	0.00	1.61
500.00	0.00	0.59
836.32	0.11	1.54
264.71	0.00	2.09
500.00	0.00	0.65
837.21	0.00	2.00
264.71	0.00	0.49
500.00	0.00	1.94
837.21	0.00	0.52
264.71	0.00	0.95
500.00	0.00	0.92
837.21	0.00	1.47
264.71	0.00	2.24
500.00	0.00	1.53
837.21	0.00	1.10
264.71	0.00	1.69
500.00	0.00	2.04
837.21	0.00	2.05
264.43	0.11	2.44
498.78	0.24	1.83
837.21	0.00	1.58
264.71	0.00	1.08
500.00	0.00	2.32
836.03	0.14	2.13
264.71	0.00	1.72
500.00	0.00	1.42
837.21	0.00	1.62
264.47	0.09	2.33
498.77	0.25	1.94
836.56	0.08	2.11
264.71	0.00	1.07
500.00	0.00	1.22
837.21	0.00	0.52
264.19	0.20	2.47
498.50	0.30	1.77
836.56	0.08	1.66
264.71	0.00	0.63
499.39	0.12	0.74
836.32	0.11	1.66
264.71	0.00	2.46
500.00	0.00	1.95
835.68	0.18	2.88
264.47	0.09	2.10
500.00	0.00	1.59
837.21	0.00	1.50
264.71	0.00	1.64
499.47	0.11	1.08
837.21	0.00	0.99
264.71	0.00	1.69
500.00	0.00	1.57
837.21	0.00	1.49
264.43	0.11	1.14
500.00	0.00	1.05
837.21	0.00	1.00
264.71	0.00	2.03
500.00	0.00	1.12
836.19	0.12	1.55
264.71	0.00	0.99
500.00	0.00	1.46
837.21	0.00	1.08
264.71	0.00	2.74
500.00	0.00	1.56
837.21	0.00	1.52
264.10	0.23	2.22
500.00	0.00	2.54
837.21	0.00	1.04
263.96	0.28	1.64
500.00	0.00	1.44
837.21	0.00	1.42
264.71	0.00	2.15
500.00	0.00	0.96
837.21	0.00	0.55
264.71	0.00	1.06
500.00	0.00	1.48
837.21	0.00	1.47
264.71	0.00	1.22
500.00	0.00	0.99
837.21	0.00	1.45
264.71	0.00	2.24
500.00	0.00	1.16
837.21	0.00	1.08
264.71	0.00	1.02
500.00	0.00	1.62
837.21	0.00	1.54
264.71	0.00	1.49
500.00	0.00	1.50
837.21	0.00	0.55
264.71	0.00	1.97
500.00	0.00	2.50
837.21	0.00	1.01
264.71	0.00	1.45
500.00	0.00	1.60
837.21	0.00	1.42
264.71	0.00	1.98
500.00	0.00	0.51
837.21	0.00	1.89
264.71	0.00	2.77
500.00	0.00	0.65
835.44	0.21	2.41
264.71	0.00	2.86
498.86	0.23	1.98
836.03	0.14	1.76
264.71	0.00	2.49
500.00	0.00	1.61
837.21	0.00	1.53
264.71	0.00	1.99
499.20	0.16	0.60
837.21	0.00	0.52
264.71	0.00	1.07
500.00	0.00	2.66
837.21	0.00	1.58
264.71	0.00	1.06
498.91	0.22	2.26
837.21	0.00	1.01
264.71	0.00	2.12
499.55	0.09	2.28
836.32	0.11	0.65
264.71	0.00	0.96
499.47	0.11	1.04
837.21	0.00	1.66
264.71	0.00	2.22
500.00	0.00	1.54
837.21	0.00	0.52
264.71	0.00	0.96
500.00	0.00	1.94
837.21	0.00	1.50
264.71	0.00	0.53
500.00	0.00	1.99
836.32	0.11	1.20
264.71	0.00	2.10
500.00	0.00	1.51
837.21	0.00	1.48
264.71	0.00	2.17
500.00	0.00	1.77
837.21	0.00	1.49
264.71	0.00	2.60
500.00	0.00	0.63
837.21	0.00	2.08
264.71	0.00	2.14
500.00	0.00	1.46
837.21	0.00	1.07
264.43	0.11	1.69
500.00	0.00	2.00
837.21	0.00	0.53
264.71	0.00	1.05
500.00	0.00	1.52
836.45	0.09	1.59
264.71	0.00	1.42
499.47	0.11	1.04
837.21	0.00	0.47
264.71	0.00	1.52
500.00	0.00	2.42
837.21	0.00	1.61
264.71	0.00	1.00
500.00	0.00	1.96
837.21	0.00	0.54
264.71	0.00	1.52
500.00	0.00	0.50
837.21	0.00	0.96
264.71	0.00	0.96
499.30	0.14	1.07
837.21	0.00	0.51
264.71	0.00	2.85
500.00	0.00	1.30
837.21	0.00	1.57
264.71	0.00	2.30
499.55	0.09	2.59
836.45	0.09	2.75
264.71	0.00	2.25
500.00	0.00	1.48
837.21	0.00	1.13
264.71	0.00	1.68
500.00	0.00	2.01
836.45	0.09	1.11
264.71	0.00	2.32
500.00	0.00	1.18
837.21	0.00	1.50
264.33	0.14	1.13
500.00	0.00	1.65
837.21	0.00	1.93
264.71	0.00	1.61
500.00	0.00	1.58
837.21	0.00	1.15
264.71	0.00	2.15
499.61	0.08	2.20
837.21	0.00	2.12
264.71	0.00	2.73
500.00	0.00	1.63
836.03	0.14	1.71
264.71	0.00	2.12
500.00	0.00	2.71
837.21	0.00	1.04
264.71	0.00	1.29
499.47	0.11	2.29
837.21	0.00	1.12
264.71	0.00	1.82
500.00	0.00	1.12
837.21	0.00	2.06
264.71	0.00	1.66
500.00	0.00	1.58
837.21	0.00	1.46
264.71	0.00	1.18
500.00	0.00	1.04
837.21	0.00	1.94
264.71	0.00	0.99
500.00	0.00	1.48
837.21	0.00	1.44
264.71	0.00	1.05
500.00	0.00	0.98
837.21	0.00	0.96
264.71	0.00	1.59
500.00	0.00	0.45
836.19	0.12	0.63
264.09	0.23	2.10
500.00	0.00	1.45
837.21	0.00	1.06
264.19	0.20	2.46
498.49	0.30	2.34
837.21	0.00	0.53
264.71	0.00	2.46
500.00	0.00	1.17
835.15	0.25	1.34
264.43	0.11	1.11
500.00	0.00	1.02
837.21	0.00	0.97
264.71	0.00	0.97
500.00	0.00	1.02
837.21	0.00	0.96
264.71	0.00	1.02
500.00	0.00	1.45
837.21	0.00	1.03
264.71	0.00	0.54
500.00	0.00	1.95
837.21	0.00	1.51
264.71	0.00	1.13
499.55	0.09	1.55
837.21	0.00	0.54
264.33	0.14	0.67
500.00	0.00	2.61
837.21	0.00	1.00
264.71	0.00	1.61
500.00	0.00	0.55
837.21	0.00	1.54
264.71	0.00	1.03
500.00	0.00	1.24
835.15	0.25	2.10
264.71	0.00	1.59
500.00	0.00	0.46
836.56	0.08	2.03
264.71	0.00	0.99
500.00	0.00	0.61
837.21	0.00	1.03
264.43	0.11	1.18
500.00	0.00	1.54
837.21	0.00	0.96
264.71	0.00	1.12
500.00	0.00	1.05
837.21	0.00	1.48
264.71	0.00	2.40
500.00	0.00	1.58
837.21	0.00	1.13
264.28	0.16	1.15
500.00	0.00	2.51
837.21	0.00	2.06
264.71	0.00	1.59
499.47	0.11	1.73
836.56	0.08	1.26
264.43	0.11	2.33
498.86	0.23	2.33
837.21	0.00	0.58
264.71	0.00	2.14
499.55	0.09	1.78
836.45	0.09	1.58
264.71	0.00	1.02
500.00	0.00	0.57
837.21	0.00	1.15
264.19	0.20	1.78
500.00	0.00	1.65
837.21	0.00	0.46
264.71	0.00	0.48
499.47	0.11	0.60
837.21	0.00	1.02
264.43	0.11	2.83
500.00	0.00	1.58
837.21	0.00	1.59
264.71	0.00	2.15
500.00	0.00	2.82
837.21	0.00	2.70
264.71	0.00	1.68
500.00	0.00	1.53
836.45	0.09	2.17
264.71	0.00	1.07
500.00	0.00	2.61
837.21	0.00	1.00
264.33	0.14	1.23
500.00	0.00	1.52
837.21	0.00	1.49
264.71	0.00	0.64
499.39	0.12	2.13
837.21	0.00	1.98
264.43	0.11	1.11
500.00	0.00	2.02
837.21	0.00	0.52
264.71	0.00	1.15
500.00	0.00	1.45
837.21	0.00	0.98
264.71	0.00	0.62
500.00	0.00	1.67
837.21	0.00	2.51
264.71	0.00	1.80
500.00	0.00	1.72
836.32	0.11	2.04
