0	263.95	0.02	5.0348	7	1
0	500.00	0.63	5.6664	4	1
0	791.92	0.01	2.7253	3	1
0	263.97	0.01	3.6250	6	1
0	500.00	0.02	4.4324	4	1
0	792.00	0.00	2.5515	3	1
1	264.00	0.00	2.6669	4	1
1	500.00	0.01	1.6967	3	1
1	792.00	0.00	1.4114	3	1
1	264.00	0.00	3.9224	5	1
1	500.00	0.00	2.6752	4	1
1	791.92	0.01	0.7087	2	1
2	264.00	0.00	1.9646	3	1
2	500.00	0.01	2.7890	4	1
2	791.92	0.01	2.5436	3	1
2	263.97	0.01	3.2224	4	1
2	500.00	0.01	3.3405	3	1
2	792.00	0.00	2.6677	4	1
3	264.00	0.00	1.4114	3	1
3	500.00	0.01	2.5555	3	1
3	791.92	0.01	1.7791	3	1
3	263.97	0.01	0.7174	2	1
3	500.00	0.01	1.2966	2	1
3	791.92	0.01	4.3964	6	1
4	264.00	0.00	1.4114	3	1
4	500.00	0.04	1.8998	2	1
4	791.60	0.05	2.2368	3	1
4	263.00	0.38	4.3044	6	1
4	500.00	0.01	3.5913	4	1
4	791.92	0.01	2.8235	5	1
5	264.00	0.00	3.0607	4	1
5	500.00	0.01	2.0263	3	1
5	791.92	0.01	2.8507	4	1
5	264.00	0.00	4.4721	5	1
5	500.00	0.01	3.0069	4	1
5	792.00	0.00	1.4114	3	1
6	264.00	0.00	3.0607	4	1
6	500.00	0.00	2.5086	3	1
6	791.92	0.01	4.0791	6	1
6	263.97	0.01	3.7672	4	1
6	500.00	0.04	3.2156	3	1
6	791.60	0.05	3.6077	4	1
7	263.97	0.01	2.2132	4	1
7	500.00	0.01	6.1415	6	1
7	791.84	0.02	3.5631	4	1
7	263.95	0.02	0.9513	2	1
7	500.00	0.01	3.2891	3	1
7	791.92	0.01	3.1958	4	1
8	263.47	0.20	2.7189	4	1
8	500.00	0.01	3.5168	4	1
8	792.00	0.00	2.4749	4	1
8	263.97	0.01	1.2604	2	1
8	500.00	0.01	3.0867	3	1
8	791.92	0.01	2.7338	4	1
9	264.00	0.00	3.2167	4	1
9	500.00	0.01	2.9534	4	1
9	791.92	0.01	1.6003	3	1
9	264.00	0.00	2.5110	3	1
9	500.00	0.01	1.8421	3	1
9	791.84	0.02	2.7067	4	1
10	262.97	0.39	2.9160	4	1
10	500.00	0.00	1.4114	3	1
10	791.92	0.01	4.1861	5	1
10	263.95	0.02	4.1612	6	1
10	500.00	0.01	2.2753	3	1
10	792.00	0.00	3.4005	4	1
11	263.97	0.01	4.6287	6	1
11	500.00	0.00	2.2361	3	1
11	788.99	0.38	3.8371	4	1
11	264.00	0.00	5.0221	6	1
11	500.00	0.01	3.4922	4	1
11	792.00	0.00	4.8448	5	1
12	260.30	1.40	6.7187	4	1
12	500.00	0.01	3.6361	4	1
12	791.92	0.01	3.0121	4	1
12	264.00	0.00	3.3653	5	1
12	500.00	0.00	3.5856	3	1
12	791.92	0.01	1.7780	3	1
13	263.97	0.01	3.2220	4	1
13	500.00	0.63	3.9324	4	1
13	792.00	0.00	0.7057	2	1
13	264.00	0.00	1.9612	3	1
13	500.00	0.01	2.5532	4	1
13	791.92	0.01	3.5924	5	1
14	264.00	0.00	1.4114	3	1
14	500.00	0.01	2.5903	3	1
14	791.92	0.01	1.5466	3	1
14	264.00	0.00	2.8228	5	1
14	500.00	0.01	1.9541	3	1
14	791.92	0.01	2.8022	4	1
15	263.97	0.01	2.1276	4	1
15	500.00	0.01	5.6958	7	1
15	792.00	0.00	0.7754	2	1
15	264.00	0.00	0.7057	2	1
15	500.00	0.02	4.1612	5	1
15	792.00	0.00	2.3549	3	1
16	263.89	0.04	3.5488	4	1
16	500.00	0.01	5.4511	5	1
16	791.92	0.01	3.2131	4	1
16	264.00	0.00	2.9976	3	1
16	500.00	0.00	4.9008	4	1
16	792.00	0.00	0.7057	2	1
17	263.97	0.01	3.3637	4	1
17	500.00	0.00	3.7752	5	1
17	792.00	0.00	1.9549	3	1
17	263.95	0.02	3.3641	5	1
17	500.00	0.02	3.7937	3	1
17	791.92	0.01	3.7876	4	1
18	263.97	0.01	1.4343	3	1
18	500.00	0.01	2.1189	4	1
18	791.92	0.01	2.4252	3	1
18	263.95	0.02	0.9494	2	1
18	500.00	0.38	5.4055	6	1
18	792.00	0.00	2.8426	3	1
19	263.97	0.01	4.0791	6	1
19	500.00	0.01	2.9532	3	1
19	791.92	0.01	4.8029	5	1
19	264.00	0.00	2.1171	4	1
19	500.00	0.00	5.2044	5	1
19	791.92	0.01	3.4745	4	1
20	264.00	0.00	1.9765	3	1
20	500.00	0.00	2.5842	3	1
20	792.00	0.00	3.4480	4	1
20	263.95	0.02	3.4716	4	1
20	500.00	0.01	5.6044	5	1
20	792.00	0.00	3.9978	4	1
21	263.97	0.01	3.3762	5	1
21	500.00	0.02	3.7366	5	1
21	791.92	0.01	2.4436	4	1
21	263.97	0.01	3.9290	5	1
21	500.00	0.01	2.5013	4	1
21	788.59	0.43	4.7917	5	1
22	263.97	0.01	2.6774	4	1
22	500.00	0.02	4.1869	5	1
22	791.92	0.01	3.8906	4	1
22	264.00	0.00	1.2555	2	1
22	500.00	0.01	2.6280	4	1
22	792.00	0.00	4.1009	5	1
23	264.00	0.00	2.9047	5	1
23	500.00	0.02	3.3125	4	1
23	792.00	0.00	0.7200	2	1
23	263.95	0.02	2.1994	3	1
23	500.00	0.00	1.3981	2	1
23	792.00	0.00	2.5498	4	1
24	263.95	0.02	1.6571	3	1
24	500.00	0.01	3.4555	4	1
24	792.00	0.00	1.4114	3	1
24	264.00	0.00	2.8228	5	1
24	500.00	0.01	1.1255	2	1
24	791.68	0.04	2.6087	3	1
25	264.00	0.00	0.7057	2	1
25	500.00	0.38	5.5848	5	1
25	792.00	0.00	1.9885	3	1
25	263.97	0.01	1.2701	2	1
25	500.00	0.39	5.9015	6	1
25	791.68	0.04	3.2946	3	1
26	263.97	0.01	1.9859	3	1
26	500.00	0.04	3.9387	5	1
26	792.00	0.00	1.5947	3	1
26	263.97	0.01	2.6930	3	1
26	500.00	0.00	0.7057	2	1
26	791.68	0.04	2.3451	3	1
27	263.97	0.01	2.8235	5	1
27	500.00	0.01	3.3240	4	1
27	792.00	0.00	3.1314	5	1
27	263.97	0.01	2.6692	4	1
27	500.00	0.01	1.5601	2	1
27	791.84	0.02	4.7818	6	1
28	263.97	0.01	2.1227	4	1
28	500.00	0.01	5.6242	7	1
28	791.92	0.01	2.5382	3	1
28	263.95	0.02	2.0980	3	1
28	500.00	0.02	3.4467	4	1
28	791.92	0.01	3.6542	4	1
29	263.95	0.02	3.0508	5	1
29	500.00	0.01	4.5817	6	1
29	791.68	0.04	3.5350	4	1
29	263.97	0.01	1.9618	3	1
29	500.00	0.00	0.8484	2	1
29	792.00	0.00	2.3183	3	1
30	263.00	0.38	3.2791	4	1
30	500.00	0.04	2.1429	3	1
30	792.00	0.00	0.7288	2	1
30	264.00	0.00	2.5110	3	1
30	500.00	0.00	2.6681	4	1
30	788.99	0.38	4.5220	5	1
31	264.00	0.00	2.8228	5	1
31	500.00	0.01	4.3316	4	1
31	791.92	0.01	3.1499	4	1
31	262.97	0.39	3.4480	4	1
31	500.00	0.01	5.7435	6	1
31	791.92	0.01	2.6794	3	1
32	263.97	0.01	2.6741	4	1
32	500.00	0.00	3.5563	4	1
32	792.00	0.00	1.9612	3	1
32	263.97	0.01	1.9668	3	1
32	500.00	0.00	2.8506	3	1
32	792.00	0.00	2.5110	3	1
33	263.97	0.01	5.1803	6	1
33	500.00	0.00	3.8466	5	1
33	791.92	0.01	4.1153	5	1
33	263.97	0.01	1.9631	3	1
33	500.00	0.00	2.8662	3	1
33	788.91	0.39	6.5332	7	1
34	264.00	0.00	1.9612	3	1
34	500.00	0.01	2.5806	3	1
34	791.92	0.01	2.3207	3	1
34	264.00	0.00	1.2555	2	1
34	500.00	0.01	4.6983	6	1
34	792.00	0.00	1.4310	2	1
35	262.97	0.39	5.2171	5	1
35	500.00	0.00	0.9030	2	1
35	788.91	0.39	4.1000	5	1
35	264.00	0.00	3.2167	5	1
35	500.00	0.01	3.5307	5	1
35	787.25	0.60	1.9841	2	1
36	262.97	0.39	5.8265	6	1
36	500.00	0.00	1.7241	3	1
36	791.92	0.01	4.5319	6	1
36	264.00	0.00	1.4114	3	1
36	500.00	0.04	4.9957	6	1
36	792.00	0.00	1.8098	3	1
37	263.97	0.01	2.8966	5	1
37	500.00	0.00	2.3008	3	1
37	788.91	0.39	4.0701	4	1
37	263.95	0.02	0.9333	2	1
37	500.00	0.01	2.8531	3	1
37	792.00	0.00	2.9820	4	1
38	264.00	0.00	1.8054	3	1
38	500.00	0.00	2.6810	3	1
38	791.92	0.01	2.4317	3	1
38	263.97	0.01	2.5371	3	1
38	500.00	0.02	3.1027	4	1
38	792.00	0.00	1.5761	3	1
39	264.00	0.00	1.4114	3	1
39	500.00	0.00	2.5613	4	1
39	791.92	0.01	5.1810	7	1
39	264.00	0.00	0.7057	2	1
39	500.00	0.01	2.5523	3	1
39	791.92	0.01	3.4025	4	1
40	263.95	0.02	2.8967	4	1
40	500.00	0.01	2.7557	4	1
40	792.00	0.00	2.8501	4	1
40	263.97	0.01	2.1907	4	1
40	500.00	0.00	1.4114	3	1
40	791.92	0.01	4.3167	5	1
41	263.81	0.07	2.8626	4	1
41	500.00	0.01	4.5534	6	1
41	791.84	0.02	3.4051	4	1
41	264.00	0.00	1.4114	3	1
41	500.00	0.00	1.6863	3	1
41	788.99	0.38	3.9655	5	1
42	264.00	0.00	2.1171	4	1
42	500.00	0.01	1.6945	3	1
42	791.92	0.01	3.4471	4	1
42	263.97	0.01	0.7062	2	1
42	500.00	0.01	2.5747	4	1
42	791.84	0.02	3.6822	4	1
43	263.97	0.01	4.0002	5	1
43	500.00	0.00	2.5771	3	1
43	792.00	0.00	0.7057	2	1
43	264.00	0.00	1.9612	3	1
43	500.00	0.00	1.5951	2	1
43	791.92	0.01	3.0365	4	1
44	264.00	0.00	1.4114	3	1
44	500.00	0.02	4.2772	5	1
44	791.92	0.01	2.1393	3	1
44	264.00	0.00	0.7057	2	1
44	500.00	0.06	4.8729	4	1
44	791.92	0.01	2.2653	3	1
45	264.00	0.00	0.7057	2	1
45	500.00	0.00	2.9356	3	1
45	788.99	0.38	3.7128	3	1
45	264.00	0.00	0.7057	2	1
45	500.00	0.01	3.3682	4	1
45	792.00	0.00	3.2308	4	1
46	264.00	0.00	3.9224	5	1
46	500.00	0.01	4.7467	5	1
46	792.00	0.00	2.5059	3	1
46	264.00	0.00	2.6669	3	1
46	500.00	0.01	3.4870	4	1
46	792.00	0.00	1.6169	2	1
47	263.97	0.01	2.6705	4	1
47	500.00	0.01	3.4969	4	1
47	791.92	0.01	4.6601	6	1
47	264.00	0.00	1.4114	3	1
47	500.00	0.01	1.2568	2	1
47	791.92	0.01	3.7193	5	1
48	263.97	0.01	3.3996	5	1
48	500.00	0.02	2.1545	3	1
48	791.92	0.01	2.2355	4	1
48	263.97	0.01	3.2439	4	1
48	500.00	0.00	2.7896	4	1
48	791.92	0.01	0.7080	2	1
49	264.00	0.00	1.4114	3	1
49	500.00	0.00	2.1958	3	1
49	791.92	0.01	4.0893	6	1
49	263.97	0.01	1.9664	3	1
49	500.00	0.00	1.2931	2	1
49	792.00	0.00	0.7057	2	1
50	263.00	0.38	5.2761	5	1
50	500.00	0.01	2.4002	4	1
50	792.00	0.00	3.3736	4	1
50	263.97	0.01	3.2452	4	1
50	500.00	0.00	1.4761	3	1
50	791.92	0.01	2.4911	3	1
51	263.97	0.01	2.1278	4	1
51	500.00	0.01	2.5284	4	1
51	792.00	0.00	2.7427	4	1
51	263.97	0.01	2.1177	4	1
51	500.00	0.02	4.0380	5	1
51	792.00	0.00	0.7057	2	1
52	263.97	0.01	5.1819	6	1
52	500.00	0.05	3.1559	4	1
52	788.99	0.38	5.5697	5	1
52	264.00	0.00	1.4114	3	1
52	500.00	0.00	1.1184	2	1
52	791.92	0.01	3.8399	4	1
53	264.00	0.00	1.4114	3	1
53	500.00	0.01	2.1175	4	1
53	792.00	0.00	0.7057	2	1
53	264.00	0.00	1.4114	3	1
53	500.00	0.00	0.7057	2	1
53	791.92	0.01	1.4131	3	1
54	264.00	0.00	1.4114	3	1
54	500.00	0.45	5.8774	5	1
54	788.91	0.39	4.3476	5	1
54	263.97	0.01	1.4119	3	1
54	500.00	0.00	3.3255	4	1
54	791.76	0.03	1.3574	2	1
55	263.97	0.01	2.1177	4	1
55	500.00	0.01	4.2415	4	1
55	791.92	0.01	3.9885	5	1
55	263.97	0.01	3.3766	5	1
55	500.00	0.00	5.2986	5	1
55	791.92	0.01	2.8293	4	1
56	262.97	0.39	5.5449	6	1
56	500.00	0.00	3.9159	4	1
56	791.92	0.01	3.3971	4	1
56	263.00	0.38	5.4094	6	1
56	500.00	0.00	3.2881	4	1
56	791.92	0.01	1.6700	2	1
57	262.97	0.39	6.8279	6	1
57	500.00	0.00	3.4817	4	1
57	832.82	0.38	6.0485	6	1
57	263.97	0.01	1.2886	2	1
57	484.00	0.00	4.2540	4	1
57	835.91	0.01	4.9186	4	1
58	264.00	0.00	2.5112	4	1
58	500.00	0.00	2.8236	3	1
58	791.92	0.01	0.7644	2	1
58	263.97	0.01	3.2172	4	1
58	500.00	0.00	3.7262	4	1
58	791.68	0.04	4.7280	5	1
59	263.97	0.01	2.6712	4	1
59	500.00	0.01	2.5130	4	1
59	791.60	0.05	1.7612	3	1
59	263.97	0.01	1.2578	2	1
59	500.00	0.01	1.2570	2	1
59	792.00	0.00	1.4114	3	1
60	262.97	0.39	5.2349	5	1
60	500.00	0.00	0.9806	2	1
60	792.00	0.00	1.4682	3	1
60	264.00	0.00	0.7057	2	1
60	500.00	0.00	2.9494	4	1
60	792.00	0.00	1.4682	3	1
61	256.84	2.71	3.2915	2	1
61	500.00	0.01	2.3375	4	1
61	790.49	0.19	3.0178	4	1
61	263.95	0.02	6.4840	6	1
61	500.00	0.01	4.1473	6	1
61	792.00	0.00	0.7482	2	1
62	263.97	0.01	2.5144	4	1
62	500.00	0.00	3.7208	5	1
62	792.00	0.00	1.5696	3	1
62	263.97	0.01	1.9614	3	1
62	500.00	0.00	1.4114	3	1
62	791.84	0.02	3.9153	5	1
63	263.97	0.01	3.2203	4	1
63	500.00	0.00	2.6568	4	1
63	791.92	0.01	2.3166	4	1
63	264.00	0.00	1.9612	3	1
63	500.00	0.01	4.2689	4	1
63	792.00	0.00	0.7774	2	1
64	264.00	0.00	1.4114	3	1
64	500.00	0.00	2.6549	3	1
64	791.92	0.01	2.0409	3	1
64	263.97	0.01	2.1276	4	1
64	500.00	0.01	3.3855	3	1
64	791.92	0.01	3.8839	4	1
65	262.86	0.43	4.3073	5	1
65	500.00	0.00	2.1957	3	1
65	791.92	0.01	2.6945	3	1
65	263.97	0.01	2.1177	4	1
65	500.00	0.00	1.4114	3	1
65	788.99	0.38	4.5394	5	1
66	264.00	0.00	1.9612	3	1
66	500.00	0.00	2.1076	3	1
66	792.00	0.00	2.3029	4	1
66	263.00	0.38	5.5608	6	1
66	500.00	0.01	2.7459	3	1
66	791.84	0.02	0.9494	2	1
67	262.81	0.45	4.2318	5	1
67	500.00	0.00	2.1171	4	1
67	792.00	0.00	1.4114	3	1
67	263.97	0.01	0.7059	2	1
67	500.00	0.00	0.7057	2	1
67	792.00	0.00	1.4114	3	1
68	263.47	0.20	2.0079	3	1
68	500.00	0.39	6.1235	7	1
68	792.00	0.00	2.1548	3	1
68	264.00	0.00	1.4114	3	1
68	500.00	0.01	2.1298	3	1
68	792.00	0.00	1.2659	2	1
69	264.00	0.00	1.4114	3	1
69	500.00	0.01	0.8303	2	1
69	791.92	0.01	2.1328	4	1
69	263.95	0.02	2.8007	4	1
69	500.00	0.01	2.9477	4	1
69	792.00	0.00	0.7729	2	1
70	263.95	0.02	0.9513	2	1
70	500.00	0.00	3.7295	4	1
70	791.92	0.01	5.0293	6	1
70	263.97	0.01	1.4154	3	1
70	500.00	0.01	4.0964	5	1
70	791.92	0.01	3.5902	3	1
71	264.00	0.00	3.2167	4	1
71	500.00	0.01	4.2780	5	1
71	792.00	0.00	3.6879	5	1
71	264.00	0.00	3.9224	4	1
71	500.00	0.01	2.3166	3	1
71	792.00	0.00	1.4344	2	1
72	263.97	0.01	4.6287	6	1
72	500.00	0.01	2.4770	4	1
72	792.00	0.00	3.6478	4	1
72	264.00	0.00	1.8055	3	1
72	500.00	0.05	4.3754	4	1
72	792.00	0.00	2.5110	3	1
73	264.00	0.00	2.1171	4	1
73	500.00	0.01	4.0410	5	1
73	792.00	0.00	0.7276	2	1
73	264.00	0.00	0.7057	2	1
73	500.00	0.02	3.6105	4	1
73	791.92	0.01	3.1421	5	1
74	263.97	0.01	3.2174	5	1
74	500.00	0.00	0.7057	2	1
74	791.92	0.01	2.7515	4	1
74	264.00	0.00	1.2555	2	1
74	500.00	0.00	1.2931	2	1
74	791.84	0.02	3.6303	4	1
75	263.95	0.02	1.6495	3	1
75	500.00	0.00	2.5222	4	1
75	791.84	0.02	3.2621	4	1
75	263.97	0.01	2.2008	4	1
75	500.00	0.01	1.7900	3	1
75	792.00	0.00	1.5949	3	1
76	263.97	0.01	2.5265	3	1
76	500.00	0.00	3.2916	5	1
76	792.00	0.00	1.4114	3	1
76	264.00	0.00	5.7438	6	1
76	500.00	0.01	2.3867	4	1
76	791.92	0.01	1.6474	3	1
77	263.97	0.01	4.4730	6	1
77	500.00	0.00	2.7080	3	1
77	788.99	0.38	3.6758	4	1
77	264.00	0.00	1.2555	2	1
77	500.00	0.01	4.6799	5	1
77	791.92	0.01	5.0038	6	1
78	263.97	0.01	2.1177	4	1
78	500.00	0.01	4.1615	4	1
78	791.92	0.01	2.0439	3	1
78	263.97	0.01	1.4131	3	1
78	500.00	0.00	3.2558	4	1
78	788.99	0.38	5.3031	5	1
79	264.00	0.00	0.7057	2	1
79	500.00	0.01	1.1256	2	1
79	792.00	0.00	2.1981	3	1
79	264.00	0.00	1.4114	3	1
79	500.00	0.01	3.0125	3	1
79	792.00	0.00	2.8519	4	1
80	263.97	0.01	4.0793	5	1
80	500.00	0.02	3.2971	3	1
80	791.92	0.01	2.9646	4	1
80	263.97	0.01	1.9620	3	1
80	500.00	0.00	2.1588	3	1
80	791.92	0.01	3.6403	4	1
81	262.39	0.61	3.7857	3	1
81	500.00	0.01	3.1478	5	1
81	788.99	0.38	4.4564	4	1
81	264.00	0.00	3.1678	4	1
81	500.00	0.00	1.3916	2	1
81	791.92	0.01	4.0222	4	1
82	263.97	0.01	3.9254	5	1
82	500.00	0.01	3.6573	4	1
82	792.00	0.00	1.7739	3	1
82	264.00	0.00	3.3752	4	1
82	500.00	0.01	4.6483	4	1
82	788.91	0.39	2.8361	3	1
83	263.95	0.02	2.9402	4	1
83	500.00	0.00	2.9317	3	1
83	792.00	0.00	0.7057	2	1
83	263.00	0.38	2.8837	4	1
83	500.00	0.01	2.8611	3	1
83	791.92	0.01	3.4087	4	1
84	264.00	0.00	1.4114	3	1
84	500.00	0.01	2.6269	4	1
84	792.00	0.00	3.2167	4	1
84	263.97	0.01	2.8235	5	1
84	500.00	0.04	5.1913	6	1
84	788.99	0.38	5.3521	5	1
85	263.97	0.01	1.9825	3	1
85	500.00	0.00	1.9225	3	1
85	791.92	0.01	4.5140	6	1
85	263.97	0.01	3.3940	5	1
85	500.00	0.00	0.7450	2	1
85	792.00	0.00	1.6631	2	1
86	264.00	0.00	4.4721	5	1
86	500.00	0.00	2.1039	3	1
86	791.92	0.01	3.0860	4	1
86	264.00	0.00	3.7664	4	1
86	500.00	0.00	0.7057	2	1
86	791.92	0.01	1.2558	2	1
87	264.00	0.00	1.9612	3	1
87	500.00	0.01	2.8529	3	1
87	792.00	0.00	2.4408	4	1
87	264.00	0.00	3.2167	4	1
87	500.00	0.01	4.6154	6	1
87	788.91	0.39	4.5667	5	1
88	263.97	0.01	3.5557	5	1
88	500.00	0.01	2.9904	4	1
88	791.52	0.06	4.2266	4	1
88	263.89	0.04	2.1448	3	1
88	500.00	0.39	5.7923	7	1
88	791.84	0.02	3.8942	4	1
89	263.97	0.01	2.6677	4	1
89	500.00	0.04	3.0048	4	1
89	792.00	0.00	1.4114	3	1
89	263.97	0.01	4.0793	5	1
89	500.00	0.00	0.9806	2	1
89	792.00	0.00	0.7418	2	1
90	263.00	0.38	3.5921	5	1
90	500.00	0.00	2.2377	3	1
90	792.00	0.00	0.7057	2	1
90	263.97	0.01	4.0840	6	1
90	500.00	0.00	3.0117	4	1
90	792.00	0.00	0.8560	2	1
91	263.97	0.01	4.8506	5	1
91	500.00	0.01	1.7277	3	1
91	788.91	0.39	5.2541	6	1
91	264.00	0.00	6.4995	5	1
91	500.00	0.00	0.7585	2	1
91	791.92	0.01	2.7499	4	1
92	263.00	0.38	5.9575	6	1
92	500.00	0.01	3.3649	4	1
92	791.92	0.01	2.1468	3	1
92	264.00	0.00	3.2167	4	1
92	500.00	0.00	1.6863	3	1
92	791.92	0.01	1.4119	3	1
93	264.00	0.00	1.9612	3	1
93	500.00	0.01	3.0863	4	1
93	791.84	0.02	2.8989	3	1
93	264.00	0.00	1.2555	2	1
93	500.00	0.00	2.1171	4	1
93	791.92	0.01	2.6675	4	1
94	264.00	0.00	1.9765	3	1
94	500.00	0.02	3.3256	4	1
94	791.92	0.01	3.2122	4	1
94	263.95	0.02	2.9299	4	1
94	500.00	0.43	6.0684	5	1
94	792.00	0.00	1.6921	3	1
95	263.97	0.01	2.1224	4	1
95	500.00	0.01	3.3453	4	1
95	791.84	0.02	4.1032	5	1
95	263.97	0.01	2.1177	4	1
95	500.00	0.00	1.4631	2	1
95	791.92	0.01	3.0552	4	1
96	263.97	0.01	3.2174	4	1
96	500.00	0.01	3.9291	5	1
96	792.00	0.00	4.1255	5	1
96	263.97	0.01	2.6675	4	1
96	263.97	0.01	5.5242	6	1
96	788.91	0.39	5.4657	5	1
97	262.34	0.63	4.3904	4	1
97	500.00	0.01	4.5230	5	1
97	792.00	0.00	1.9626	3	1
97	263.97	0.01	2.6730	4	1
97	500.00	0.04	2.6382	3	1
97	791.92	0.01	3.5644	4	1
98	263.97	0.01	4.4851	5	1
98	500.00	0.01	2.9199	4	1
98	791.84	0.02	2.4017	3	1
98	263.97	0.01	5.7411	6	1
98	500.00	0.01	3.6257	4	1
98	791.92	0.01	1.5363	3	1
99	263.97	0.01	2.5129	4	1
99	500.00	0.00	2.4569	3	1
99	791.92	0.01	2.7739	4	1
99	263.97	0.01	3.2221	4	1
99	500.00	0.00	1.3202	2	1
99	791.92	0.01	2.4841	4	1
100	263.97	0.01	0.7080	2	1
100	500.00	0.00	2.8051	3	1
100	791.92	0.01	2.9844	4	1
100	263.97	0.01	4.2406	7	1
100	500.00	0.02	3.9931	4	1
100	788.91	0.39	5.5801	6	1
101	263.97	0.01	6.5731	6	1
101	500.00	0.43	5.2612	5	1
101	791.92	0.01	6.3072	6	1
101	264.00	0.00	2.6669	4	1
101	500.00	0.01	3.1275	4	1
101	791.84	0.02	5.5223	6	1
102	264.00	0.00	1.4114	3	1
102	500.00	0.38	5.4684	5	1
102	792.00	0.00	1.9362	3	1
102	263.95	0.02	2.0981	3	1
102	500.00	0.00	3.8076	4	1
102	791.84	0.02	3.5369	4	1
103	263.97	0.01	2.5140	3	1
103	500.00	0.01	2.0364	3	1
103	791.84	0.02	3.3454	5	1
103	263.97	0.01	3.9255	5	1
103	500.00	0.00	1.3202	2	1
103	791.92	0.01	1.4119	3	1
104	262.97	0.39	5.9520	6	1
104	500.00	0.01	2.1177	4	1
104	791.92	0.01	1.4165	3	1
104	263.97	0.01	2.1201	4	1
104	500.00	0.01	1.7036	3	1
104	792.00	0.00	0.7057	2	1
105	263.97	0.01	1.9642	3	1
105	500.00	0.01	3.9978	5	1
105	791.92	0.01	3.6521	4	1
105	264.00	0.00	1.2555	2	1
105	500.00	0.01	1.7624	3	1
105	791.92	0.01	3.4219	4	1
106	264.00	0.00	3.9224	5	1
106	500.00	0.00	2.5347	4	1
106	791.92	0.01	3.1899	5	1
106	264.00	0.00	2.6669	3	1
106	500.00	0.00	1.8290	3	1
106	791.92	0.01	2.4853	4	1
107	263.97	0.01	5.8191	7	1
107	500.00	0.01	1.9602	3	1
107	791.68	0.04	4.3587	5	1
107	263.89	0.04	2.9966	4	1
107	500.00	0.01	0.7611	2	1
107	791.84	0.02	2.9375	4	1
108	264.00	0.00	2.6474	4	1
108	500.00	0.00	2.0074	3	1
108	791.92	0.01	0.8278	2	1
108	263.95	0.02	3.3538	4	1
108	500.00	0.01	3.2665	4	1
108	792.00	0.00	1.4114	3	1
109	264.00	0.00	1.4114	3	1
109	500.00	0.00	2.1396	3	1
109	791.84	0.02	2.1687	3	1
109	262.86	0.43	4.2103	5	1
109	500.00	0.00	0.9621	2	1
109	792.00	0.00	1.6185	3	1
110	264.00	0.00	0.7057	2	1
110	500.00	0.00	1.0353	2	1
110	791.92	0.01	4.2444	4	1
110	264.00	0.00	1.2555	2	1
110	500.00	0.01	2.2912	4	1
110	791.92	0.01	3.5903	4	1
111	263.95	0.02	2.9591	4	1
111	500.00	0.00	4.6183	5	1
111	791.92	0.01	3.2224	4	1
111	263.87	0.05	2.3939	3	1
111	500.00	0.01	3.0877	3	1
111	791.92	0.01	3.0380	4	1
112	264.00	0.00	1.8053	3	1
112	500.00	0.39	4.0856	5	1
112	791.60	0.05	1.9469	3	1
112	263.97	0.01	3.0613	4	1
112	500.00	0.00	0.7057	2	1
112	791.92	0.01	0.7082	2	1
113	263.97	0.01	2.8236	5	1
113	500.00	0.01	3.0278	4	1
113	792.00	0.00	3.6494	5	1
113	263.97	0.01	1.4218	3	1
113	500.00	0.00	1.7708	2	1
113	791.84	0.02	3.4675	4	1
114	263.97	0.01	3.3744	5	1
114	500.00	0.00	0.9806	2	1
114	791.84	0.02	2.4832	3	1
114	263.97	0.01	2.6700	4	1
114	500.00	0.01	3.4339	5	1
114	791.84	0.02	4.2238	4	1
115	263.97	0.01	1.9615	3	1
115	500.00	0.01	1.5408	3	1
115	791.84	0.02	4.2822	5	1
115	263.95	0.02	4.3067	5	1
115	500.00	0.00	4.3191	5	1
115	791.92	0.01	2.0930	3	1
116	262.97	0.39	4.0942	5	1
116	500.00	0.01	4.3408	5	1
116	791.92	0.01	4.5254	5	1
116	264.00	0.00	2.1171	4	1
116	500.00	0.00	1.3981	2	1
116	791.92	0.01	3.4006	4	1
117	263.84	0.06	3.6865	4	1
117	500.00	0.01	6.4247	7	1
117	791.84	0.02	3.1935	4	1
117	264.00	0.00	4.2671	5	1
117	500.00	0.01	3.5461	4	1
117	792.00	0.00	3.1409	3	1
118	263.97	0.01	4.6287	6	1
118	500.00	0.38	4.3559	5	1
118	791.92	0.01	2.3223	3	1
118	264.00	0.00	3.7667	5	1
118	500.00	0.02	2.7655	3	1
118	792.00	0.00	1.2555	2	1
119	263.97	0.01	0.7084	2	1
119	500.00	0.01	1.9935	3	1
119	791.92	0.01	1.2558	2	1
119	263.89	0.04	2.2953	3	1
119	500.00	0.00	2.2457	3	1
119	791.92	0.01	2.9974	4	1
120	264.00	0.00	0.7057	2	1
120	500.00	0.01	2.8544	4	1
120	792.00	0.00	1.4114	3	1
120	263.97	0.01	2.1175	4	1
120	500.00	0.04	2.1466	3	1
120	792.00	0.00	0.7057	2	1
121	264.00	0.00	4.3217	5	1
121	500.00	0.01	2.7430	4	1
121	791.92	0.01	2.6958	4	1
121	263.97	0.01	5.0280	5	1
121	500.00	0.00	1.4114	2	1
121	792.00	0.00	0.7057	2	1
122	264.00	0.00	2.1171	4	1
122	500.00	0.00	4.9427	5	1
122	791.92	0.01	4.2664	5	1
122	264.00	0.00	0.7057	2	1
122	500.00	0.01	4.2376	5	1
122	788.83	0.40	3.0119	3	1
123	263.97	0.01	1.9627	3	1
123	500.00	0.02	2.9700	4	1
123	792.00	0.00	1.7259	3	1
123	263.97	0.01	3.3757	4	1
123	500.00	0.38	4.2089	5	1
123	792.00	0.00	2.1444	3	1
124	264.00	0.00	2.1171	4	1
124	500.00	0.01	2.7458	3	1
124	791.92	0.01	4.9720	7	1
124	264.00	0.00	0.7057	2	1
124	500.00	0.38	5.8374	6	1
124	792.00	0.00	0.7057	2	1
125	264.00	0.00	0.7057	2	1
125	500.00	0.01	0.7082	2	1
125	791.92	0.01	0.7816	2	1
125	263.00	0.38	4.1440	5	1
125	500.00	0.00	2.1171	4	1
125	791.68	0.04	1.0325	2	1
126	263.00	0.38	5.2706	5	1
126	500.00	0.00	2.4207	3	1
126	791.92	0.01	3.8102	5	1
126	264.00	0.00	3.2167	4	1
126	500.00	0.02	5.6390	6	1
126	791.92	0.01	1.7805	3	1
127	263.97	0.01	3.3893	5	1
127	500.00	0.01	3.9453	5	1
127	792.00	0.00	3.4173	4	1
127	263.97	0.01	3.9403	4	1
127	500.00	0.01	2.0288	3	1
127	792.00	0.00	1.4387	2	1
128	264.00	0.00	1.8053	3	1
128	500.00	0.00	2.3008	3	1
128	792.00	0.00	2.1444	3	1
128	264.00	0.00	1.2555	2	1
128	500.00	0.00	1.0453	2	1
128	792.00	0.00	2.6942	3	1
129	263.50	0.19	1.5634	2	1
129	500.00	0.38	6.2951	6	1
129	791.92	0.01	1.9471	3	1
129	263.97	0.01	5.0902	6	1
129	500.00	0.01	4.0651	5	1
129	788.91	0.39	1.8984	2	1
130	264.00	0.00	2.8228	5	1
130	500.00	0.38	5.3993	5	1
130	792.00	0.00	2.3288	3	1
130	264.00	0.00	0.7057	2	1
130	500.00	0.01	4.5831	4	1
130	791.92	0.01	3.4117	3	1
131	263.89	0.04	2.7083	4	1
131	500.00	0.01	2.1294	4	1
131	792.00	0.00	1.4114	3	1
131	263.97	0.01	4.6499	4	1
131	500.00	0.02	1.9141	3	1
131	791.92	0.01	1.4166	3	1
132	263.97	0.01	2.6784	4	1
132	500.00	0.01	3.1095	4	1
132	792.00	0.00	2.9410	4	1
132	263.97	0.01	1.9726	3	1
132	500.00	0.02	3.7856	4	1
132	791.92	0.01	3.1259	4	1
133	263.97	0.01	3.0628	4	1
133	500.00	0.01	2.2487	4	1
133	792.00	0.00	0.7057	2	1
133	264.00	0.00	3.7682	4	1
133	500.00	0.00	0.8149	2	1
133	792.00	0.00	1.4114	2	1
134	264.00	0.00	2.6669	4	1
134	500.00	0.00	2.2046	3	1
134	791.92	0.01	2.1551	3	1
134	264.00	0.00	1.2555	2	1
134	500.00	0.01	4.2416	5	1
134	791.92	0.01	3.8868	5	1
135	263.97	0.01	2.6675	4	1
135	500.00	0.01	3.7963	5	1
135	791.92	0.01	3.0512	5	1
135	263.97	0.01	2.1177	4	1
135	500.00	0.00	0.9806	2	1
135	788.43	0.45	4.6212	5	1
136	264.00	0.00	2.1171	4	1
136	500.00	0.00	3.4605	4	1
136	791.84	0.02	1.8238	3	1
136	264.00	0.00	1.4114	3	1
136	500.00	0.01	3.4609	4	1
136	791.84	0.02	3.4053	3	1
137	263.97	0.01	3.0713	4	1
137	500.00	0.00	1.4761	3	1
137	792.00	0.00	1.7040	3	1
137	263.97	0.01	3.7797	4	1
137	500.00	0.38	4.6388	5	1
137	791.92	0.01	3.2471	5	1
138	264.00	0.00	1.8053	3	1
138	500.00	0.01	2.3019	3	1
138	791.92	0.01	2.5123	3	1
138	264.00	0.00	3.2167	4	1
138	500.00	0.01	3.2830	4	1
138	791.92	0.01	1.8586	3	1
139	264.00	0.00	1.4114	3	1
139	500.00	0.43	5.2412	5	1
139	792.00	0.00	3.1706	4	1
139	264.00	0.00	2.1171	4	1
139	500.00	0.00	1.7239	3	1
139	791.92	0.01	4.1133	4	1
140	263.97	0.01	4.0928	5	1
140	500.00	0.02	4.3419	4	1
140	792.00	0.00	1.0647	2	1
140	263.97	0.01	1.9751	3	1
140	500.00	0.02	4.6684	5	1
140	791.68	0.04	3.1183	4	1
141	263.97	0.01	2.1175	4	1
141	500.00	0.02	4.3021	5	1
141	791.92	0.01	3.5576	5	1
141	263.97	0.01	1.4149	3	1
141	500.00	0.01	3.7137	5	1
141	788.91	0.39	3.3350	4	1
142	263.00	0.38	5.0502	6	1
142	500.00	0.02	5.2455	6	1
142	792.00	0.00	3.8111	4	1
142	263.81	0.07	3.4161	4	1
142	500.00	0.01	3.7191	5	1
142	791.92	0.01	2.3694	3	1
143	263.00	0.38	4.2391	5	1
143	500.00	0.00	1.4114	3	1
143	791.92	0.01	2.7479	4	1
143	263.97	0.01	2.0548	3	1
143	500.00	0.01	0.7174	2	1
143	791.92	0.01	3.7934	5	1
144	264.00	0.00	3.2221	4	1
144	500.00	0.01	4.6361	6	1
144	788.91	0.39	4.7036	6	1
144	263.97	0.01	3.7723	4	1
144	500.00	0.00	1.8834	3	1
144	792.00	0.00	0.7140	2	1
145	264.00	0.00	2.1171	4	1
145	500.00	0.00	0.7057	2	1
145	792.00	0.00	0.7057	2	1
145	264.00	0.00	2.6669	4	1
145	500.00	0.01	2.1276	4	1
145	792.00	0.00	1.4114	3	1
146	263.95	0.02	3.5097	5	1
146	500.00	0.01	4.0483	4	1
146	792.00	0.00	4.4664	5	1
146	264.00	0.00	1.4114	3	1
146	500.00	0.00	2.8704	3	1
146	791.84	0.02	4.2840	4	1
147	263.97	0.01	3.2199	4	1
147	500.00	0.00	4.3362	5	1
147	791.92	0.01	3.1370	3	1
147	264.00	0.00	2.6669	4	1
147	500.00	0.02	2.4533	3	1
147	791.92	0.01	4.0262	5	1
148	264.00	0.00	1.8055	3	1
148	500.00	0.01	4.0871	6	1
148	792.00	0.00	0.7642	2	1
148	263.00	0.38	6.2354	6	1
148	500.00	0.01	2.6015	4	1
148	788.99	0.38	5.3679	6	1
149	264.00	0.00	1.8053	3	1
149	500.00	0.02	3.2798	4	1
149	791.92	0.01	3.4168	3	1
149	263.97	0.01	3.9231	5	1
149	500.00	0.38	6.9791	6	1
149	792.00	0.00	3.5717	4	1
150	263.97	0.01	1.9616	3	1
150	500.00	0.01	4.9747	4	1
150	791.84	0.02	3.7792	4	1
150	263.97	0.01	1.2558	2	1
150	500.00	0.38	6.2843	6	1
150	792.00	0.00	3.8987	4	1
151	264.00	0.00	3.2167	4	1
151	500.00	0.02	3.6530	5	1
151	791.92	0.01	4.2125	5	1
151	263.97	0.01	5.3347	6	1
151	500.00	0.06	3.7304	4	1
151	792.00	0.00	1.5924	3	1
152	264.00	0.00	4.6280	6	1
152	500.00	0.00	4.3121	4	1
152	791.92	0.01	4.1581	4	1
152	264.00	0.00	2.5110	3	1
152	500.00	0.00	5.1101	4	1
152	791.92	0.01	2.8927	3	1
153	264.00	0.00	1.9113	3	1
153	500.00	0.00	4.1848	4	1
153	792.00	0.00	3.9243	5	1
153	262.42	0.60	2.7216	2	1
153	500.00	0.00	4.7345	4	1
153	791.84	0.02	4.2397	5	1
154	263.97	0.01	2.5114	4	1
154	500.00	0.01	5.6875	7	1
154	792.00	0.00	1.5152	3	1
154	263.97	0.01	3.0857	3	1
154	500.00	0.01	5.4910	7	1
154	791.92	0.01	1.2282	2	1
155	263.97	0.01	2.6828	4	1
155	500.00	0.01	3.6403	5	1
155	792.00	0.00	1.0733	2	1
155	263.97	0.01	1.9770	3	1
155	500.00	0.00	3.3636	4	1
155	791.92	0.01	2.3249	3	1
156	263.97	0.01	2.1174	4	1
156	500.00	0.01	2.9923	5	1
156	792.00	0.00	4.2931	5	1
156	263.97	0.01	2.1278	4	1
156	500.00	0.00	0.9814	2	1
156	791.92	0.01	2.7001	3	1
157	263.95	0.02	2.3450	4	1
157	500.00	0.00	2.9313	4	1
157	788.91	0.39	4.1565	5	1
157	262.97	0.39	3.6141	5	1
157	500.00	0.01	1.6919	3	1
157	791.84	0.02	2.6830	4	1
158	264.00	0.00	1.8053	3	1
158	500.00	0.00	2.8335	3	1
158	791.92	0.01	4.6569	5	1
158	264.00	0.00	3.2167	4	1
158	500.00	0.01	4.7980	4	1
158	792.00	0.00	3.3999	4	1
159	263.97	0.01	1.4129	3	1
159	500.00	0.00	0.9651	2	1
159	791.92	0.01	5.6038	7	1
159	262.97	0.39	4.0206	5	1
159	500.00	0.01	2.6585	4	1
159	791.92	0.01	4.2901	4	1
160	263.95	0.02	2.3670	4	1
160	500.00	0.02	3.6007	5	1
160	792.00	0.00	0.8890	2	1
160	264.00	0.00	1.4114	3	1
160	500.00	0.00	1.4114	3	1
160	792.00	0.00	0.7057	2	1
161	264.00	0.00	1.4114	3	1
161	500.00	0.02	2.7105	4	1
161	788.91	0.39	3.8418	5	1
161	263.97	0.01	2.8246	5	1
161	500.00	0.00	0.7842	2	1
161	791.84	0.02	1.8328	3	1
162	263.97	0.01	3.5397	6	1
162	500.00	0.00	2.5110	3	1
162	788.91	0.39	4.5049	4	1
162	264.00	0.00	1.4114	3	1
162	500.00	0.00	4.6691	5	1
162	792.00	0.00	3.2318	4	1
163	264.00	0.00	1.4114	3	1
163	500.00	0.01	3.9130	4	1
163	791.92	0.01	2.3202	4	1
163	263.97	0.01	2.6674	4	1
163	500.00	0.00	3.3601	4	1
163	791.92	0.01	2.0863	3	1
164	264.00	0.00	3.3476	5	1
164	500.00	0.01	3.6851	4	1
164	792.00	0.00	1.9685	3	1
164	263.95	0.02	2.8089	4	1
164	500.00	0.01	2.6675	4	1
164	791.84	0.02	3.6766	4	1
165	264.00	0.00	1.9612	3	1
165	500.00	0.00	3.3726	5	1
165	792.00	0.00	0.8093	2	1
165	264.00	0.00	2.5110	3	1
165	500.00	0.00	1.2555	2	1
165	792.00	0.00	0.7057	2	1
166	264.00	0.00	3.2167	4	1
166	500.00	0.00	3.2249	4	1
166	791.92	0.01	4.3979	5	1
166	264.00	0.00	2.6669	3	1
166	500.00	0.39	4.5682	5	1
166	792.00	0.00	2.9086	3	1
167	264.00	0.00	1.8118	3	1
167	500.00	0.00	1.7510	3	1
167	791.92	0.01	2.7064	4	1
167	263.97	0.01	2.5177	3	1
167	500.00	0.39	5.6499	7	1
167	792.00	0.00	0.7057	2	1
168	263.97	0.01	3.4207	5	1
168	500.00	0.01	3.2422	5	1
168	791.92	0.01	3.7692	4	1
168	264.00	0.00	0.7057	2	1
168	500.00	0.39	5.0669	5	1
168	791.92	0.01	3.6846	4	1
169	264.00	0.00	1.4114	3	1
169	500.00	0.02	3.5477	4	1
169	792.00	0.00	2.9693	4	1
169	263.00	0.38	1.8864	2	1
169	500.00	0.39	5.8317	6	1
169	791.92	0.01	3.5203	4	1
170	262.97	0.39	3.6024	5	1
170	500.00	0.00	3.2230	5	1
170	791.92	0.01	2.2190	3	1
170	263.97	0.01	0.7303	2	1
170	500.00	0.00	0.9090	2	1
170	791.92	0.01	5.2279	6	1
171	263.97	0.01	3.9263	5	1
171	500.00	0.00	2.0259	3	1
171	791.92	0.01	2.6165	4	1
171	263.97	0.01	3.3750	4	1
171	500.00	0.01	1.7630	3	1
171	792.00	0.00	1.2555	2	1
172	264.00	0.00	1.4114	3	1
172	500.00	0.01	4.0002	5	1
172	791.92	0.01	3.3033	5	1
172	263.97	0.01	2.6674	4	1
172	500.00	0.00	1.9612	3	1
172	792.00	0.00	0.7057	2	1
173	263.97	0.01	2.1432	4	1
173	500.00	0.00	0.8500	2	1
173	791.92	0.01	0.7091	2	1
173	263.97	0.01	0.7062	2	1
173	500.00	0.00	1.5557	2	1
173	791.92	0.01	2.8235	5	1
174	263.97	0.01	1.9627	3	1
174	500.00	0.01	3.2841	4	1
174	792.00	0.00	2.3285	3	1
174	264.00	0.00	1.2555	2	1
174	500.00	0.00	2.3159	3	1
174	792.00	0.00	1.2555	2	1
175	263.97	0.01	2.1947	4	1
175	500.00	0.00	2.4330	3	1
175	792.00	0.00	1.6828	3	1
175	263.89	0.04	1.0325	2	1
175	500.00	0.38	4.4611	4	1
175	792.00	0.00	3.5471	4	1
176	264.00	0.00	1.4114	3	1
176	500.00	0.01	3.1601	4	1
176	791.92	0.01	3.6334	5	1
176	264.00	0.00	2.6669	4	1
176	500.00	0.04	3.1379	4	1
176	792.00	0.00	2.9274	4	1
177	263.00	0.38	5.4043	6	1
177	500.00	0.00	1.5989	3	1
177	787.09	0.62	6.0903	4	1
177	263.97	0.01	4.0787	5	1
177	500.00	0.01	4.4750	4	1
177	791.84	0.02	4.0321	5	1
178	264.00	0.00	3.6163	5	1
178	500.00	0.00	1.9479	3	1
178	792.00	0.00	0.7057	2	1
178	263.97	0.01	3.0669	3	1
178	500.00	0.01	2.6784	3	1
178	792.00	0.00	2.8501	4	1
179	263.97	0.01	3.6003	5	1
179	500.00	0.01	3.7268	5	1
179	792.00	0.00	3.3998	4	1
179	263.95	0.02	2.3555	4	1
179	500.00	0.01	2.1189	4	1
179	792.00	0.00	3.5558	4	1
180	263.97	0.01	2.5267	3	1
180	500.00	0.04	1.4575	2	1
180	791.92	0.01	1.2603	2	1
180	263.97	0.01	3.9385	5	1
180	500.00	0.00	1.4771	3	1
180	791.84	0.02	3.0582	4	1
181	263.97	0.01	2.2930	4	1
181	500.00	0.01	3.1109	5	1
181	792.00	0.00	2.0055	3	1
181	263.89	0.04	1.7428	3	1
181	500.00	0.01	1.4217	2	1
181	792.00	0.00	1.2998	2	1
182	264.00	0.00	2.4312	4	1
182	500.00	0.01	3.6248	5	1
182	791.92	0.01	3.3508	5	1
182	262.92	0.41	3.1899	3	1
182	500.00	0.04	2.1562	3	1
182	792.00	0.00	0.7057	2	1
183	264.00	0.00	1.9612	3	1
183	500.00	0.00	2.1182	3	1
183	792.00	0.00	4.2369	5	1
183	264.00	0.00	1.4114	2	1
183	500.00	0.01	1.4911	2	1
183	792.00	0.00	2.9814	3	1
184	263.97	0.01	5.0039	5	1
184	500.00	0.38	5.5610	7	1
184	791.92	0.01	0.9370	2	1
184	264.00	0.00	3.7673	4	1
184	500.00	0.00	2.3922	4	1
184	791.92	0.01	3.8507	5	1
185	264.00	0.00	1.9612	3	1
185	500.00	0.00	0.7057	2	1
185	791.92	0.01	1.4117	3	1
185	264.00	0.00	2.5110	3	1
185	500.00	0.01	2.8235	5	1
185	791.92	0.01	1.4170	3	1
186	264.00	0.00	2.1171	4	1
186	500.00	0.01	5.3929	6	1
186	788.91	0.39	6.0450	7	1
186	264.00	0.00	1.4114	3	1
186	500.00	0.02	1.9788	3	1
186	791.92	0.01	2.8441	4	1
187	264.00	0.00	3.0607	4	1
187	500.00	0.01	1.4129	3	1
187	791.92	0.01	3.5111	5	1
187	264.00	0.00	2.5110	3	1
187	500.00	0.01	4.5963	6	1
187	788.91	0.39	4.9995	6	1
188	264.00	0.00	1.9612	3	1
188	500.00	0.01	2.1177	4	1
188	791.92	0.01	1.4218	3	1
188	264.00	0.00	2.5110	3	1
188	500.00	0.01	1.4174	3	1
188	791.92	0.01	1.4874	3	1
189	263.95	0.02	2.8039	4	1
189	500.00	0.00	1.0869	2	1
189	788.91	0.39	4.5959	5	1
189	264.00	0.00	1.4114	3	1
189	500.00	0.00	3.5979	4	1
189	792.00	0.00	0.7057	2	1
190	264.00	0.00	2.1171	4	1
190	500.00	0.01	2.8387	4	1
190	792.00	0.00	1.9612	3	1
190	264.00	0.00	1.2555	2	1
190	500.00	0.00	1.1465	2	1
190	792.00	0.00	4.0783	5	1
191	264.00	0.00	3.2167	4	1
191	500.00	0.00	3.2912	5	1
191	788.99	0.38	4.7207	6	1
191	264.00	0.00	3.3726	4	1
191	500.00	0.01	1.7244	3	1
191	791.92	0.01	0.7680	2	1
192	263.97	0.01	3.2293	4	1
192	500.00	0.19	3.8641	4	1
192	792.00	0.00	1.4114	3	1
192	263.97	0.01	2.6795	3	1
192	500.00	0.01	4.9923	6	1
192	791.92	0.01	3.8970	6	1
193	263.97	0.01	3.2293	4	1
193	500.00	0.19	3.8641	4	1
193	792.00	0.00	1.4114	3	1
193	263.97	0.01	2.6795	3	1
193	500.00	0.01	4.9923	6	1
193	791.92	0.01	3.8970	6	1
194	263.97	0.01	4.0791	6	1
194	500.00	0.01	4.5390	5	1
194	791.92	0.01	3.5076	5	1
194	264.00	0.00	1.9612	3	1
194	500.00	0.00	4.1857	4	1
194	791.92	0.01	0.7294	2	1
195	263.97	0.01	3.4560	5	1
195	500.00	0.00	2.2361	3	1
195	792.00	0.00	4.8204	5	1
195	264.00	0.00	0.7057	2	1
195	500.00	0.01	1.6464	3	1
195	792.00	0.00	4.2706	4	1
196	264.00	0.00	1.9612	3	1
196	500.00	0.01	2.4587	4	1
196	792.00	0.00	1.9612	3	1
196	264.00	0.00	2.5110	3	1
196	500.00	0.01	2.8151	4	1
196	791.92	0.01	2.8538	3	1
197	263.97	0.01	3.3744	5	1
197	500.00	0.01	4.2526	5	1
197	788.43	0.45	4.6989	5	1
197	264.00	0.00	1.2555	2	1
197	500.00	0.00	2.9002	4	1
197	792.00	0.00	2.6227	4	1
198	263.97	0.01	3.9231	5	1
198	500.00	0.00	0.7057	2	1
198	791.92	0.01	1.2571	2	1
198	263.97	0.01	5.1791	5	1
198	500.00	0.01	2.8566	4	1
198	792.00	0.00	0.7057	2	1
199	262.97	0.39	4.3108	6	1
199	500.00	0.01	1.6986	3	1
199	791.92	0.01	3.6376	5	1
199	264.00	0.00	1.4114	3	1
199	500.00	0.01	2.0302	3	1
199	788.91	0.39	2.6251	3	1
200	263.97	0.01	3.9248	5	1
200	500.00	0.04	2.5119	3	1
200	792.00	0.00	0.7660	2	1
200	263.97	0.01	3.2226	4	1
200	500.00	0.38	2.0230	2	1
200	788.99	0.38	4.7922	5	1
201	263.97	0.01	2.1199	4	1
201	500.00	0.01	2.9237	5	1
201	791.84	0.02	2.5282	4	1
201	263.97	0.01	2.6698	4	1
201	500.00	0.00	0.7704	2	1
201	792.00	0.00	0.7057	2	1
202	264.00	0.00	3.0607	4	1
202	500.00	0.01	1.4170	3	1
202	791.92	0.01	6.1855	7	1
202	263.89	0.04	4.6510	4	1
202	500.00	0.00	1.8740	3	1
202	791.92	0.01	3.1787	3	1
203	263.97	0.01	2.6692	3	1
203	500.00	0.01	2.3117	3	1
203	791.92	0.01	2.6583	3	1
203	264.00	0.00	3.2187	4	1
203	500.00	0.02	3.2830	4	1
203	791.92	0.01	3.7835	4	1
204	263.97	0.01	3.9684	5	1
204	500.00	0.00	2.0941	3	1
204	791.92	0.01	1.6003	3	1
204	263.97	0.01	2.5569	4	1
204	500.00	0.00	0.8484	2	1
204	791.84	0.02	2.2813	3	1
205	263.97	0.01	3.9255	5	1
205	500.00	0.01	3.6796	5	1
205	791.84	0.02	3.3999	4	1
205	263.97	0.01	5.2557	5	1
205	500.00	0.00	1.7297	3	1
205	791.92	0.01	4.4179	6	1
206	263.97	0.01	3.3750	5	1
206	500.00	0.00	2.4581	3	1
206	792.00	0.00	2.1444	3	1
206	264.00	0.00	1.4114	3	1
206	500.00	0.00	0.7057	2	1
206	791.92	0.01	2.8532	3	1
207	263.97	0.01	3.2894	4	1
207	500.00	0.04	2.7704	3	1
207	792.00	0.00	0.7057	2	1
207	263.95	0.02	3.9979	4	1
207	500.00	0.38	4.4347	4	1
207	791.92	0.01	2.1708	3	1
208	264.00	0.00	0.7057	2	1
208	500.00	0.38	7.1562	7	1
208	792.00	0.00	2.0511	3	1
208	263.97	0.01	2.1177	4	1
208	500.00	0.01	3.4162	4	1
208	791.92	0.01	2.2358	3	1
209	263.97	0.01	1.4153	3	1
209	500.00	0.00	3.9482	4	1
209	791.92	0.01	5.9680	7	1
209	262.97	0.39	4.3108	6	1
209	500.00	0.00	3.2425	3	1
209	791.92	0.01	5.9144	5	1
210	263.97	0.01	2.6776	4	1
210	500.00	0.01	4.8421	5	1
210	791.92	0.01	4.3980	4	1
210	263.89	0.04	3.5554	3	1
210	500.00	0.00	1.6077	2	1
210	791.92	0.01	3.8387	4	1
211	263.97	0.01	1.4119	3	1
211	500.00	0.01	2.4804	4	1
211	791.68	0.04	2.9720	4	1
211	264.00	0.00	0.7057	2	1
211	500.00	0.04	2.1562	3	1
211	791.92	0.01	2.3162	4	1
212	263.97	0.01	2.0067	3	1
212	500.00	0.01	2.2413	3	1
212	792.00	0.00	0.8119	2	1
212	263.95	0.02	4.6503	5	1
212	500.00	0.01	2.9498	3	1
212	792.00	0.00	0.7057	2	1
213	262.89	0.42	3.9312	5	1
213	500.00	0.01	5.0983	5	1
213	792.00	0.00	1.2980	2	1
213	263.97	0.01	1.4236	3	1
213	500.00	0.01	4.1956	5	1
213	791.92	0.01	3.5459	4	1
214	263.97	0.01	5.7303	7	1
214	500.00	0.01	4.7012	4	1
214	791.92	0.01	4.4653	6	1
214	264.00	0.00	2.5110	3	1
214	500.00	0.43	6.5906	5	1
214	791.92	0.01	0.8983	2	1
215	263.95	0.02	2.8340	4	1
215	500.00	0.02	4.3875	5	1
215	792.00	0.00	2.2239	3	1
215	264.00	0.00	0.7057	2	1
215	500.00	0.01	4.4601	5	1
215	791.92	0.01	4.2870	4	1
216	264.00	0.00	2.7978	4	1
216	500.00	0.00	2.7230	3	1
216	791.92	0.01	3.7694	4	1
216	263.95	0.02	3.4447	4	1
216	500.00	0.00	1.7424	2	1
216	791.68	0.04	4.8031	4	1
217	263.97	0.01	2.5116	4	1
217	500.00	0.00	0.7057	2	1
217	792.00	0.00	1.9612	3	1
217	263.95	0.02	3.4447	4	1
217	500.00	0.01	2.6672	4	1
217	792.00	0.00	1.2555	2	1
218	263.97	0.01	2.1177	4	1
218	500.00	0.01	2.3146	4	1
218	791.60	0.05	3.1114	3	1
218	263.97	0.01	1.4159	3	1
218	500.00	0.01	4.0010	5	1
218	792.00	0.00	2.2267	3	1
219	263.97	0.01	2.5115	4	1
219	500.00	0.01	2.5465	4	1
219	791.92	0.01	1.5975	3	1
219	263.97	0.01	3.9231	5	1
219	500.00	0.00	2.5222	4	1
219	791.84	0.02	3.2012	4	1
220	264.00	0.00	3.3726	5	1
220	500.00	0.00	1.9612	3	1
220	791.92	0.01	1.6091	3	1
220	264.00	0.00	1.2555	2	1
220	500.00	0.00	4.5100	5	1
220	792.00	0.00	3.0996	4	1
221	264.00	0.00	1.4114	3	1
221	500.00	0.05	2.2336	3	1
221	791.84	0.02	2.0926	3	1
221	262.89	0.42	4.3432	5	1
221	500.00	0.00	1.1887	2	1
221	792.00	0.00	0.7057	2	1
222	263.97	0.01	3.3763	5	1
222	500.00	0.01	1.1336	2	1
222	791.92	0.01	1.9660	3	1
222	263.97	0.01	1.4129	3	1
222	500.00	0.00	2.3091	3	1
222	792.00	0.00	3.0368	4	1
223	263.97	0.01	2.7606	4	1
223	500.00	0.04	3.8195	4	1
223	791.92	0.01	0.7059	2	1
223	263.97	0.01	2.0334	3	1
223	500.00	0.01	4.8093	4	1
223	791.68	0.04	5.1674	6	1
224	263.97	0.01	2.5125	3	1
224	500.00	0.00	1.9612	3	1
224	792.00	0.00	1.4114	3	1
224	264.00	0.00	3.2180	4	1
224	500.00	0.00	1.2555	2	1
224	788.91	0.39	2.1854	3	1
225	263.97	0.01	2.5146	4	1
225	500.00	0.21	4.3337	5	1
225	791.92	0.01	3.1619	4	1
225	263.89	0.04	4.2539	5	1
225	500.00	0.00	1.2555	2	1
225	791.92	0.01	2.8697	3	1
226	263.97	0.01	3.2913	5	1
226	500.00	1.03	2.6343	2	1
226	791.92	0.01	2.5931	4	1
226	263.97	0.01	3.2914	3	1
226	500.00	0.00	3.5878	4	1
226	792.00	0.00	2.7212	3	1
227	264.00	0.00	1.4114	3	1
227	500.00	0.05	2.4372	3	1
227	791.92	0.01	2.2884	4	1
227	263.95	0.02	2.8297	4	1
227	500.00	0.00	2.6710	3	1
227	788.67	0.42	4.4763	5	1
228	264.00	0.00	0.7057	2	1
228	500.00	0.01	3.5457	4	1
228	791.92	0.01	4.8970	4	1
228	262.97	0.39	5.4203	6	1
228	500.00	0.00	5.8593	5	1
228	792.00	0.00	5.2357	5	1
229	263.97	0.01	2.1420	4	1
229	500.00	0.01	1.4119	3	1
229	792.00	0.00	0.7057	2	1
229	263.97	0.01	0.7096	2	1
229	500.00	0.01	3.3737	5	1
229	788.91	0.39	2.0077	2	1
230	264.00	0.00	3.2167	4	1
230	500.00	0.39	5.6712	5	1
230	791.84	0.02	2.5136	4	1
230	263.00	0.38	6.1915	5	1
230	500.00	0.04	2.6512	3	1
230	788.43	0.45	5.7663	5	1
231	263.97	0.01	2.6720	4	1
231	500.00	0.01	4.2227	6	1
231	791.92	0.01	2.9759	4	1
231	263.97	0.01	6.0487	7	1
231	500.00	0.00	0.9899	2	1
231	788.83	0.40	2.7761	3	1
232	263.97	0.01	3.3733	5	1
232	500.00	0.39	2.8939	4	1
232	792.00	0.00	2.5423	4	1
232	263.95	0.02	2.6678	4	1
232	500.00	0.00	0.7433	2	1
232	791.92	0.01	4.5587	6	1
233	263.97	0.01	1.4119	3	1
233	500.00	0.39	5.2566	5	1
233	791.84	0.02	0.9494	2	1
233	264.00	0.00	0.7057	2	1
233	500.00	0.01	4.2505	6	1
233	791.92	0.01	1.1568	2	1
234	263.97	0.01	4.7964	7	1
234	500.00	0.00	4.2831	4	1
234	791.84	0.02	5.4861	5	1
234	263.97	0.01	1.4140	3	1
234	500.00	0.01	4.4397	4	1
234	791.92	0.01	3.7595	4	1
235	263.97	0.01	3.4207	5	1
235	500.00	0.01	3.6094	4	1
235	788.99	0.38	3.8130	4	1
235	264.00	0.00	0.7057	2	1
235	500.00	0.00	3.9203	4	1
235	791.92	0.01	2.3855	3	1
236	264.00	0.00	2.1171	4	1
236	500.00	0.00	1.5541	3	1
236	791.92	0.01	2.1177	4	1
236	263.95	0.02	3.5097	5	1
236	500.00	0.00	0.7057	2	1
236	792.00	0.00	0.7057	2	1
237	263.95	0.02	2.3553	4	1
237	500.00	0.01	1.7257	2	1
237	791.92	0.01	5.3221	7	1
237	264.00	0.00	0.7057	2	1
237	500.00	0.01	2.4300	3	1
237	791.92	0.01	3.4575	4	1
238	264.00	0.00	1.9625	3	1
238	500.00	0.00	3.0079	4	1
238	791.92	0.01	2.8780	4	1
238	263.97	0.01	1.2569	2	1
238	500.00	0.00	2.0260	3	1
238	791.92	0.01	2.9327	3	1
239	262.97	0.39	4.3349	6	1
239	500.00	0.01	1.6905	3	1
239	791.84	0.02	4.2642	4	1
239	264.00	0.00	1.4114	3	1
239	500.00	0.38	4.2529	5	1
239	791.92	0.01	3.3228	4	1
240	263.00	0.38	5.4146	6	1
240	500.00	0.38	5.4782	6	1
240	791.92	0.01	2.5175	4	1
240	263.97	0.01	2.5215	3	1
240	500.00	0.00	1.6040	2	1
240	792.00	0.00	1.2614	2	1
241	263.97	0.01	4.0137	5	1
241	500.00	0.00	2.3616	3	1
241	791.92	0.01	1.7085	3	1
241	263.97	0.01	3.3079	5	1
241	500.00	0.42	5.3787	5	1
241	788.91	0.39	4.3852	5	1
242	262.39	0.61	2.3304	3	1
242	500.00	0.00	1.7522	3	1
242	788.99	0.38	2.3531	3	1
242	263.89	0.04	1.7437	3	1
242	500.00	0.01	2.8397	4	1
242	791.92	0.01	2.2161	3	1
243	263.97	0.01	1.9872	3	1
243	500.00	0.00	0.7057	2	1
243	791.92	0.01	0.7285	2	1
243	264.00	0.00	1.4114	3	1
243	500.00	0.00	2.6669	4	1
243	791.92	0.01	0.7087	2	1
244	263.97	0.01	2.6673	4	1
244	500.00	0.04	4.8664	4	1
244	788.99	0.38	6.2922	5	1
244	263.97	0.01	5.0231	5	1
244	500.00	0.01	2.3041	3	1
244	792.00	0.00	3.6959	3	1
245	263.97	0.01	3.7669	5	1
245	500.00	0.01	4.6445	4	1
245	792.00	0.00	3.9322	4	1
245	264.00	0.00	3.2168	4	1
245	500.00	0.41	6.2086	5	1
245	792.00	0.00	2.7560	3	1
246	264.00	0.00	3.4188	5	1
246	500.00	0.01	2.5471	4	1
246	791.68	0.04	2.0001	3	1
246	263.97	0.01	2.7446	4	1
246	500.00	0.39	5.3496	6	1
246	788.91	0.39	4.7092	6	1
247	263.97	0.01	0.7062	2	1
247	500.00	0.00	0.7057	2	1
247	791.92	0.01	3.3842	4	1
247	263.95	0.02	2.3553	4	1
247	500.00	0.00	5.0694	6	1
247	791.68	0.04	4.6011	4	1
248	263.97	0.01	1.8057	3	1
248	500.00	0.01	0.7096	2	1
248	791.92	0.01	0.7095	2	1
248	264.00	0.00	1.2555	2	1
248	500.00	0.00	1.4114	3	1
248	792.00	0.00	1.4114	3	1
249	263.97	0.01	3.2274	4	1
249	500.00	0.38	5.7232	6	1
249	791.68	0.04	4.1894	4	1
249	264.00	0.00	1.9612	3	1
249	500.00	0.01	0.7086	2	1
249	791.92	0.01	2.9726	4	1
250	264.00	0.00	2.1171	4	1
250	500.00	0.00	4.0413	4	1
250	792.00	0.00	4.3155	5	1
250	264.00	0.00	0.7057	2	1
250	500.00	0.00	2.7858	3	1
250	791.92	0.01	3.1921	4	1
251	263.97	0.01	3.2203	4	1
251	500.00	0.00	2.4145	3	1
251	791.84	0.02	3.2095	4	1
251	264.00	0.00	1.9612	3	1
251	500.00	0.00	2.4924	4	1
251	792.00	0.00	1.5947	2	1
252	263.97	0.01	2.1188	4	1
252	500.00	0.01	3.2999	4	1
252	792.00	0.00	2.9422	4	1
252	263.97	0.01	2.1199	4	1
252	500.00	0.00	1.0182	2	1
252	791.84	0.02	3.9906	4	1
253	263.97	0.01	1.2570	2	1
253	500.00	0.00	0.7057	2	1
253	792.00	0.00	1.9885	3	1
253	263.00	0.38	4.7134	6	1
253	500.00	0.01	2.3027	3	1
253	791.92	0.01	3.5864	4	1
254	263.97	0.01	3.0661	4	1
254	500.00	0.01	6.1650	6	1
254	791.92	0.01	4.0544	5	1
254	264.00	0.00	3.7696	4	1
254	500.00	0.01	4.1153	4	1
254	791.92	0.01	0.9053	2	1
255	262.94	0.40	3.6029	4	1
255	500.00	0.01	4.7648	5	1
255	791.92	0.01	2.4708	3	1
255	263.97	0.01	4.2451	6	1
255	500.00	0.01	4.7648	6	1
255	791.92	0.01	1.0743	2	1
256	262.97	0.39	4.3354	6	1
256	500.00	0.00	2.4207	3	1
256	791.92	0.01	4.3613	5	1
256	264.00	0.00	0.7057	2	1
256	500.00	0.00	4.1070	4	1
256	791.92	0.01	1.3792	2	1
257	264.00	0.00	1.4114	3	1
257	500.00	0.00	1.4114	3	1
257	792.00	0.00	0.7057	2	1
257	263.97	0.01	2.1177	4	1
257	500.00	0.00	0.7057	2	1
257	792.00	0.00	0.7057	2	1
258	264.00	0.00	0.7057	2	1
258	500.00	0.00	0.7731	2	1
258	791.84	0.02	2.2028	3	1
258	262.86	0.43	4.7625	5	1
258	500.00	0.01	1.5294	2	1
258	791.92	0.01	0.7112	2	1
259	264.00	0.00	1.4114	3	1
259	500.00	0.01	2.3829	3	1
259	788.99	0.38	3.6241	4	1
259	262.36	0.62	3.7739	4	1
259	500.00	0.02	3.4322	4	1
259	792.00	0.00	1.0722	2	1
260	264.00	0.00	1.9612	3	1
260	500.00	0.01	3.7573	4	1
260	792.00	0.00	2.2989	3	1
260	264.00	0.00	2.5110	3	1
260	500.00	0.00	4.4767	5	1
260	791.84	0.02	2.7699	3	1
261	264.00	0.00	1.4114	3	1
261	500.00	0.62	3.5818	3	1
261	792.00	0.00	1.4255	3	1
261	264.00	0.00	3.3726	5	1
261	500.00	0.38	3.1577	4	1
261	791.84	0.02	3.1950	4	1
262	263.97	0.01	2.6714	4	1
262	500.00	0.01	3.5208	5	1
262	792.00	0.00	1.4114	3	1
262	263.97	0.01	3.9298	4	1
262	500.00	0.02	3.7961	4	1
262	788.91	0.39	3.4528	4	1
263	264.00	0.00	2.6669	4	1
263	500.00	0.00	0.7057	2	1
263	791.91	0.01	5.4682	7	1
263	263.97	0.01	3.3729	4	1
263	500.00	0.01	2.8987	4	1
263	791.84	0.02	3.9710	4	1
264	264.00	0.00	1.4114	3	1
264	500.00	0.01	2.2606	3	1
264	790.41	0.20	2.4570	3	1
264	263.97	0.01	2.6917	4	1
264	500.00	0.00	2.6728	4	1
264	791.92	0.01	1.8358	3	1
265	264.00	0.00	3.3726	5	1
265	500.00	0.00	1.4114	3	1
265	791.92	0.01	2.8074	4	1
265	264.00	0.00	1.2555	2	1
265	500.00	0.01	3.1106	4	1
265	792.00	0.00	1.2555	2	1
266	263.97	0.01	2.9005	5	1
266	500.00	0.01	4.0457	4	1
266	791.92	0.01	2.2140	4	1
266	262.97	0.39	2.1854	3	1
266	500.00	0.02	3.4945	4	1
266	791.84	0.02	1.9164	3	1
267	264.00	0.00	1.4114	3	1
267	500.00	0.00	3.3730	5	1
267	792.00	0.00	1.1055	2	1
267	264.00	0.00	0.7057	2	1
267	500.00	0.04	4.2508	5	1
267	791.92	0.01	1.4154	3	1
268	263.97	0.01	1.4149	3	1
268	500.00	0.00	5.6111	4	1
268	527.95	0.01	5.0282	5	1
268	263.95	0.02	2.3450	4	1
268	500.00	0.00	4.2787	4	1
268	792.00	0.00	5.5248	6	1
269	264.00	0.00	1.4114	3	1
269	500.00	0.00	3.2892	4	1
269	791.92	0.01	3.6247	4	1
269	263.97	0.01	4.8084	6	1
269	500.00	0.01	3.9957	5	1
269	791.68	0.04	4.9850	6	1
270	264.00	0.00	3.2167	4	1
270	500.00	0.00	1.9612	3	1
270	792.00	0.00	2.1281	3	1
270	264.00	0.00	2.5110	3	1
270	500.00	0.01	2.5114	3	1
270	788.99	0.38	5.7322	6	1
271	263.97	0.01	2.6685	4	1
271	500.00	0.38	5.6764	5	1
271	791.84	0.02	3.2888	4	1
271	264.00	0.00	2.6669	4	1
271	500.00	0.01	4.4158	4	1
271	792.00	0.00	1.2555	2	1
272	264.00	0.00	3.3726	5	1
272	500.00	0.00	0.8085	2	1
272	791.92	0.01	3.4158	4	1
272	264.00	0.00	1.2555	2	1
272	500.00	0.07	4.8314	4	1
272	792.00	0.00	5.0747	5	1
273	263.95	0.02	3.0512	5	1
273	500.00	0.01	4.8945	5	1
273	792.00	0.00	0.7057	2	1
273	263.97	0.01	1.4218	3	1
273	500.00	0.01	4.0656	4	1
273	792.00	0.00	3.4977	5	1
274	264.00	0.00	2.1171	4	1
274	500.00	0.01	2.6709	4	1
274	791.92	0.01	3.2744	4	1
274	264.00	0.00	1.4114	3	1
274	500.00	0.00	0.9816	2	1
274	791.92	0.01	3.9569	4	1
275	263.97	0.01	2.4341	4	1
275	500.00	0.01	2.1227	4	1
275	792.00	0.00	3.2441	4	1
275	262.97	0.39	7.5635	6	1
275	500.00	0.01	2.6506	4	1
275	791.92	0.01	5.7288	6	1
276	264.00	0.00	2.1171	4	1
276	500.00	0.01	5.9515	7	1
276	791.92	0.01	2.8730	3	1
276	262.92	0.41	3.0145	3	1
276	500.00	0.00	3.4806	4	1
276	791.92	0.01	3.0378	4	1
277	263.97	0.01	3.5292	6	1
277	500.00	0.01	4.1055	5	1
277	792.00	0.00	3.5309	4	1
277	264.00	0.00	0.7057	2	1
277	500.00	0.00	0.9402	2	1
277	791.84	0.02	2.9222	3	1
278	263.84	0.06	2.9920	4	1
278	500.00	0.00	3.9996	4	1
278	791.92	0.01	1.4119	3	1
278	263.95	0.02	3.6514	4	1
278	500.00	0.01	3.2942	3	1
278	791.68	0.04	3.1223	4	1
279	263.95	0.02	3.5004	4	1
279	500.00	0.01	3.7446	5	1
279	791.84	0.02	3.2614	4	1
279	263.97	0.01	2.0885	3	1
279	500.00	0.39	2.4614	3	1
279	792.00	0.00	1.2560	2	1
280	263.97	0.01	1.4145	3	1
280	500.00	0.00	3.6342	4	1
280	792.00	0.00	3.6351	4	1
280	263.97	0.01	1.4137	3	1
280	500.00	0.00	1.6863	3	1
280	792.00	0.00	2.5110	3	1
281	263.97	0.01	1.2560	2	1
281	500.00	0.00	0.7057	2	1
281	792.00	0.00	0.7057	2	1
281	263.97	0.01	2.6679	4	1
281	500.00	0.00	0.8484	2	1
281	791.68	0.04	2.5834	4	1
282	263.97	0.01	2.5120	4	1
282	500.00	0.00	0.9067	2	1
282	788.99	0.38	4.0630	5	1
282	263.97	0.01	4.4733	4	1
282	500.00	0.01	2.8363	4	1
282	792.00	0.00	0.7644	2	1
283	263.97	0.01	1.4119	3	1
283	500.00	0.01	1.0006	2	1
283	791.92	0.01	4.5817	6	1
283	263.95	0.02	2.3574	4	1
283	500.00	0.00	0.9928	2	1
283	791.84	0.02	3.2665	4	1
284	263.97	0.01	3.6210	6	1
284	500.00	0.01	2.1823	4	1
284	792.00	0.00	1.4114	3	1
284	263.95	0.02	2.9052	4	1
284	500.00	0.01	1.1272	2	1
284	791.92	0.01	2.8549	4	1
285	262.84	0.44	6.6913	5	1
285	500.00	0.01	3.1596	4	1
285	832.82	0.38	6.4293	6	1
285	264.00	0.00	3.0754	4	1
285	500.00	0.01	3.1742	3	1
285	832.82	0.38	6.9140	6	1
286	263.97	0.01	3.4013	5	1
286	500.00	0.00	1.9542	3	1
286	791.84	0.02	4.4101	5	1
286	264.00	0.00	1.2555	2	1
286	500.00	0.01	4.5436	5	1
286	791.92	0.01	1.5419	3	1
287	264.00	0.00	1.4114	3	1
287	500.00	0.39	4.1543	5	1
287	792.00	0.00	2.0243	3	1
287	263.95	0.02	2.8039	4	1
287	500.00	0.01	2.1078	3	1
287	791.92	0.01	1.3193	2	1
288	264.00	0.00	1.9612	3	1
288	500.00	0.01	3.3481	4	1
288	792.00	0.00	5.2827	6	1
288	264.00	0.00	2.5110	3	1
288	500.00	0.00	1.1061	2	1
288	792.00	0.00	4.0268	4	1
289	263.00	0.38	1.4669	2	1
289	500.00	0.01	2.5979	3	1
289	791.92	0.01	4.7728	7	1
289	263.95	0.02	1.6495	3	1
289	500.00	0.04	4.5606	4	1
289	791.92	0.01	2.3403	4	1
290	263.95	0.02	2.8039	4	1
290	500.00	0.00	2.5110	3	1
290	792.00	0.00	4.2638	5	1
290	263.87	0.05	2.8426	4	1
290	500.00	0.00	4.0413	4	1
290	792.00	0.00	1.2555	2	1
291	264.00	0.00	1.4114	3	1
291	500.00	0.38	6.0464	5	1
291	792.00	0.00	4.4204	5	1
291	263.50	0.19	1.2965	2	1
291	500.00	0.00	4.0122	3	1
291	792.00	0.00	2.8255	3	1
292	264.00	0.00	1.4114	3	1
292	500.00	0.00	1.8700	3	1
292	791.92	0.01	3.2412	4	1
292	263.97	0.01	2.8235	5	1
292	500.00	0.01	3.7567	4	1
292	792.00	0.00	1.0141	2	1
293	264.00	0.00	3.5549	5	1
293	500.00	0.01	2.5936	3	1
293	788.99	0.38	4.5706	4	1
293	263.89	0.04	2.1444	3	1
293	500.00	0.00	3.0236	3	1
293	791.68	0.04	3.3580	3	1
294	264.00	0.00	2.1171	4	1
294	500.00	0.04	5.1402	5	1
294	791.92	0.01	3.5790	4	1
294	263.89	0.04	3.7005	5	1
294	500.00	0.00	2.9285	4	1
294	792.00	0.00	3.9970	4	1
295	262.92	0.41	3.1711	4	1
295	500.00	0.01	2.1069	3	1
295	791.92	0.01	3.6390	4	1
295	263.97	0.01	1.4119	3	1
295	500.00	0.01	2.1931	4	1
295	792.00	0.00	3.0889	3	1
296	263.97	0.01	2.8946	5	1
296	500.00	0.00	2.1167	3	1
296	791.92	0.01	2.8762	4	1
296	263.95	0.02	2.3450	4	1
296	500.00	0.00	4.0000	5	1
296	792.00	0.00	0.7057	2	1
297	262.34	0.63	2.7151	3	1
297	500.00	0.01	2.3863	3	1
297	791.84	0.02	0.9494	2	1
297	263.00	0.38	6.3046	7	1
297	500.00	0.00	1.2478	2	1
297	788.83	0.40	2.8768	3	1
298	264.00	0.00	1.9612	3	1
298	500.00	0.01	4.0024	4	1
298	791.92	0.01	2.4914	4	1
298	263.95	0.02	3.4551	4	1
298	500.00	0.01	3.2936	4	1
298	788.91	0.39	5.2024	6	1
299	263.97	0.01	4.6289	6	1
299	500.00	0.01	4.6610	4	1
299	792.00	0.00	2.2258	3	1
299	264.00	0.00	2.6669	3	1
299	500.00	0.01	4.7530	4	1
299	791.92	0.01	4.3721	5	1
300	264.00	0.00	0.7057	2	1
300	500.00	0.00	2.6679	4	1
300	791.92	0.01	3.4258	4	1
300	263.95	0.02	2.3670	4	1
300	500.00	0.45	6.0442	5	1
300	792.00	0.00	1.0722	2	1
301	263.97	0.01	3.5601	5	1
301	500.00	0.38	6.2101	5	1
301	792.00	0.00	2.4641	3	1
301	262.86	0.43	7.3587	5	1
301	500.00	0.01	3.1798	3	1
301	788.99	0.38	5.5879	4	1
302	264.00	0.00	1.4114	3	1
302	500.00	0.00	1.4847	3	1
302	791.84	0.02	2.5282	4	1
302	263.97	0.01	3.3890	5	1
302	500.00	0.01	4.7859	6	1
302	788.91	0.39	4.5321	5	1
303	263.97	0.01	3.1068	4	1
303	500.00	0.01	1.9271	3	1
303	791.60	0.05	2.3134	3	1
303	263.97	0.01	2.5566	3	1
303	500.00	0.41	2.6921	3	1
303	791.92	0.01	1.6067	3	1
304	263.97	0.01	3.2262	4	1
304	500.00	0.00	4.3810	4	1
304	792.00	0.00	4.0716	4	1
304	264.00	0.00	1.9635	3	1
304	500.00	0.00	3.4784	3	1
304	791.92	0.01	2.7646	3	1
305	263.97	0.01	1.4220	3	1
305	500.00	0.00	3.9029	5	1
305	792.00	0.00	2.2846	3	1
305	264.00	0.00	1.9612	3	1
305	500.00	0.02	3.3538	4	1
305	792.00	0.00	2.8343	3	1
306	263.97	0.01	2.1460	4	1
306	500.00	0.00	2.2229	3	1
306	791.92	0.01	2.4498	3	1
306	264.00	0.00	0.7057	2	1
306	500.00	0.01	4.1845	4	1
306	792.00	0.00	3.3904	4	1
307	264.00	0.00	1.9612	3	1
307	500.00	0.00	0.7057	2	1
307	792.00	0.00	1.4933	3	1
307	264.00	0.00	2.5110	3	1
307	500.00	0.01	2.6705	4	1
307	791.84	0.02	0.9437	2	1
308	263.00	0.38	2.8837	4	1
308	500.00	0.01	5.4451	6	1
308	791.92	0.01	3.0861	4	1
308	263.97	0.01	2.0388	3	1
308	500.00	0.00	1.6732	3	1
308	791.92	0.01	3.3183	5	1
309	263.00	0.38	4.6959	5	1
309	500.00	0.38	5.2736	6	1
309	791.92	0.01	3.3733	5	1
309	264.00	0.00	2.5110	3	1
309	500.00	0.00	1.8290	3	1
309	791.92	0.01	1.5962	3	1
310	263.95	0.02	2.6677	3	1
310	500.00	0.00	1.8165	3	1
310	791.68	0.04	2.3620	3	1
310	264.00	0.00	3.2170	4	1
310	500.00	0.00	2.2692	3	1
310	791.84	0.02	2.5822	3	1
311	264.00	0.00	3.1917	4	1
311	500.00	0.00	4.1088	4	1
311	792.00	0.00	2.4335	4	1
311	263.95	0.02	2.6424	3	1
311	500.00	0.00	4.8145	4	1
311	791.92	0.01	3.4559	4	1
312	264.00	0.00	1.4114	3	1
312	500.00	0.00	0.8484	2	1
312	792.00	0.00	1.7779	3	1
312	263.97	0.01	1.4149	3	1
312	500.00	0.01	3.6374	4	1
312	792.00	0.00	3.2696	4	1
313	262.86	0.43	5.2755	5	1
313	500.00	0.00	0.7057	2	1
313	792.00	0.00	1.5948	3	1
313	264.00	0.00	1.2555	2	1
313	500.00	0.02	2.9052	4	1
313	788.99	0.38	5.7176	7	1
314	263.97	0.01	1.8079	3	1
314	500.00	0.40	7.8225	5	1
314	792.00	0.00	4.2869	4	1
314	263.97	0.01	2.5138	3	1
314	500.00	0.01	4.0379	4	1
314	791.92	0.01	2.8238	3	1
315	263.00	0.38	3.4584	4	1
315	500.00	0.01	4.4596	6	1
315	792.00	0.00	1.7165	3	1
315	264.00	0.00	1.2555	2	1
315	500.00	0.00	2.3008	3	1
315	791.84	0.02	2.7580	4	1
316	263.95	0.02	3.4447	4	1
316	500.00	0.02	2.5001	4	1
316	788.99	0.38	3.7761	5	1
316	264.00	0.00	2.7978	4	1
316	500.00	0.00	0.8484	2	1
316	791.92	0.01	0.7059	2	1
317	263.95	0.02	3.7570	6	1
317	500.00	0.00	2.3008	3	1
317	792.00	0.00	0.7057	2	1
317	263.97	0.01	1.4218	3	1
317	500.00	0.00	3.0065	3	1
317	791.92	0.01	3.2703	4	1
318	263.97	0.01	1.9687	3	1
318	500.00	0.00	1.0533	2	1
318	791.92	0.01	2.3344	3	1
318	263.97	0.01	1.9664	3	1
318	500.00	0.00	3.3673	5	1
318	792.00	0.00	0.7481	2	1
319	263.97	0.01	3.6231	6	1
319	500.00	0.01	3.4464	4	1
319	792.00	0.00	2.1444	3	1
319	263.95	0.02	2.3555	4	1
319	500.00	0.00	2.4655	3	1
319	791.84	0.02	4.6683	5	1
320	264.00	0.00	2.2919	4	1
320	500.00	0.01	5.4929	7	1
320	792.00	0.00	3.1379	5	1
320	263.89	0.04	2.9988	4	1
320	500.00	0.01	6.7488	7	1
320	791.92	0.01	3.9382	4	1
321	262.97	0.39	8.1844	6	1
321	500.00	0.00	3.2251	4	1
321	792.00	0.00	1.5368	3	1
321	263.97	0.01	4.4728	6	1
321	500.00	0.38	5.6887	5	1
321	791.68	0.04	3.3431	4	1
322	263.97	0.01	3.3834	5	1
322	500.00	0.01	2.9110	5	1
322	792.00	0.00	3.5140	4	1
322	264.00	0.00	1.4114	3	1
322	500.00	0.01	0.8931	2	1
322	791.92	0.01	4.1785	4	1
323	264.00	0.00	2.5112	4	1
323	500.00	0.01	2.8602	4	1
323	788.91	0.39	4.0834	4	1
323	263.97	0.01	3.9230	5	1
323	500.00	0.02	3.2198	4	1
323	791.92	0.01	3.8326	5	1
324	263.97	0.01	1.4116	3	1
324	500.00	0.01	4.9467	6	1
324	791.92	0.01	3.1139	4	1
324	264.00	0.00	1.9612	3	1
324	500.00	0.01	2.2014	3	1
324	791.92	0.01	4.4734	4	1
325	264.00	0.00	3.2167	4	1
325	500.00	0.01	2.9810	4	1
325	792.00	0.00	4.6646	5	1
325	264.00	0.00	3.9224	4	1
325	500.00	0.01	3.1081	3	1
325	791.92	0.01	4.7982	4	1
326	262.97	0.39	4.1090	5	1
326	500.00	0.00	4.8673	5	1
326	791.92	0.01	3.7032	4	1
326	264.00	0.00	2.1171	4	1
326	500.00	0.01	3.9000	3	1
326	791.92	0.01	5.4555	5	1
327	263.97	0.01	3.5294	6	1
327	500.00	0.01	4.5000	5	1
327	791.68	0.04	1.3995	2	1
327	264.00	0.00	0.7057	2	1
327	500.00	0.00	2.8115	3	1
327	791.92	0.01	3.0084	5	1
328	263.95	0.02	2.8089	4	1
328	500.00	0.00	2.3008	3	1
328	791.92	0.01	2.3326	3	1
328	263.97	0.01	4.0541	6	1
328	500.00	0.01	4.3588	5	1
328	791.68	0.04	3.6325	4	1
329	263.95	0.02	2.8089	4	1
329	500.00	0.00	2.3008	3	1
329	791.92	0.01	2.3326	3	1
329	263.97	0.01	4.0541	6	1
329	500.00	0.01	4.3588	5	1
329	791.68	0.04	3.6325	4	1
330	262.86	0.43	6.3555	5	1
330	500.00	0.01	4.0031	5	1
330	791.84	0.02	3.0702	5	1
330	263.00	0.38	4.8854	5	1
330	500.00	0.01	2.1177	4	1
330	792.00	0.00	0.8890	2	1
331	264.00	0.00	2.6669	4	1
331	500.00	0.00	1.9612	3	1
331	792.00	0.00	1.9739	3	1
331	263.89	0.04	3.5488	3	1
331	500.00	0.00	2.5369	3	1
331	791.92	0.01	4.1671	5	1
332	264.00	0.00	1.4114	3	1
332	500.00	0.00	4.6295	4	1
332	792.00	0.00	5.6294	5	1
332	263.95	0.02	2.8972	4	1
332	500.00	0.01	5.1901	4	1
332	791.92	0.01	4.5022	4	1
333	264.00	0.00	1.9612	3	1
333	500.00	0.01	2.8093	4	1
333	791.92	0.01	3.7157	5	1
333	264.00	0.00	3.2167	4	1
333	500.00	0.01	4.6172	4	1
333	792.00	0.00	0.8908	2	1
334	263.97	0.01	4.0791	6	1
334	500.00	0.01	2.6738	3	1
334	791.92	0.01	4.8185	6	1
334	264.00	0.00	1.9612	3	1
334	500.00	0.00	1.6879	2	1
334	791.84	0.02	3.5885	4	1
335	263.81	0.07	4.2746	4	1
335	500.00	0.01	4.3798	5	1
335	792.00	0.00	4.1662	5	1
335	264.00	0.00	3.3729	5	1
335	500.00	0.00	3.3555	4	1
335	791.92	0.01	4.3772	5	1
336	263.97	0.01	2.8987	5	1
336	500.00	0.00	2.6433	3	1
336	792.00	0.00	2.1368	3	1
336	263.97	0.01	2.1177	4	1
336	500.00	0.01	1.3840	2	1
336	791.68	0.04	3.7337	4	1
337	264.00	0.00	1.9612	3	1
337	500.00	0.00	3.2232	4	1
337	791.84	0.02	3.0336	4	1
337	264.00	0.00	2.5110	3	1
337	500.00	0.01	3.9558	4	1
337	791.84	0.02	3.8070	3	1
338	262.97	0.39	4.8031	6	1
338	500.00	0.02	2.8106	3	1
338	792.00	0.00	3.4297	5	1
338	264.00	0.00	2.1171	4	1
338	500.00	0.00	0.7057	2	1
338	791.92	0.01	2.3037	3	1
339	264.00	0.00	0.7057	2	1
339	500.00	0.01	5.9423	6	1
339	791.92	0.01	3.7214	4	1
339	264.00	0.00	1.2555	2	1
339	500.00	0.38	6.0871	6	1
339	791.92	0.01	4.5809	5	1
340	263.97	0.01	1.4347	3	1
340	500.00	0.01	3.9283	4	1
340	791.92	0.01	2.7545	4	1
340	264.00	0.00	1.4114	3	1
340	500.00	0.00	3.3782	3	1
340	791.92	0.01	2.9432	4	1
341	263.97	0.01	2.8235	5	1
341	500.00	0.01	4.8482	6	1
341	788.99	0.38	4.3824	5	1
341	264.00	0.00	0.7057	2	1
341	500.00	0.00	4.8477	5	1
341	791.84	0.02	4.8265	5	1
342	264.00	0.00	2.1171	4	1
342	500.00	0.04	5.3612	5	1
342	792.00	0.00	0.8910	2	1
342	263.97	0.01	2.7124	4	1
342	500.00	0.01	4.4563	4	1
342	791.92	0.01	2.7647	3	1
343	263.97	0.01	3.7836	4	1
343	500.00	0.00	1.4114	3	1
343	791.84	0.02	2.5563	3	1
343	263.95	0.02	4.7172	5	1
343	500.00	0.00	3.4112	4	1
343	791.92	0.01	3.6317	4	1
344	264.00	0.00	0.7057	2	1
344	500.00	0.00	3.0249	4	1
344	788.91	0.39	5.5286	7	1
344	264.00	0.00	2.1171	4	1
344	500.00	0.01	2.8744	3	1
344	791.84	0.02	1.7754	3	1
345	263.97	0.01	3.2172	5	1
345	500.00	0.00	3.9468	4	1
345	792.00	0.00	2.2912	3	1
345	263.97	0.01	5.3349	7	1
345	500.00	0.04	4.4983	4	1
345	791.84	0.02	2.3307	3	1
346	264.00	0.00	1.8053	3	1
346	500.00	0.00	4.3809	4	1
346	791.68	0.04	4.0307	4	1
346	264.00	0.00	2.5110	3	1
346	500.00	0.00	5.3761	4	1
346	792.00	0.00	3.4794	4	1
347	264.00	0.00	3.4017	4	1
347	500.00	0.02	2.9091	4	1
347	792.00	0.00	0.7079	2	1
347	263.89	0.04	3.9530	4	1
347	500.00	0.00	1.4153	2	1
347	792.00	0.00	0.7057	2	1
348	264.00	0.00	1.4114	3	1
348	500.00	0.01	2.5791	3	1
348	792.00	0.00	0.7057	2	1
348	263.97	0.01	2.6687	4	1
348	500.00	0.01	3.9910	5	1
348	792.00	0.00	1.9612	3	1
349	264.00	0.00	0.7057	2	1
349	500.00	0.01	1.8063	3	1
349	792.00	0.00	0.7057	2	1
349	264.00	0.00	0.7057	2	1
349	500.00	0.00	1.2555	2	1
349	791.84	0.02	1.6495	3	1
350	262.97	0.39	4.8654	6	1
350	500.00	0.01	3.6265	5	1
350	791.92	0.01	4.0634	4	1
350	264.00	0.00	1.4114	3	1
350	500.00	0.38	4.5971	5	1
350	791.92	0.01	3.1743	4	1
351	263.95	0.02	1.6872	3	1
351	500.00	0.00	1.4114	3	1
351	792.00	0.00	1.4114	3	1
351	263.97	0.01	3.6486	6	1
351	500.00	0.01	2.8235	5	1
351	792.00	0.00	0.7057	2	1
352	264.00	0.00	1.4114	3	1
352	500.00	0.01	5.2435	5	1
352	792.00	0.00	0.7057	2	1
352	262.97	0.39	2.8939	4	1
352	500.00	0.38	6.3755	6	1
352	791.92	0.01	3.9301	5	1
353	264.00	0.00	1.4114	3	1
353	500.00	0.00	0.7057	2	1
353	792.00	0.00	2.2233	4	1
353	264.00	0.00	0.7057	2	1
353	500.00	0.00	1.9612	3	1
353	791.92	0.01	3.8810	6	1
354	263.95	0.02	2.0980	3	1
354	500.00	0.01	3.0903	4	1
354	791.92	0.01	2.7468	4	1
354	263.97	0.01	2.8235	5	1
354	500.00	0.00	0.7704	2	1
354	792.00	0.00	2.6942	3	1
355	264.00	0.00	2.1171	4	1
355	500.00	0.00	2.8890	3	1
355	791.92	0.01	3.0377	4	1
355	264.00	0.00	1.4114	3	1
355	500.00	0.01	2.5416	3	1
355	788.99	0.38	5.8462	5	1
356	264.00	0.00	2.6733	4	1
356	500.00	0.01	3.5694	5	1
356	788.99	0.38	4.2748	5	1
356	263.97	0.01	1.9678	3	1
356	500.00	0.00	0.7057	2	1
356	791.84	0.02	2.9691	4	1
357	263.97	0.01	4.0006	5	1
357	500.00	0.01	2.6316	4	1
357	791.92	0.01	1.7636	3	1
357	263.97	0.01	5.3305	5	1
357	500.00	0.00	1.1010	2	1
357	792.00	0.00	2.3132	3	1
358	263.95	0.02	3.0508	5	1
358	500.00	0.01	2.1177	4	1
358	790.41	0.20	1.3008	2	1
358	264.00	0.00	0.7057	2	1
358	500.00	0.00	0.7057	2	1
358	792.00	0.00	0.7057	2	1
359	264.00	0.00	3.9224	5	1
359	500.00	0.00	4.3404	4	1
359	792.00	0.00	3.9944	4	1
359	263.97	0.01	4.8503	4	1
359	500.00	0.02	5.0471	5	1
359	792.00	0.00	5.1979	5	1
360	264.00	0.00	3.0608	4	1
360	500.00	0.01	5.7461	6	1
360	792.00	0.00	2.5444	4	1
360	263.97	0.01	4.3167	4	1
360	500.00	0.01	4.0633	4	1
360	788.99	0.38	5.7589	6	1
361	263.95	0.02	2.6682	3	1
361	500.00	0.01	3.2604	4	1
361	792.00	0.00	2.2757	3	1
361	263.97	0.01	3.9235	5	1
361	500.00	0.01	1.9640	3	1
361	791.92	0.01	5.2827	7	1
362	264.00	0.00	1.4114	3	1
362	500.00	0.01	3.2963	4	1
362	791.92	0.01	3.4455	4	1
362	263.97	0.01	3.4603	5	1
362	500.00	0.00	1.3202	2	1
362	791.68	0.04	2.3732	3	1
363	263.97	0.01	2.6693	4	1
363	500.00	0.00	2.0222	3	1
363	791.44	0.07	4.1517	4	1
363	263.97	0.01	1.9732	3	1
363	500.00	0.01	3.3660	4	1
363	791.84	0.02	4.0977	5	1
364	264.00	0.00	1.4114	3	1
364	500.00	0.01	3.4429	5	1
364	791.68	0.04	4.7135	6	1
364	264.00	0.00	1.2555	2	1
364	500.00	0.00	1.1972	2	1
364	791.68	0.04	3.2103	4	1
365	263.97	0.01	3.7682	5	1
365	500.00	0.01	4.8481	6	1
365	792.00	0.00	2.9516	4	1
365	264.00	0.00	3.7664	4	1
365	500.00	0.01	2.3930	4	1
365	791.92	0.01	1.2667	2	1
366	263.97	0.01	2.6722	4	1
366	500.00	0.00	3.3593	4	1
366	792.00	0.00	2.6365	3	1
366	264.00	0.00	1.2555	2	1
366	500.00	0.38	4.7826	4	1
366	792.00	0.00	1.5643	2	1
367	263.97	0.01	2.8062	4	1
367	500.00	0.39	2.8939	4	1
367	791.92	0.01	3.1706	5	1
367	263.95	0.02	2.8065	4	1
367	500.00	0.02	1.6391	3	1
367	792.00	0.00	0.7680	2	1
368	263.97	0.01	2.1207	4	1
368	500.00	0.01	2.2739	3	1
368	791.92	0.01	4.9733	7	1
368	263.97	0.01	2.1177	4	1
368	500.00	0.00	0.7057	2	1
368	792.00	0.00	2.1171	4	1
369	263.97	0.01	1.9817	3	1
369	500.00	0.02	2.5796	4	1
369	792.00	0.00	0.7416	2	1
369	263.95	0.02	2.2135	3	1
369	500.00	0.01	3.9180	5	1
369	792.00	0.00	2.1804	3	1
370	264.00	0.00	3.2167	4	1
370	500.00	0.01	4.1061	4	1
370	791.84	0.02	2.5352	4	1
370	264.00	0.00	2.5110	3	1
370	500.00	0.01	4.1061	3	1
370	788.43	0.45	4.4159	5	1
371	264.00	0.00	1.4114	3	1
371	500.00	0.00	3.0844	4	1
371	792.00	0.00	1.6466	3	1
371	264.00	0.00	2.6669	4	1
371	500.00	0.00	2.3787	3	1
371	792.00	0.00	2.9021	4	1
372	263.97	0.01	1.4170	3	1
372	500.00	0.00	0.7057	2	1
372	791.92	0.01	0.7082	2	1
372	263.00	0.38	1.8919	2	1
372	500.00	0.01	1.9653	3	1
372	792.00	0.00	0.7057	2	1
373	263.97	0.01	3.9385	5	1
373	500.00	0.00	0.7057	2	1
373	791.92	0.01	3.4778	4	1
373	263.97	0.01	3.2328	4	1
373	500.00	0.01	2.1871	4	1
373	791.92	0.01	2.1911	3	1
374	263.00	0.38	2.0188	2	1
374	500.00	0.01	1.4116	3	1
374	791.92	0.01	2.2834	4	1
374	263.97	0.01	1.4166	3	1
374	500.00	0.01	3.3730	5	1
374	792.00	0.00	0.8613	2	1
375	264.00	0.00	3.2167	4	1
375	500.00	0.00	4.8947	5	1
375	792.00	0.00	1.7181	3	1
375	264.00	0.00	2.6669	3	1
375	500.00	0.01	3.2088	3	1
375	792.00	0.00	3.0255	4	1
376	263.97	0.01	2.1177	4	1
376	500.00	0.00	1.6853	3	1
376	791.92	0.01	2.4044	3	1
376	262.97	0.39	2.6925	3	1
376	500.00	0.00	1.7633	3	1
376	792.00	0.00	0.7057	2	1
377	263.97	0.01	2.2117	4	1
377	500.00	0.01	5.3067	6	1
377	791.68	0.04	4.7276	6	1
377	263.95	0.02	2.3670	4	1
377	500.00	0.01	1.7369	2	1
377	791.92	0.01	0.7072	2	1
378	263.97	0.01	3.2171	4	1
378	500.00	0.01	4.2820	4	1
378	791.92	0.01	3.5567	5	1
378	264.00	0.00	2.6669	3	1
378	500.00	0.01	3.3653	4	1
378	792.00	0.00	2.6675	3	1
379	263.97	0.01	1.2610	2	1
379	500.00	0.01	4.5099	7	1
379	791.92	0.01	0.8822	2	1
379	264.00	0.00	0.7057	2	1
379	500.00	0.00	1.4114	3	1
379	792.00	0.00	1.8024	3	1
380	264.00	0.00	3.9240	5	1
380	500.00	0.00	3.1084	4	1
380	791.92	0.01	4.6559	5	1
380	263.97	0.01	2.5129	3	1
380	500.00	0.00	3.1863	3	1
380	792.00	0.00	3.4273	4	1
381	264.00	0.00	3.9240	5	1
381	500.00	0.00	3.1084	4	1
381	791.92	0.01	4.6559	5	1
381	263.97	0.01	2.5129	3	1
381	500.00	0.00	3.1863	3	1
381	792.00	0.00	3.4273	4	1
382	263.95	0.02	3.6111	5	1
382	500.00	0.00	2.2228	3	1
382	792.00	0.00	3.4461	4	1
382	264.00	0.00	1.9612	3	1
382	500.00	0.01	3.5622	4	1
382	791.92	0.01	3.1075	4	1
383	263.97	0.01	2.0096	3	1
383	500.00	0.02	0.9814	2	1
383	791.92	0.01	2.7405	3	1
383	263.97	0.01	0.7062	2	1
383	500.00	0.01	1.8395	3	1
383	791.92	0.01	4.0485	5	1
384	264.00	0.00	3.3728	5	1
384	500.00	0.61	1.6203	2	1
384	791.84	0.02	1.6495	3	1
384	263.97	0.01	1.9618	3	1
384	500.00	0.00	0.7057	2	1
384	792.00	0.00	0.7057	2	1
385	263.97	0.01	3.3834	5	1
385	500.00	0.00	2.8904	3	1
385	791.84	0.02	4.0280	4	1
385	263.97	0.01	3.9332	5	1
385	500.00	0.01	2.8140	3	1
385	791.92	0.01	2.6181	3	1
386	263.97	0.01	2.6786	4	1
386	500.00	0.00	0.7057	2	1
386	791.92	0.01	1.4119	3	1
386	264.00	0.00	1.4114	3	1
386	500.00	0.00	1.9612	3	1
386	791.92	0.01	0.7081	2	1
387	263.97	0.01	2.5144	4	1
387	500.00	0.01	3.2920	4	1
387	791.92	0.01	3.8768	5	1
387	263.97	0.01	3.9259	5	1
387	500.00	0.00	2.6588	3	1
387	792.00	0.00	2.4590	3	1
388	264.00	0.00	3.3726	5	1
388	500.00	0.01	3.5089	5	1
388	792.00	0.00	3.6369	5	1
388	263.97	0.01	1.9614	3	1
388	500.00	0.01	2.3039	3	1
388	791.84	0.02	3.2061	4	1
389	264.00	0.00	3.1580	5	1
389	500.00	0.01	2.3097	3	1
389	792.00	0.00	2.1993	3	1
389	262.97	0.39	4.4359	5	1
389	500.00	0.01	5.1332	6	1
389	792.00	0.00	1.0722	2	1
390	264.00	0.00	1.4114	3	1
390	500.00	0.01	2.5130	3	1
390	791.84	0.02	0.9513	2	1
390	264.00	0.00	2.6669	4	1
390	500.00	0.04	3.7022	5	1
390	792.00	0.00	1.4114	3	1
391	264.00	0.00	0.7057	2	1
391	500.00	0.01	6.0956	7	1
391	792.00	0.00	0.8890	2	1
391	263.97	0.01	2.8235	5	1
391	500.00	0.01	3.2224	4	1
391	792.00	0.00	2.4679	3	1
392	264.00	0.00	3.7664	5	1
392	500.00	0.00	5.2755	5	1
392	791.92	0.01	4.6191	5	1
392	264.00	0.00	3.2167	4	1
392	500.00	0.02	6.2992	5	1
392	791.92	0.01	1.7463	3	1
393	263.89	0.04	1.7437	3	1
393	500.00	0.01	3.9231	5	1
393	792.00	0.00	3.6101	4	1
393	263.97	0.01	2.1947	4	1
393	500.00	0.01	2.5567	4	1
393	792.00	0.00	4.0806	5	1
394	263.97	0.01	3.3768	5	1
394	500.00	0.41	5.0396	5	1
394	791.92	0.01	0.8892	2	1
394	263.95	0.02	2.7413	3	1
394	500.00	0.00	2.1462	3	1
394	792.00	0.00	0.7057	2	1
395	264.00	0.00	1.4114	3	1
395	500.00	0.01	2.8657	3	1
395	791.84	0.02	2.4263	3	1
395	264.00	0.00	0.7057	2	1
395	500.00	0.01	3.8465	4	1
395	791.92	0.01	1.7398	3	1
396	263.89	0.04	2.8437	4	1
396	500.00	0.00	2.0927	3	1
396	791.92	0.01	3.5070	4	1
396	262.97	0.39	4.9794	6	1
396	500.00	0.00	0.9806	2	1
396	791.92	0.01	3.5491	4	1
397	263.47	0.20	3.1097	3	1
397	500.00	0.00	1.9614	3	1
397	791.84	0.02	2.5844	4	1
397	264.00	0.00	2.5537	3	1
397	500.00	0.02	5.3737	5	1
397	791.92	0.01	4.0314	5	1
398	264.00	0.00	2.8228	5	1
398	500.00	0.01	2.9390	4	1
398	792.00	0.00	1.5947	3	1
398	264.00	0.00	1.4114	3	1
398	500.00	0.03	1.4067	2	1
398	791.92	0.01	3.2331	5	1
399	263.97	0.01	3.9255	5	1
399	500.00	0.01	6.3379	7	1
399	791.92	0.01	5.7637	5	1
399	263.97	0.01	3.3757	4	1
399	500.00	0.01	3.6704	3	1
399	791.92	0.01	4.5324	5	1
400	263.97	0.01	3.8457	4	1
400	500.00	0.00	4.4371	5	1
400	791.92	0.01	4.8700	5	1
400	263.97	0.01	3.9249	5	1
400	500.00	0.02	0.9814	2	1
400	791.84	0.02	4.9187	4	1
401	264.00	0.00	0.7057	2	1
401	500.00	0.01	4.2902	6	1
401	791.92	0.01	2.2278	3	1
401	263.97	0.01	1.4166	3	1
401	500.00	0.00	0.7057	2	1
401	792.00	0.00	3.4037	4	1
402	263.97	0.01	2.6762	4	1
402	500.00	0.01	3.7374	5	1
402	792.00	0.00	2.9815	4	1
402	263.97	0.01	1.4137	3	1
402	500.00	0.00	0.8484	2	1
402	792.00	0.00	2.1444	3	1
403	263.97	0.01	2.9005	5	1
403	500.00	0.00	4.1642	5	1
403	791.92	0.01	2.0895	3	1
403	264.00	0.00	0.7057	2	1
403	500.00	0.00	1.3981	2	1
403	791.68	0.04	2.3897	3	1
404	262.97	0.39	2.8939	4	1
404	500.00	0.00	2.3950	3	1
404	791.92	0.01	2.8659	4	1
404	263.97	0.01	0.7303	2	1
404	500.00	0.01	2.3962	4	1
404	791.92	0.01	1.2801	2	1
405	264.00	0.00	1.4114	3	1
405	500.00	0.00	1.1887	2	1
405	791.92	0.01	2.7709	3	1
405	264.00	0.00	0.7057	2	1
405	500.00	0.00	0.7057	2	1
405	791.84	0.02	2.1890	3	1
406	264.00	0.00	2.8228	5	1
406	500.00	0.00	1.8091	3	1
406	788.99	0.38	4.8917	6	1
406	262.97	0.39	2.6773	3	1
406	500.00	0.00	0.9065	2	1
406	791.68	0.04	1.0325	2	1
407	264.00	0.00	2.5130	4	1
407	500.00	0.01	4.4186	6	1
407	792.00	0.00	3.0565	4	1
407	263.97	0.01	3.2191	4	1
407	500.00	0.00	0.8484	2	1
407	791.84	0.02	2.2719	3	1
408	263.97	0.01	2.6774	4	1
408	500.00	0.38	7.2191	6	1
408	792.00	0.00	2.5923	3	1
408	264.00	0.00	1.9612	3	1
408	500.00	0.01	3.9296	4	1
408	791.92	0.01	2.8798	3	1
409	263.97	0.01	3.4486	5	1
409	500.00	0.00	2.2228	3	1
409	792.00	0.00	1.7259	3	1
409	264.00	0.00	1.2555	2	1
409	500.00	0.01	3.9099	5	1
409	792.00	0.00	2.9814	4	1
410	264.00	0.00	1.4114	3	1
410	500.00	0.39	3.7183	4	1
410	791.92	0.01	3.5157	5	1
410	263.97	0.01	2.6698	4	1
410	500.00	0.01	2.0288	3	1
410	791.92	0.01	3.6237	4	1
411	263.87	0.05	1.7612	3	1
411	500.00	0.02	4.7023	4	1
411	791.92	0.01	1.9701	3	1
411	264.00	0.00	2.3101	4	1
411	500.00	0.01	4.5836	4	1
411	791.84	0.02	3.8730	4	1
412	262.97	0.39	4.3109	6	1
412	500.00	0.01	3.1228	4	1
412	791.92	0.01	2.9005	5	1
412	263.95	0.02	2.3553	4	1
412	500.00	0.00	1.7109	2	1
412	792.00	0.00	1.4114	3	1
413	263.97	0.01	1.4145	3	1
413	500.00	0.00	3.3607	4	1
413	791.92	0.01	3.3519	4	1
413	263.97	0.01	2.9028	5	1
413	500.00	0.01	3.4768	5	1
413	792.00	0.00	3.8725	4	1
414	263.97	0.01	2.7124	4	1
414	500.00	0.01	4.4176	4	1
414	791.68	0.04	4.3055	4	1
414	264.00	0.00	1.4114	3	1
414	500.00	0.01	4.8475	5	1
414	792.00	0.00	5.4800	5	1
415	263.97	0.01	3.2196	4	1
415	500.00	0.04	2.9099	3	1
415	792.00	0.00	0.7057	2	1
415	264.00	0.00	2.6695	3	1
415	500.00	0.00	2.7488	3	1
415	791.92	0.01	2.9178	4	1
416	263.97	0.01	2.1207	4	1
416	500.00	0.01	4.9427	5	1
416	791.92	0.01	4.9470	5	1
416	262.97	0.39	3.4458	4	1
416	500.00	0.01	4.9425	4	1
416	791.68	0.04	3.7443	4	1
417	263.00	0.38	7.6248	6	1
417	500.00	0.01	2.1177	4	1
417	788.99	0.38	6.1934	6	1
417	264.00	0.00	4.4742	5	1
417	500.00	0.00	0.7057	2	1
417	792.00	0.00	1.8573	3	1
418	264.00	0.00	4.6280	6	1
418	500.00	0.01	7.1712	6	1
418	791.92	0.01	2.7655	3	1
418	264.00	0.00	4.0783	5	1
418	500.00	0.00	3.7538	4	1
418	791.92	0.01	4.6750	5	1
419	264.00	0.00	1.4114	3	1
419	500.00	0.01	3.8004	4	1
419	791.68	0.04	3.1974	3	1
419	263.97	0.01	2.1189	4	1
419	500.00	0.01	4.3529	3	1
419	792.00	0.00	2.7952	3	1
420	264.00	0.00	1.4114	3	1
420	500.00	0.02	2.7441	3	1
420	791.84	0.02	2.2321	3	1
420	264.00	0.00	0.7057	2	1
420	500.00	0.02	4.5906	4	1
420	792.00	0.00	2.2221	3	1
421	264.00	0.00	0.7057	2	1
421	500.00	0.01	1.0565	2	1
421	791.92	0.01	3.7683	5	1
421	263.97	0.01	2.6737	4	1
421	500.00	0.01	2.3507	3	1
421	791.60	0.05	3.4643	4	1
422	263.97	0.01	3.2203	4	1
422	500.00	0.01	3.3995	5	1
422	791.92	0.01	1.4117	3	1
422	263.97	0.01	2.6705	4	1
422	500.00	0.01	1.9652	3	1
422	792.00	0.00	1.4114	3	1
423	264.00	0.00	2.6669	4	1
423	500.00	0.01	4.6073	4	1
423	791.92	0.01	3.3730	4	1
423	263.89	0.04	2.9945	4	1
423	500.00	0.01	3.6250	3	1
423	791.68	0.04	4.6300	5	1
424	264.00	0.00	1.9685	3	1
424	500.00	0.01	1.6712	3	1
424	791.92	0.01	4.1173	6	1
424	263.95	0.02	3.4668	4	1
424	500.00	0.01	4.3573	6	1
424	792.00	0.00	1.5707	3	1
425	263.97	0.01	5.3408	7	1
425	500.00	0.05	1.9586	3	1
425	791.92	0.01	2.9392	4	1
425	263.97	0.01	3.9266	5	1
425	500.00	0.00	1.1551	2	1
425	792.00	0.00	1.2555	2	1
426	263.97	0.01	2.1970	4	1
426	500.00	0.01	4.1875	4	1
426	792.00	0.00	1.9004	3	1
426	264.00	0.00	0.7057	2	1
426	500.00	0.00	3.9122	4	1
426	792.00	0.00	2.5022	4	1
427	263.95	0.02	3.6111	5	1
427	500.00	0.39	4.7773	6	1
427	791.92	0.01	3.2170	4	1
427	263.89	0.04	3.6853	3	1
427	500.00	0.01	1.4790	3	1
427	792.00	0.00	2.0406	3	1
428	264.00	0.00	2.6669	4	1
428	500.00	0.01	3.8078	5	1
428	792.00	0.00	3.0607	4	1
428	264.00	0.00	1.2555	2	1
428	500.00	0.01	2.7654	3	1
428	791.92	0.01	4.5047	4	1
429	263.97	0.01	3.4581	4	1
429	500.00	0.00	1.8754	3	1
429	791.84	0.02	0.9513	2	1
429	263.95	0.02	2.2004	3	1
429	500.00	0.01	3.6416	5	1
429	792.00	0.00	2.5665	4	1
430	263.97	0.01	2.7883	3	1
430	500.00	0.01	1.0500	2	1
430	791.92	0.01	2.8570	4	1
430	263.97	0.01	4.0478	5	1
430	500.00	0.00	1.0486	2	1
430	792.00	0.00	0.7057	2	1
431	264.00	0.00	0.7057	2	1
431	500.00	0.00	1.0585	2	1
431	791.92	0.01	2.2872	3	1
431	263.97	0.01	1.9615	3	1
431	500.00	0.00	2.9418	4	1
431	791.92	0.01	1.9756	3	1
432	263.95	0.02	3.0508	5	1
432	500.00	0.00	1.4114	3	1
432	790.49	0.19	2.2655	3	1
432	263.97	0.01	2.1278	4	1
432	500.00	0.01	2.6107	4	1
432	791.92	0.01	2.8145	3	1
433	264.00	0.00	1.9612	3	1
433	500.00	0.01	2.1189	4	1
433	791.92	0.01	2.3452	3	1
433	264.00	0.00	1.4114	2	1
433	500.00	0.01	4.7372	7	1
433	792.00	0.00	0.7482	2	1
434	264.00	0.00	4.0533	5	1
434	500.00	0.01	3.4463	4	1
434	791.92	0.01	3.1789	3	1
434	263.95	0.02	2.7389	3	1
434	500.00	0.00	4.4417	4	1
434	791.68	0.04	2.4739	3	1
435	264.00	0.00	2.7978	4	1
435	500.00	0.38	6.8256	6	1
435	792.00	0.00	1.9612	3	1
435	263.95	0.02	3.5042	5	1
435	500.00	0.00	4.2798	5	1
435	791.92	0.01	4.2104	5	1
436	264.00	0.00	2.5110	4	1
436	500.00	0.01	2.6801	3	1
436	792.00	0.00	0.7057	2	1
436	264.00	0.00	1.2555	2	1
436	500.00	0.01	1.9638	3	1
436	792.00	0.00	1.2555	2	1
437	264.00	0.00	1.8053	3	1
437	500.00	0.02	3.4788	5	1
437	792.00	0.00	1.7163	3	1
437	264.00	0.00	2.5110	3	1
437	500.00	0.00	1.8290	3	1
437	792.00	0.00	2.6053	4	1
438	264.00	0.00	1.4114	3	1
438	500.00	0.01	4.9537	5	1
438	791.92	0.01	2.8355	4	1
438	263.97	0.01	3.3733	5	1
438	500.00	0.00	4.0505	4	1
438	791.92	0.01	4.7964	6	1
439	264.00	0.00	1.9612	3	1
439	500.00	0.01	2.8530	3	1
439	791.92	0.01	2.9223	4	1
439	264.00	0.00	2.6669	3	1
439	500.00	0.01	4.1486	4	1
439	791.92	0.01	0.8887	2	1
440	263.97	0.01	2.6698	4	1
440	500.00	0.04	2.5867	3	1
440	792.00	0.00	0.7057	2	1
440	264.00	0.00	1.2555	2	1
440	500.00	0.01	2.4985	3	1
440	791.92	0.01	4.3566	7	1
441	264.00	0.00	0.7057	2	1
441	500.00	0.01	2.3924	4	1
441	788.59	0.43	4.5784	5	1
441	262.97	0.39	2.8939	4	1
441	500.00	0.01	5.3428	7	1
441	792.00	0.00	0.7057	2	1
442	263.95	0.02	3.3538	4	1
442	500.00	0.01	3.8068	3	1
442	792.00	0.00	3.7910	5	1
442	264.00	0.00	1.9417	3	1
442	500.00	0.00	3.8843	5	1
442	791.92	0.01	4.1074	4	1
443	264.00	0.00	1.4114	3	1
443	500.00	0.01	3.8328	4	1
443	792.00	0.00	3.0016	4	1
443	263.97	0.01	4.2350	7	1
443	500.00	0.00	3.7544	4	1
443	791.92	0.01	2.8187	3	1
444	264.00	0.00	1.9612	3	1
444	500.00	0.01	2.6305	4	1
444	791.92	0.01	3.2991	4	1
444	264.00	0.00	1.2555	2	1
444	500.00	0.00	2.5487	3	1
444	791.92	0.01	4.9979	6	1
445	264.00	0.00	2.1171	4	1
445	500.00	0.43	5.0818	5	1
445	791.84	0.02	1.8579	3	1
445	263.97	0.01	2.1177	4	1
445	500.00	0.00	0.7057	2	1
445	791.92	0.01	3.7223	6	1
446	263.97	0.01	1.4130	3	1
446	500.00	0.01	4.5153	5	1
446	792.00	0.00	0.7057	2	1
446	263.89	0.04	2.4445	4	1
446	500.00	0.01	4.7857	5	1
446	791.92	0.01	4.1064	5	1
447	256.53	2.83	3.5033	2	1
447	500.00	0.00	2.1171	4	1
447	791.92	0.01	4.7867	7	1
447	264.00	0.00	1.4114	3	1
447	500.00	0.01	4.3540	6	1
447	792.00	0.00	0.7482	2	1
448	264.00	0.00	3.0608	4	1
448	500.00	0.01	3.7713	4	1
448	792.00	0.00	2.5118	3	1
448	263.97	0.01	2.5113	3	1
448	500.00	0.01	4.9160	4	1
448	792.00	0.00	1.2555	2	1
449	264.00	0.00	2.8519	4	1
449	500.00	0.00	1.6084	3	1
449	791.92	0.01	3.0948	5	1
449	263.89	0.04	4.9710	5	1
449	500.00	0.01	2.2633	4	1
449	792.00	0.00	0.7057	2	1
450	264.00	0.00	1.4114	3	1
450	500.00	0.00	0.7555	2	1
450	791.92	0.01	3.4604	5	1
450	263.97	0.01	1.4170	3	1
450	500.00	0.05	2.5711	3	1
450	791.92	0.01	1.9869	3	1
451	263.97	0.01	4.0791	6	1
451	500.00	0.01	3.9619	5	1
451	788.91	0.39	3.0386	4	1
451	264.00	0.00	1.2555	2	1
451	500.00	0.00	2.9805	4	1
451	792.00	0.00	2.8236	4	1
452	263.97	0.01	2.8248	5	1
452	500.00	0.01	2.1167	3	1
452	792.00	0.00	3.4604	4	1
452	264.00	0.00	2.1171	4	1
452	500.00	0.01	3.4502	4	1
452	791.92	0.01	2.5200	3	1
453	263.97	0.01	2.1187	4	1
453	500.00	0.00	3.6836	4	1
453	792.00	0.00	3.7311	4	1
453	263.97	0.01	2.1177	4	1
453	500.00	0.00	1.5958	2	1
453	791.92	0.01	2.8486	3	1
454	263.97	0.01	3.4940	5	1
454	500.00	0.01	2.9029	4	1
454	791.92	0.01	4.7331	7	1
454	263.97	0.01	1.3009	2	1
454	500.00	0.00	1.9999	2	1
454	792.00	0.00	0.8565	2	1
455	263.97	0.01	2.7452	4	1
455	500.00	0.00	0.7057	2	1
455	792.00	0.00	1.9612	3	1
455	264.00	0.00	1.4114	3	1
455	500.00	0.01	2.8208	4	1
455	791.92	0.01	2.7082	3	1
456	263.97	0.01	2.5113	4	1
456	500.00	0.39	3.4070	3	1
456	788.91	0.39	4.5983	5	1
456	263.97	0.01	4.7887	5	1
456	500.00	0.00	2.6758	4	1
456	791.92	0.01	2.8046	4	1
457	263.97	0.01	2.8235	5	1
457	500.00	0.01	5.6374	5	1
457	791.92	0.01	4.3076	5	1
457	264.00	0.00	1.9612	3	1
457	500.00	0.00	3.7122	5	1
457	792.00	0.00	1.3773	2	1
458	262.97	0.39	5.0432	7	1
458	500.00	0.38	6.5470	6	1
458	791.68	0.04	3.9513	4	1
458	263.95	0.02	2.3553	4	1
458	500.00	0.07	3.6754	4	1
458	791.92	0.01	1.5412	3	1
459	263.97	0.01	4.2404	7	1
459	500.00	0.00	2.4332	3	1
459	791.84	0.02	4.8472	5	1
459	264.00	0.00	1.4114	3	1
459	500.00	0.01	4.3075	4	1
459	791.92	0.01	3.5520	4	1
460	263.97	0.01	1.9679	3	1
460	500.00	0.00	1.4114	3	1
460	792.00	0.00	0.7057	2	1
460	263.97	0.01	2.6763	4	1
460	500.00	0.00	2.6669	4	1
460	792.00	0.00	1.4114	3	1
461	263.97	0.01	1.4131	3	1
461	500.00	0.01	2.5177	4	1
461	791.92	0.01	2.1647	4	1
461	263.97	0.01	3.5294	6	1
461	500.00	0.00	2.6734	4	1
461	791.92	0.01	1.5100	3	1
462	264.00	0.00	1.4114	3	1
462	500.00	0.04	3.4307	4	1
462	791.92	0.01	2.3661	4	1
462	263.97	0.01	1.4149	3	1
462	500.00	0.01	3.1321	3	1
462	791.92	0.01	1.7094	3	1
463	263.97	0.01	5.1809	6	1
463	500.00	0.02	2.4156	4	1
463	792.00	0.00	1.5947	3	1
463	263.97	0.01	5.1836	5	1
463	500.00	0.01	4.5190	6	1
463	792.00	0.00	0.7057	2	1
464	263.97	0.01	2.6705	4	1
464	500.00	0.01	2.3926	4	1
464	791.92	0.01	3.4003	5	1
464	264.00	0.00	1.2555	2	1
464	500.00	0.02	3.8361	4	1
464	791.84	0.02	3.9777	5	1
465	264.00	0.00	1.9612	3	1
465	500.00	0.00	2.1038	3	1
465	792.00	0.00	2.1171	4	1
465	264.00	0.00	1.2555	2	1
465	500.00	0.01	0.7096	2	1
465	792.00	0.00	2.1444	3	1
466	264.00	0.00	0.7057	2	1
466	500.00	0.01	1.5694	2	1
466	791.92	0.01	4.9684	7	1
466	263.97	0.01	2.8285	5	1
466	500.00	0.00	0.7433	2	1
466	791.92	0.01	2.4839	4	1
467	264.00	0.00	0.7057	2	1
467	500.00	0.01	4.6319	5	1
467	792.00	0.00	0.7057	2	1
467	264.00	0.00	0.7057	2	1
467	500.00	0.00	3.2201	4	1
467	792.00	0.00	1.4122	2	1
468	263.97	0.01	0.7816	2	1
468	500.00	0.02	3.0907	4	1
468	788.91	0.39	4.1543	5	1
468	262.97	0.39	1.4770	2	1
468	500.00	0.00	1.4513	2	1
468	788.99	0.38	4.7559	5	1
469	264.00	0.00	2.1591	3	1
469	483.95	0.01	4.9398	7	1
469	832.74	0.39	2.3332	3	1
469	263.97	0.01	2.8631	3	1
469	500.00	0.01	1.5212	3	1
469	832.74	0.39	7.7346	7	1
470	263.97	0.01	3.9231	5	1
470	500.00	0.00	1.4114	3	1
470	792.00	0.00	1.7951	3	1
470	264.00	0.00	2.6669	3	1
470	500.00	0.45	4.5079	5	1
470	791.92	0.01	1.4119	3	1
471	263.00	0.38	3.5921	5	1
471	500.00	0.00	3.1085	4	1
471	792.00	0.00	0.7057	2	1
471	263.97	0.01	4.0789	6	1
471	500.00	0.01	1.4192	2	1
471	791.92	0.01	3.3034	4	1
472	263.97	0.01	2.1278	4	1
472	500.00	0.01	2.5318	3	1
472	792.00	0.00	1.4763	3	1
472	262.97	0.39	5.9674	6	1
472	500.00	0.01	2.4119	4	1
472	792.00	0.00	0.7057	2	1
473	263.89	0.04	3.7343	4	1
473	500.00	0.01	3.7172	5	1
473	792.00	0.00	2.3802	3	1
473	262.86	0.43	6.6048	5	1
473	500.00	0.01	2.7360	4	1
473	792.00	0.00	3.8709	5	1
474	263.97	0.01	2.1212	4	1
474	500.00	0.38	5.6266	6	1
474	791.92	0.01	2.9633	4	1
474	263.97	0.01	2.8235	5	1
474	500.00	0.00	2.0278	3	1
474	791.92	0.01	2.4378	4	1
475	264.00	0.00	2.6669	4	1
475	500.00	0.00	2.0025	3	1
475	788.99	0.38	4.9210	5	1
475	263.97	0.01	3.2174	4	1
475	500.00	0.01	4.3157	5	1
475	788.91	0.39	5.2403	6	1
476	263.97	0.01	2.1231	4	1
476	500.00	0.01	2.8759	4	1
476	791.92	0.01	4.8690	5	1
476	263.97	0.01	0.7059	2	1
476	500.00	0.00	0.7057	2	1
476	792.00	0.00	3.3749	4	1
477	263.97	0.01	3.4244	5	1
477	500.00	0.00	2.1171	4	1
477	792.00	0.00	2.3277	3	1
477	263.97	0.01	3.3424	4	1
477	500.00	0.00	3.0065	4	1
477	792.00	0.00	2.4590	3	1
478	263.97	0.01	3.2338	4	1
478	500.00	0.20	5.4810	5	1
478	792.00	0.00	2.9126	4	1
478	263.97	0.01	2.6840	3	1
478	500.00	0.01	3.8204	4	1
478	791.92	0.01	0.7249	2	1
479	263.97	0.01	3.3733	5	1
479	500.00	0.01	3.0212	4	1
479	791.92	0.01	0.7162	2	1
479	263.97	0.01	3.2226	4	1
479	500.00	0.01	4.0008	5	1
479	791.92	0.01	2.6411	4	1
480	263.97	0.01	3.3755	5	1
480	500.00	0.01	3.3849	4	1
480	792.00	0.00	2.8668	4	1
480	264.00	0.00	1.2555	2	1
480	500.00	0.38	2.5162	3	1
480	792.00	0.00	2.5796	3	1
481	263.97	0.01	4.6580	5	1
481	500.00	0.00	0.7057	2	1
481	791.92	0.01	3.6975	4	1
481	263.89	0.04	4.1090	4	1
481	500.00	0.00	1.5433	2	1
481	792.00	0.00	3.1301	4	1
482	263.84	0.06	3.2826	4	1
482	500.00	0.00	2.6669	4	1
482	788.91	0.39	2.9309	4	1
482	263.97	0.01	2.2922	4	1
482	500.00	0.00	1.2555	2	1
482	792.00	0.00	0.7057	2	1
483	262.94	0.40	4.9843	5	1
483	500.00	0.00	4.7455	5	1
483	791.92	0.01	3.2449	4	1
483	264.00	0.00	4.0859	5	1
483	500.00	0.01	4.1962	4	1
483	791.92	0.01	3.7674	4	1
484	264.00	0.00	1.9612	3	1
484	500.00	0.00	2.8638	4	1
484	791.92	0.01	2.5369	4	1
484	264.00	0.00	3.3726	4	1
484	500.00	0.00	3.7664	5	1
484	792.00	0.00	0.7057	2	1
485	263.00	0.38	3.5955	5	1
485	500.00	0.00	0.7057	2	1
485	791.92	0.01	2.8574	4	1
485	263.97	0.01	1.4119	3	1
485	500.00	0.01	4.0456	5	1
485	791.92	0.01	3.7984	5	1
486	263.97	0.01	1.9618	3	1
486	500.00	0.01	1.0546	2	1
486	792.00	0.00	2.0162	3	1
486	263.97	0.01	3.9235	5	1
486	500.00	0.01	1.1294	2	1
486	791.92	0.01	2.6680	4	1
487	264.00	0.00	1.4114	3	1
487	500.00	0.01	2.6798	3	1
487	791.92	0.01	2.2575	4	1
487	263.97	0.01	2.6675	4	1
487	500.00	0.01	2.1197	3	1
487	791.68	0.04	2.0084	3	1
488	263.97	0.01	4.0791	6	1
488	500.00	0.00	2.3663	3	1
488	792.00	0.00	3.1965	4	1
488	264.00	0.00	1.2555	2	1
488	500.00	0.38	5.8515	6	1
488	791.84	0.02	1.9414	3	1
489	264.00	0.00	1.4114	3	1
489	500.00	0.00	1.4201	3	1
489	792.00	0.00	0.7057	2	1
489	262.97	0.39	4.7075	5	1
489	500.00	0.01	1.6295	3	1
489	792.00	0.00	0.7057	2	1
490	264.00	0.00	3.2167	4	1
490	500.00	0.41	4.8491	5	1
490	791.84	0.02	2.3553	4	1
490	264.00	0.00	2.5110	3	1
490	500.00	0.00	0.7057	2	1
490	788.43	0.45	4.6000	5	1
491	263.97	0.01	1.9614	3	1
491	500.00	0.00	0.7057	2	1
491	791.84	0.02	3.3378	4	1
491	263.97	0.01	3.3832	5	1
491	500.00	0.02	3.8137	5	1
491	791.92	0.01	2.1875	4	1
492	264.00	0.00	3.2195	4	1
492	500.00	0.01	2.3901	4	1
492	791.92	0.01	1.8757	3	1
492	263.97	0.01	3.8454	4	1
492	500.00	0.02	4.2160	5	1
492	791.92	0.01	3.9015	5	1
493	264.00	0.00	3.3739	5	1
493	500.00	0.38	4.4330	5	1
493	791.84	0.02	2.7763	4	1
493	263.97	0.01	2.5134	3	1
493	500.00	0.00	1.2555	2	1
493	791.84	0.02	1.4666	2	1
494	263.97	0.01	2.6799	4	1
494	500.00	0.01	2.1188	4	1
494	791.92	0.01	1.2575	2	1
494	263.95	0.02	2.7644	3	1
494	500.00	0.39	3.6270	5	1
494	791.92	0.01	1.0779	2	1
495	264.00	0.00	3.2231	4	1
495	500.00	0.04	3.6287	4	1
495	791.84	0.02	3.8114	4	1
495	263.97	0.01	2.5215	3	1
495	500.00	0.43	6.5457	5	1
495	791.92	0.01	3.8738	4	1
496	263.95	0.02	4.0050	4	1
496	500.00	0.01	3.4526	5	1
496	791.92	0.01	3.2731	3	1
496	263.97	0.01	4.0791	6	1
496	500.00	0.00	3.6082	4	1
496	791.92	0.01	3.8230	4	1
497	264.00	0.00	2.6669	4	1
497	500.00	0.00	3.4764	4	1
497	791.92	0.01	5.7321	7	1
497	263.00	0.38	4.7064	5	1
497	500.00	0.00	1.7121	2	1
497	791.92	0.01	6.0987	5	1
498	263.97	0.01	4.4727	5	1
498	500.00	0.01	2.9783	4	1
498	792.00	0.00	4.3366	5	1
498	264.00	0.00	2.6669	3	1
498	500.00	0.00	0.8487	2	1
498	791.92	0.01	3.6481	4	1
499	263.47	0.20	3.2692	4	1
499	500.00	0.00	1.6076	3	1
499	791.92	0.01	1.6700	3	1
499	264.00	0.00	1.9622	3	1
499	500.00	0.01	2.2357	3	1
499	788.91	0.39	4.3980	6	1