0	263.95	0.02	4.4849	7	1
0	500.00	0.63	3.2803	4	1
0	791.92	0.01	1.5297	3	1
1	264.00	0.00	2.1171	4	1
1	500.00	0.01	1.4218	3	1
1	792.00	0.00	1.4114	3	1
2	264.00	0.00	1.4114	3	1
2	500.00	0.01	2.1930	4	1
2	791.92	0.01	1.4129	3	1
3	264.00	0.00	1.4114	3	1
3	500.00	0.01	1.4149	3	1
3	791.92	0.01	1.4129	3	1
4	264.00	0.00	1.4114	3	1
4	500.00	0.04	1.6248	2	1
4	791.60	0.05	1.7612	3	1
5	264.00	0.00	2.1171	4	1
5	500.00	0.01	1.7515	3	1
5	791.92	0.01	2.4321	4	1
6	264.00	0.00	2.1171	4	1
6	500.00	0.00	1.4114	3	1
6	791.92	0.01	3.5292	6	1
7	263.97	0.01	2.1276	4	1
7	500.00	0.01	3.9841	6	1
7	791.84	0.02	2.5717	4	1
8	263.47	0.20	2.7189	4	1
8	500.00	0.01	2.4577	4	1
8	792.00	0.00	2.3004	4	1
9	264.00	0.00	2.1171	4	1
9	500.00	0.01	2.1947	4	1
9	791.92	0.01	1.4170	3	1
10	262.97	0.39	2.8939	4	1
10	500.00	0.00	1.4114	3	1
10	791.92	0.01	2.8235	5	1
11	263.97	0.01	3.5292	6	1
11	500.00	0.00	1.4114	3	1
11	788.99	0.38	2.8837	4	1
12	260.30	1.40	4.0258	4	1
12	500.00	0.01	2.3264	4	1
12	791.92	0.01	2.4123	4	1
13	263.97	0.01	2.1224	4	1
13	500.00	0.63	3.2824	4	1
13	792.00	0.00	0.7057	2	1
14	264.00	0.00	1.4114	3	1
14	500.00	0.01	1.4218	3	1
14	791.92	0.01	1.4119	3	1
15	263.97	0.01	2.1276	4	1
15	500.00	0.01	4.2406	7	1
15	792.00	0.00	0.8895	2	1
16	263.89	0.04	2.4488	4	1
16	500.00	0.01	3.4487	5	1
16	791.92	0.01	2.4342	4	1
17	263.97	0.01	2.1276	4	1
17	500.00	0.00	2.8228	5	1
17	792.00	0.00	1.4114	3	1
18	263.97	0.01	1.4343	3	1
18	500.00	0.01	2.1189	4	1
18	791.92	0.01	1.4143	3	1
19	263.97	0.01	3.5292	6	1
19	500.00	0.01	1.7122	3	1
19	791.92	0.01	3.1798	5	1
20	264.00	0.00	1.4114	3	1
20	500.00	0.00	1.7510	3	1
20	792.00	0.00	2.4836	4	1
21	264.00	0.01	2.8247	5	1
21	500.00	0.02	3.0612	5	1
21	796.03	0.01	2.2463	4	1
22	263.97	0.01	2.1276	4	1
22	500.00	0.02	3.3805	5	1
22	791.92	0.01	2.4364	4	1
23	264.00	0.00	2.8228	5	1
23	500.00	0.02	2.3450	4	1
23	792.00	0.00	0.7057	2	1
24	263.95	0.02	1.6571	3	1
24	500.00	0.01	2.1207	4	1
24	792.00	0.00	1.4114	3	1
25	264.00	0.00	0.7057	2	1
25	500.00	0.38	3.5921	5	1
25	792.00	0.00	1.4114	3	1
26	263.97	0.01	1.4361	3	1
26	500.00	0.04	3.1548	5	1
26	792.00	0.00	1.4114	3	1
27	263.97	0.01	2.8235	5	1
27	500.00	0.01	2.2594	4	1
27	792.00	0.00	2.9799	5	1
28	263.97	0.01	2.1227	4	1
28	500.00	0.01	4.2454	7	1
28	791.92	0.01	1.5953	3	1
29	263.95	0.02	3.0508	5	1
29	500.00	0.01	4.2349	6	1
29	791.68	0.04	2.7112	4	1
30	263.00	0.38	2.8837	4	1
30	500.00	0.04	1.7428	3	1
30	792.00	0.00	0.7057	2	1
31	264.00	0.00	2.8228	5	1
31	500.00	0.01	2.6784	4	1
31	791.92	0.01	2.2078	4	1
32	263.97	0.01	2.1208	4	1
32	500.00	0.00	2.1171	4	1
32	792.00	0.00	1.4114	3	1
33	263.97	0.01	3.5290	6	1
33	500.00	0.00	3.2403	5	1
33	791.92	0.01	3.1011	5	1
34	264.00	0.00	1.4114	3	1
34	500.00	0.01	1.4131	3	1
34	791.92	0.01	1.4117	3	1
35	262.97	0.39	3.6024	5	1
35	500.00	0.00	0.7057	2	1
35	788.91	0.39	3.7391	5	1
36	262.97	0.39	4.7064	6	1
36	500.00	0.00	1.7241	3	1
36	791.92	0.01	4.2120	6	1
37	263.97	0.01	2.8264	5	1
37	500.00	0.00	1.4114	3	1
37	788.91	0.39	2.9624	4	1
38	264.00	0.00	1.4114	3	1
38	500.00	0.00	1.4114	3	1
38	791.92	0.01	1.4859	3	1
39	264.00	0.00	1.4114	3	1
39	500.00	0.00	2.1171	4	1
39	791.92	0.01	4.4183	7	1
40	263.95	0.02	2.3450	4	1
40	500.00	0.01	2.4571	4	1
40	792.00	0.00	2.3004	4	1
41	263.81	0.07	2.7435	4	1
41	500.00	0.01	4.3197	6	1
41	791.84	0.02	2.5386	4	1
42	263.97	0.01	2.1278	4	1
42	500.00	0.01	2.4572	4	1
42	792.00	0.00	3.1894	5	1
43	263.97	0.01	2.9005	5	1
43	500.00	0.00	1.4114	3	1
43	792.00	0.00	0.7057	2	1
44	264.00	0.00	1.4114	3	1
44	500.00	0.02	3.0612	5	1
44	791.92	0.01	1.4119	3	1
45	264.00	0.00	0.7057	2	1
45	500.00	0.00	1.5654	3	1
45	788.99	0.38	2.3821	3	1
46	264.00	0.00	2.8228	5	1
46	500.00	0.01	2.8281	5	1
46	792.00	0.00	1.4114	3	1
47	263.97	0.01	2.1207	4	1
47	500.00	0.01	2.6708	4	1
47	791.92	0.01	3.9265	6	1
48	263.97	0.01	2.8235	5	1
48	500.00	0.02	1.6571	3	1
48	791.92	0.01	2.1177	4	1
49	264.00	0.00	1.4114	3	1
49	500.00	0.00	1.6461	3	1
49	791.92	0.01	3.9061	6	1
50	263.00	0.38	3.6180	5	1
50	500.00	0.01	2.1177	4	1
50	792.00	0.00	2.1171	4	1
51	263.97	0.01	2.1278	4	1
51	500.00	0.01	2.4597	4	1
51	792.00	0.00	2.3004	4	1
52	263.97	0.01	3.5326	6	1
52	500.00	0.05	2.9063	4	1
52	788.99	0.38	4.0065	5	1
53	264.00	0.00	1.4114	3	1
53	500.00	0.01	2.1175	4	1
53	792.00	0.00	0.7057	2	1
54	264.00	0.00	1.4114	3	1
54	500.00	0.45	5.0285	5	1
54	788.91	0.39	3.7145	5	1
55	263.97	0.01	2.1177	4	1
55	500.00	0.01	2.7349	4	1
55	791.92	0.01	2.9548	5	1
56	262.97	0.39	4.3393	6	1
56	500.00	0.00	2.5347	4	1
56	791.92	0.01	2.3539	4	1
57	262.97	0.39	4.8654	6	1
57	500.00	0.00	2.6259	4	1
57	788.99	0.38	5.1443	6	1
58	264.00	0.00	2.1171	4	1
58	500.00	0.00	1.4114	3	1
58	791.92	0.01	0.7059	2	1
59	263.97	0.01	2.1199	4	1
59	500.00	0.01	2.1177	4	1
59	791.60	0.05	1.7612	3	1
60	262.97	0.39	3.6270	5	1
60	500.00	0.00	0.8152	2	1
60	792.00	0.00	1.4114	3	1
61	256.84	2.71	2.3416	2	1
61	500.00	0.01	2.3375	4	1
61	790.49	0.19	2.8033	4	1
62	263.97	0.01	2.1224	4	1
62	500.00	0.00	2.8228	5	1
62	792.00	0.00	1.4114	3	1
63	263.97	0.01	2.1207	4	1
63	500.00	0.00	2.2598	4	1
63	791.92	0.01	2.1930	4	1
64	264.00	0.00	1.4114	3	1
64	500.00	0.00	1.4114	3	1
64	791.92	0.01	1.4119	3	1
65	262.86	0.43	4.2103	5	1
65	500.00	0.00	1.4114	3	1
65	791.92	0.01	1.4116	3	1
66	264.00	0.00	1.4114	3	1
66	500.00	0.00	1.5541	3	1
66	792.00	0.00	2.3004	4	1
67	262.97	0.39	4.3135	6	1
67	500.00	0.00	2.1171	4	1
67	783.84	1.03	1.8212	2	1
68	263.47	0.20	2.0079	3	1
68	500.00	0.39	5.5832	7	1
68	792.00	0.00	1.5947	3	1
69	264.00	0.00	1.4114	3	1
69	500.00	0.01	0.7800	2	1
69	791.92	0.01	2.1177	4	1
70	263.95	0.02	0.9513	2	1
70	500.00	0.00	2.7061	4	1
70	791.92	0.01	3.8991	6	1
71	264.00	0.00	2.1171	4	1
71	500.00	0.01	3.4379	5	1
71	792.00	0.00	3.1374	5	1
72	263.97	0.01	3.5292	6	1
72	500.00	0.01	2.4584	4	1
72	792.00	0.00	2.3004	4	1
73	264.00	0.00	2.1171	4	1
73	500.00	0.01	2.9005	5	1
73	792.00	0.00	0.7057	2	1
74	263.97	0.01	2.8235	5	1
74	500.00	0.00	0.7704	2	1
74	791.92	0.01	2.3056	4	1
75	263.95	0.02	1.6495	3	1
75	500.00	0.00	2.3735	4	1
75	791.84	0.02	2.3450	4	1
76	263.97	0.01	1.4361	3	1
76	500.00	0.00	2.8228	5	1
76	792.00	0.00	1.4114	3	1
77	263.97	0.01	3.5292	6	1
77	500.00	0.00	1.8290	3	1
77	788.99	0.38	3.2516	4	1
78	263.97	0.01	2.1177	4	1
78	500.00	0.01	2.1199	4	1
78	791.92	0.01	1.4166	3	1
79	264.00	0.00	0.7057	2	1
79	500.00	0.01	0.7086	2	1
79	792.00	0.00	1.4114	3	1
80	263.97	0.01	2.8235	5	1
80	500.00	0.02	2.0113	3	1
80	791.92	0.01	2.1229	4	1
81	262.39	0.61	2.3303	3	1
81	500.00	0.01	2.9780	5	1
81	788.99	0.38	2.9066	4	1
82	263.97	0.01	2.8257	5	1
82	500.00	0.01	2.1276	4	1
82	792.00	0.00	1.4114	3	1
83	263.95	0.02	2.4192	4	1
83	500.00	0.00	1.4114	3	1
83	792.00	0.00	0.7057	2	1
84	264.00	0.00	1.4114	3	1
84	500.00	0.01	2.1822	4	1
84	792.00	0.00	2.1171	4	1
85	263.97	0.01	1.4383	3	1
85	500.00	0.00	1.6863	3	1
85	791.92	0.01	3.8730	6	1
86	264.00	0.00	2.8228	5	1
86	500.00	0.00	1.8290	3	1
86	791.92	0.01	2.5360	4	1
87	264.00	0.00	1.4114	3	1
87	500.00	0.01	1.5581	3	1
87	792.00	0.00	2.1171	4	1
88	263.97	0.01	2.8235	5	1
88	500.00	0.01	2.3488	4	1
88	791.52	0.06	2.7325	4	1
89	263.97	0.01	2.1177	4	1
89	500.00	0.04	2.4445	4	1
89	792.00	0.00	1.4114	3	1
90	263.00	0.38	3.5921	5	1
90	500.00	0.00	1.4114	3	1
90	792.00	0.00	0.7057	2	1
91	263.97	0.01	2.8235	5	1
91	500.00	0.01	1.4140	3	1
91	788.91	0.39	4.3112	6	1
92	263.00	0.38	4.3005	6	1
92	500.00	0.01	2.1224	4	1
92	791.92	0.01	1.4137	3	1
93	264.00	0.00	1.4114	3	1
93	500.00	0.01	2.1188	4	1
93	791.84	0.02	1.6391	3	1
94	264.00	0.00	1.4114	3	1
94	500.00	0.02	2.7757	4	1
94	791.92	0.01	2.3853	4	1
95	263.97	0.01	2.1224	4	1
95	500.00	0.01	2.4556	4	1
95	791.84	0.02	3.1587	5	1
96	263.97	0.01	2.1207	4	1
96	500.00	0.01	3.1629	5	1
96	792.00	0.00	2.9541	5	1
97	262.34	0.63	3.2803	4	1
97	500.00	0.01	2.8257	5	1
97	792.00	0.00	1.4114	3	1
98	263.97	0.01	2.8264	5	1
98	500.00	0.01	2.3741	4	1
98	791.84	0.02	1.6391	3	1
99	263.97	0.01	2.1191	4	1
99	500.00	0.00	1.7510	3	1
99	791.92	0.01	2.4865	4	1
100	263.97	0.01	0.7080	2	1
100	500.00	0.00	1.8418	3	1
100	791.92	0.01	2.5096	4	1
101	263.97	0.01	3.5319	6	1
101	500.00	0.43	5.0403	5	1
101	791.92	0.01	4.0578	6	1
102	264.00	0.00	1.4114	3	1
102	500.00	0.38	3.6408	5	1
102	792.00	0.00	1.4114	3	1
103	264.00	0.00	2.1171	4	1
103	500.00	0.00	2.7998	4	1
103	791.84	0.02	3.3420	5	1
104	262.97	0.39	4.3108	6	1
104	500.00	0.01	2.1177	4	1
104	791.92	0.01	1.4165	3	1
105	263.97	0.01	1.4143	3	1
105	500.00	0.01	3.1760	5	1
105	791.92	0.01	2.3691	4	1
106	264.00	0.00	2.8228	5	1
106	500.00	0.00	2.3920	4	1
106	791.92	0.01	3.0948	5	1
107	263.97	0.01	4.2383	7	1
107	500.00	0.01	1.7221	3	1
107	791.68	0.04	3.3391	5	1
108	264.00	0.00	2.1171	4	1
108	500.00	0.00	1.4114	3	1
108	791.92	0.01	0.7077	2	1
109	264.00	0.00	1.4114	3	1
109	500.00	0.00	1.4114	3	1
109	791.84	0.02	1.6391	3	1
110	264.00	0.00	0.7057	2	1
110	500.00	0.00	0.7731	2	1
110	791.92	0.01	2.3060	4	1
111	263.95	0.02	2.3811	4	1
111	500.00	0.00	3.2419	5	1
111	791.92	0.01	2.3056	4	1
112	264.00	0.00	1.4114	3	1
112	500.00	0.39	3.6364	5	1
112	791.60	0.05	1.9469	3	1
113	263.97	0.01	2.8236	5	1
113	500.00	0.01	2.1191	4	1
113	792.00	0.00	2.9110	5	1
114	263.97	0.01	2.8246	5	1
114	500.00	0.00	0.7057	2	1
114	791.84	0.02	1.6391	3	1
115	263.97	0.01	1.4117	3	1
115	500.00	0.01	1.4174	3	1
115	791.84	0.02	3.0512	5	1
116	262.97	0.39	3.6024	5	1
116	500.00	0.01	3.5160	5	1
116	791.92	0.01	3.6087	5	1
117	263.84	0.06	2.7325	4	1
117	500.00	0.01	5.0749	7	1
117	791.84	0.02	2.6451	4	1
118	263.97	0.01	3.5292	6	1
118	500.00	0.38	3.5955	5	1
118	791.92	0.01	1.4117	3	1
119	263.97	0.01	0.7084	2	1
119	500.00	0.01	1.4872	3	1
119	791.92	0.01	0.7062	2	1
120	264.00	0.00	0.7057	2	1
120	500.00	0.01	2.1199	4	1
120	792.00	0.00	1.4114	3	1
121	264.00	0.00	2.8228	5	1
121	500.00	0.01	2.1931	4	1
121	796.01	0.01	2.1460	4	1
122	264.00	0.00	2.1171	4	1
122	500.00	0.00	3.7902	5	1
122	791.92	0.01	3.3731	5	1
123	263.97	0.01	1.4129	3	1
123	500.00	0.02	2.3553	4	1
123	792.00	0.00	1.4114	3	1
124	264.00	0.00	2.1171	4	1
124	500.00	0.01	1.4116	3	1
124	791.92	0.01	4.3971	7	1
125	264.00	0.00	0.7057	2	1
125	500.00	0.01	0.7082	2	1
125	791.92	0.01	0.7816	2	1
126	263.00	0.38	3.6150	5	1
126	500.00	0.00	1.6863	3	1
126	791.92	0.01	3.0948	5	1
127	263.97	0.01	2.8235	5	1
127	500.00	0.01	3.2616	5	1
127	792.00	0.00	2.3567	4	1
128	264.00	0.00	1.4114	3	1
128	500.00	0.00	1.4114	3	1
128	792.00	0.00	1.4114	3	1
129	264.00	0.00	1.4114	3	1
129	500.00	0.38	4.5650	6	1
129	791.92	0.01	1.4373	3	1
130	264.00	0.00	2.8228	5	1
130	500.00	0.38	3.5960	5	1
130	792.00	0.00	1.4114	3	1
131	263.89	0.04	2.4488	4	1
131	500.00	0.01	2.1192	4	1
131	792.00	0.00	1.4114	3	1
132	263.97	0.01	2.1278	4	1
132	500.00	0.01	2.1824	4	1
132	792.00	0.00	2.3004	4	1
133	263.97	0.01	2.1201	4	1
133	500.00	0.01	2.1444	4	1
133	792.00	0.00	0.7057	2	1
134	264.00	0.00	2.1171	4	1
134	500.00	0.00	1.4114	3	1
134	791.92	0.01	1.4220	3	1
135	263.97	0.01	2.1278	4	1
135	500.00	0.01	3.1215	5	1
135	791.92	0.01	2.9811	5	1
136	264.00	0.00	2.1171	4	1
136	500.00	0.00	2.1171	4	1
136	791.84	0.02	1.6405	3	1
137	263.97	0.01	2.1276	4	1
137	500.00	0.00	1.4114	3	1
137	792.00	0.00	1.4114	3	1
138	264.00	0.00	1.4114	3	1
138	500.00	0.01	1.4119	3	1
138	791.92	0.01	1.4119	3	1
139	264.00	0.00	1.4114	3	1
139	500.00	0.43	4.7625	5	1
139	792.00	0.00	2.5625	4	1
140	263.97	0.01	2.8289	5	1
140	500.00	0.02	2.3574	4	1
140	792.00	0.00	0.7057	2	1
141	263.97	0.01	2.1175	4	1
141	500.00	0.02	3.8784	5	1
141	791.92	0.01	3.2906	5	1
142	263.00	0.38	4.3039	6	1
142	500.00	0.02	4.3173	6	1
142	792.00	0.00	2.5376	4	1
143	263.00	0.38	3.6408	5	1
143	500.00	0.00	1.7529	3	1
143	791.92	0.01	2.4877	4	1
144	264.00	0.00	2.1171	4	1
144	500.00	0.01	4.0970	6	1
144	788.91	0.39	4.6585	6	1
145	264.00	0.00	2.1171	4	1
145	500.00	0.00	0.7057	2	1
145	792.00	0.00	0.7057	2	1
146	263.95	0.02	3.0612	5	1
146	500.00	0.01	2.7404	4	1
146	792.00	0.00	3.3748	5	1
147	263.97	0.01	2.1219	4	1
147	500.00	0.00	2.8228	5	1
147	791.92	0.01	1.4116	3	1
148	264.00	0.00	1.4114	3	1
148	500.00	0.01	3.5292	6	1
148	792.00	0.00	0.7057	2	1
149	264.00	0.00	1.4114	3	1
149	500.00	0.02	2.3670	4	1
149	791.92	0.01	1.4149	3	1
150	263.97	0.01	1.4116	3	1
150	500.00	0.01	2.6056	4	1
150	791.84	0.02	2.5282	4	1
151	264.00	0.00	2.1171	4	1
151	500.00	0.02	3.0713	5	1
151	791.92	0.01	3.1723	5	1
152	264.00	0.00	3.5285	6	1
152	500.00	0.00	2.6753	4	1
152	791.92	0.01	2.4126	4	1
153	264.00	0.00	1.4114	3	1
153	500.00	0.00	2.4567	4	1
153	792.00	0.00	3.1893	5	1
154	263.97	0.01	2.1175	4	1
154	500.00	0.01	4.5099	7	1
154	792.00	0.00	1.8024	3	1
155	263.97	0.01	2.1177	4	1
155	500.00	0.01	2.8261	5	1
155	792.00	0.00	0.7057	2	1
156	263.97	0.01	2.1174	4	1
156	500.00	0.01	3.3733	5	1
156	792.00	0.00	3.0943	5	1
157	263.95	0.02	2.3450	4	1
157	500.00	0.00	2.1254	4	1
157	788.91	0.39	3.9851	5	1
158	264.00	0.00	1.4114	3	1
158	500.00	0.00	1.4763	3	1
158	791.92	0.01	3.0067	5	1
159	263.97	0.01	1.4129	3	1
159	500.00	0.00	0.7057	2	1
159	791.92	0.01	4.3988	7	1
160	263.95	0.02	2.3670	4	1
160	500.00	0.02	3.0508	5	1
160	792.00	0.00	0.7538	2	1
161	264.00	0.00	1.4114	3	1
161	500.00	0.02	2.3574	4	1
161	788.91	0.39	3.6312	5	1
162	263.97	0.01	3.5397	6	1
162	500.00	0.00	1.4468	3	1
162	788.91	0.39	2.9861	4	1
163	264.00	0.00	1.4114	3	1
163	500.00	0.01	2.1199	4	1
163	791.92	0.01	2.2066	4	1
164	264.00	0.00	2.8228	5	1
164	500.00	0.01	2.1420	4	1
164	792.00	0.00	1.4114	3	1
165	264.00	0.00	1.4114	3	1
165	500.00	0.00	2.8228	5	1
165	792.00	0.00	0.7057	2	1
166	264.00	0.00	2.1171	4	1
166	500.00	0.00	2.6669	4	1
166	791.92	0.01	3.1568	5	1
167	264.00	0.00	1.4114	3	1
167	500.00	0.00	1.7510	3	1
167	791.92	0.01	2.4320	4	1
168	263.97	0.01	2.9005	5	1
168	500.00	0.01	2.8246	5	1
168	791.92	0.01	2.2534	4	1
169	263.97	0.01	1.4129	3	1
169	500.00	0.02	2.7996	4	1
169	792.00	0.00	2.4347	4	1
170	262.97	0.39	3.6024	5	1
170	500.00	0.00	2.8228	5	1
170	791.92	0.01	1.4859	3	1
171	263.97	0.01	2.8245	5	1
171	500.00	0.00	1.8290	3	1
171	791.92	0.01	2.4852	4	1
172	264.00	0.00	1.4114	3	1
172	500.00	0.01	3.0828	5	1
172	791.92	0.01	3.1103	5	1
173	263.97	0.01	2.8232	5	1
173	500.00	0.00	1.4114	3	1
173	791.92	0.01	0.7091	2	1
174	263.97	0.01	1.4129	3	1
174	500.00	0.01	2.1212	4	1
174	792.00	0.00	1.4114	3	1
175	263.97	0.01	2.1947	4	1
175	500.00	0.00	1.4114	3	1
175	792.00	0.00	1.4114	3	1
176	264.00	0.00	1.4114	3	1
176	500.00	0.01	2.6651	4	1
176	791.92	0.01	3.2935	5	1
177	263.00	0.38	4.3005	6	1
177	500.00	0.00	1.4114	3	1
177	787.09	0.62	3.2670	4	1
178	264.00	0.00	2.8228	5	1
178	500.00	0.00	1.4114	3	1
178	792.00	0.00	0.7057	2	1
179	263.97	0.01	2.8235	5	1
179	500.00	0.01	3.1630	5	1
179	792.00	0.00	2.2910	4	1
180	263.97	0.01	1.4362	3	1
180	500.00	0.04	1.0377	2	1
180	791.92	0.01	0.7091	2	1
181	263.97	0.01	2.1186	4	1
181	500.00	0.01	2.8287	5	1
181	792.00	0.00	1.4114	3	1
182	264.00	0.00	2.1171	4	1
182	500.00	0.01	2.9005	5	1
182	791.92	0.01	2.9369	5	1
183	264.00	0.00	1.4114	3	1
183	500.00	0.00	1.7510	3	1
183	792.00	0.00	3.0061	5	1
184	263.97	0.01	2.8987	5	1
184	500.00	0.38	5.0093	7	1
184	791.92	0.01	0.8841	2	1
185	264.00	0.00	1.4114	3	1
185	500.00	0.00	0.7057	2	1
185	791.92	0.01	1.4117	3	1
186	264.00	0.00	2.1171	4	1
186	500.00	0.01	4.2750	6	1
186	788.91	0.39	5.5265	7	1
187	264.00	0.00	2.1171	4	1
187	500.00	0.01	1.4776	3	1
187	791.92	0.01	3.0067	5	1
188	264.00	0.00	1.4114	3	1
188	500.00	0.01	2.1177	4	1
188	791.92	0.01	1.4218	3	1
189	263.95	0.02	2.3553	4	1
189	500.00	0.00	0.7057	2	1
189	788.91	0.39	3.7171	5	1
190	264.00	0.00	2.1171	4	1
190	500.00	0.01	2.1229	4	1
190	792.00	0.00	1.4114	3	1
191	264.00	0.00	2.1171	4	1
191	500.00	0.00	3.2537	5	1
191	788.99	0.38	4.6433	6	1
192	263.97	0.01	2.1276	4	1
192	500.00	0.19	2.7141	4	1
192	792.00	0.00	1.4114	3	1
193	264.00	0.00	2.1171	4	1
193	500.00	0.00	2.1171	4	1
193	791.92	0.01	1.4149	3	1
194	263.95	0.02	3.0616	5	1
194	500.00	0.01	2.4599	4	1
194	791.92	0.01	2.3060	4	1
195	263.97	0.01	2.9105	5	1
195	500.00	0.00	1.6863	3	1
195	792.00	0.00	3.1462	5	1
196	263.97	0.01	1.4129	3	1
196	500.00	0.02	2.3450	4	1
196	792.00	0.00	2.1171	4	1
197	263.97	0.01	2.8264	5	1
197	500.00	0.01	3.1238	5	1
197	788.91	0.39	4.6788	6	1
198	263.97	0.01	3.5292	6	1
198	500.00	0.00	1.4114	3	1
198	791.92	0.01	0.7082	2	1
199	262.97	0.39	3.6046	5	1
199	500.00	0.00	0.7057	2	1
199	791.92	0.01	2.1199	4	1
200	263.97	0.01	2.8235	5	1
200	500.00	0.04	1.7428	3	1
200	792.00	0.00	0.7057	2	1
201	263.97	0.01	2.1276	4	1
201	500.00	0.01	3.8429	6	1
201	791.92	0.01	3.0838	5	1
202	263.97	0.01	2.1199	4	1
202	500.00	0.01	2.9847	4	1
202	791.92	0.01	4.5540	7	1
203	263.97	0.01	2.1192	4	1
203	500.00	0.00	2.1171	4	1
203	791.92	0.01	1.4362	3	1
204	263.97	0.01	1.4131	3	1
204	500.00	0.00	0.7057	2	1
204	792.00	0.00	1.4114	3	1
205	264.00	0.00	2.8228	5	1
205	500.00	0.02	2.9202	4	1
205	791.92	0.01	2.2887	4	1
206	263.97	0.01	2.8285	5	1
206	500.00	0.00	1.8290	3	1
206	792.00	0.00	2.4836	4	1
207	263.97	0.01	2.1189	4	1
207	500.00	0.00	2.1171	4	1
207	792.00	0.00	1.4114	3	1
208	264.00	0.00	1.4114	3	1
208	500.00	0.38	5.0093	7	1
208	792.00	0.00	1.5947	3	1
209	264.00	0.00	1.4114	3	1
209	500.00	0.00	1.6554	3	1
209	791.92	0.01	4.4183	7	1
210	264.00	0.00	2.1171	4	1
210	500.00	0.02	2.3555	4	1
210	791.92	0.01	2.1276	4	1
211	263.97	0.01	1.4119	3	1
211	500.00	0.01	2.1177	4	1
211	791.68	0.04	2.4445	4	1
212	263.97	0.01	2.1174	4	1
212	500.00	0.01	2.1199	4	1
212	792.00	0.00	1.4114	3	1
213	262.89	0.42	3.9550	5	1
213	500.00	0.01	3.1059	5	1
213	792.00	0.00	0.8631	2	1
214	263.95	0.02	3.7674	6	1
214	500.00	0.00	2.7045	4	1
214	791.92	0.01	4.0791	6	1
215	263.97	0.01	2.1276	4	1
215	500.00	0.01	2.9110	5	1
215	792.00	0.00	1.4114	3	1
216	264.00	0.00	2.1171	4	1
216	500.00	0.00	1.8290	3	1
216	792.00	0.00	3.1893	5	1
217	263.97	0.01	2.1215	4	1
217	500.00	0.00	1.4114	3	1
217	791.68	0.04	1.7428	3	1
218	263.97	0.01	2.8235	5	1
218	500.00	0.01	2.1177	4	1
218	791.60	0.05	1.7612	3	1
219	264.00	0.00	2.1171	4	1
219	500.00	0.00	2.1171	4	1
219	791.92	0.01	0.7108	2	1
220	264.00	0.00	2.8228	5	1
220	500.00	0.00	0.7057	2	1
220	791.92	0.01	1.4117	3	1
221	264.00	0.00	1.4114	3	1
221	500.00	0.01	2.6508	4	1
221	791.84	0.02	2.5288	4	1
222	263.97	0.01	2.8289	5	1
222	500.00	0.01	2.1071	3	1
222	791.92	0.01	2.2507	4	1
223	263.97	0.01	2.8248	5	1
223	500.00	0.00	2.8228	5	1
223	791.92	0.01	0.7059	2	1
224	264.00	0.00	1.4114	3	1
224	500.00	0.01	0.7095	2	1
224	792.00	0.00	1.4114	3	1
225	263.97	0.01	2.1224	4	1
225	500.00	0.02	3.0508	5	1
225	791.92	0.01	2.1276	4	1
226	263.97	0.01	2.8232	5	1
226	500.00	0.00	2.8184	4	1
226	791.92	0.01	2.5123	4	1
227	264.00	0.00	1.4114	3	1
227	500.00	0.01	2.1199	4	1
227	791.92	0.01	2.8235	5	1
228	264.00	0.00	1.4114	3	1
228	500.00	0.01	2.1177	4	1
228	796.01	0.01	2.1227	4	1
229	263.97	0.01	2.1959	4	1
229	500.00	0.01	1.4119	3	1
229	792.00	0.00	0.7057	2	1
230	264.00	0.00	1.4114	3	1
230	500.00	0.39	3.6024	5	1
230	791.84	0.02	2.3553	4	1
231	263.97	0.01	2.1227	4	1
231	500.00	0.01	4.0801	6	1
231	792.00	0.00	3.1894	5	1
232	263.97	0.01	3.5292	6	1
232	500.00	0.39	3.2241	4	1
232	792.00	0.00	2.9772	5	1
233	263.97	0.01	2.1177	4	1
233	500.00	0.39	3.6074	5	1
233	791.84	0.02	1.0920	2	1
234	263.97	0.01	4.2351	7	1
234	500.00	0.00	1.4779	3	1
234	791.92	0.01	3.0842	5	1
235	263.97	0.01	2.1970	4	1
235	500.00	0.00	2.2182	4	1
235	788.99	0.38	2.1982	3	1
236	264.00	0.00	2.1171	4	1
236	500.00	0.00	1.4763	3	1
236	791.92	0.01	3.0067	5	1
237	263.97	0.01	2.8285	5	1
237	500.00	0.00	1.4114	3	1
237	791.92	0.01	4.3957	7	1
238	264.00	0.00	2.1171	4	1
238	500.00	0.00	2.1171	4	1
238	791.92	0.01	2.1177	4	1
239	262.97	0.39	4.3112	6	1
239	500.00	0.04	1.1298	2	1
239	791.84	0.02	1.6391	3	1
240	262.86	0.43	4.2103	5	1
240	500.00	0.43	4.2103	5	1
240	791.92	0.01	2.1177	4	1
241	263.95	0.02	3.0633	5	1
241	500.00	0.00	2.5355	4	1
241	791.92	0.01	2.3032	4	1
242	263.97	0.01	2.1174	4	1
242	500.00	0.01	1.8342	3	1
242	788.99	0.38	2.8837	4	1
243	264.00	0.00	2.1171	4	1
243	500.00	0.00	1.4114	3	1
243	791.92	0.01	0.7285	2	1
244	264.00	0.00	2.1171	4	1
244	500.00	0.04	3.0321	4	1
244	788.99	0.38	3.9600	5	1
245	263.97	0.01	2.1276	4	1
245	500.00	0.05	2.4540	3	1
245	792.00	0.00	2.3649	4	1
246	264.00	0.00	2.8228	5	1
246	500.00	0.01	2.5363	4	1
246	792.00	0.00	2.4836	4	1
247	263.97	0.01	0.7062	2	1
247	500.00	0.00	0.7057	2	1
247	791.92	0.01	2.1276	4	1
248	263.97	0.01	2.1177	4	1
248	500.00	0.00	1.4114	3	1
248	791.92	0.01	0.7095	2	1
249	264.00	0.00	2.1171	4	1
249	500.00	0.38	5.3841	6	1
249	791.68	0.04	2.5842	4	1
250	263.97	0.01	1.4143	3	1
250	500.00	0.04	2.1156	3	1
250	791.44	0.07	2.9820	4	1
251	263.97	0.01	2.1278	4	1
251	500.00	0.00	1.8290	3	1
251	791.92	0.01	3.1923	5	1
252	264.00	0.02	2.3553	4	1
252	500.00	0.00	2.8228	5	1
252	796.01	0.01	2.1199	4	1
253	264.00	0.00	1.4114	3	1
253	500.00	0.00	1.4114	3	1
253	792.00	0.00	1.4114	3	1
254	264.00	0.00	2.1171	4	1
254	500.00	0.01	3.5188	5	1
254	791.92	0.01	2.2491	4	1
255	263.00	0.38	2.1753	3	1
255	500.00	0.01	2.1278	4	1
255	792.00	0.00	1.4114	3	1
256	262.97	0.39	4.3376	6	1
256	500.00	0.00	1.6863	3	1
256	791.92	0.01	3.0950	5	1
257	264.00	0.00	1.4114	3	1
257	500.00	0.00	1.4114	3	1
257	792.00	0.00	1.4114	3	1
258	263.97	0.01	1.4145	3	1
258	500.00	0.00	1.4114	3	1
258	791.84	0.02	1.6495	3	1
259	264.00	0.00	1.4114	3	1
259	500.00	0.00	1.5541	3	1
259	788.99	0.38	2.8837	4	1
260	264.00	0.00	0.7057	2	1
260	500.00	0.01	1.4119	3	1
260	792.00	0.00	0.7057	2	1
261	264.00	0.00	1.4114	3	1
261	500.00	0.02	2.3450	4	1
261	791.92	0.01	1.4166	3	1
262	263.97	0.01	2.8245	5	1
262	500.00	0.01	2.8476	5	1
262	791.92	0.01	1.4135	3	1
263	264.00	0.00	2.8228	5	1
263	500.00	0.00	1.7239	3	1
263	791.92	0.01	4.6016	7	1
264	264.00	0.00	1.4114	3	1
264	500.00	0.01	0.7071	2	1
264	792.00	0.00	1.4114	3	1
265	263.97	0.01	2.1201	4	1
265	500.00	0.00	0.7057	2	1
265	791.92	0.01	1.4119	3	1
266	263.95	0.02	3.0508	5	1
266	500.00	0.02	2.7688	4	1
266	791.92	0.01	3.3218	5	1
267	263.95	0.02	1.6872	3	1
267	500.00	0.01	2.8264	5	1
267	792.00	0.00	1.4114	3	1
268	263.97	0.01	2.1192	4	1
268	500.00	0.01	3.0910	4	1
268	791.92	0.01	3.1446	5	1
269	264.00	0.00	1.4114	3	1
269	500.00	0.00	2.1171	4	1
269	792.00	0.00	2.2052	4	1
270	264.00	0.00	1.4114	3	1
270	500.00	0.00	0.7057	2	1
270	792.00	0.00	0.7057	2	1
271	263.97	0.01	2.1186	4	1
271	500.00	0.38	4.2918	5	1
271	791.92	0.01	3.2002	5	1
272	264.00	0.00	2.8228	5	1
272	500.00	0.01	1.7704	3	1
272	791.92	0.01	2.4471	4	1
273	263.95	0.02	3.0512	5	1
273	500.00	0.01	3.5292	6	1
273	792.00	0.00	0.8890	2	1
274	264.00	0.00	2.1171	4	1
274	500.00	0.00	2.5355	4	1
274	791.92	0.01	2.3062	4	1
275	263.97	0.01	1.4142	3	1
275	500.00	0.00	2.5347	4	1
275	792.00	0.00	2.3004	4	1
276	264.00	0.00	2.1171	4	1
276	500.00	0.01	4.6566	7	1
276	791.92	0.01	2.5307	4	1
277	263.97	0.01	3.5314	6	1
277	500.00	0.02	3.7457	5	1
277	792.00	0.00	2.5356	4	1
278	263.84	0.06	2.7325	4	1
278	500.00	0.00	2.1171	4	1
278	791.92	0.01	1.4119	3	1
279	263.97	0.01	2.1207	4	1
279	500.00	0.02	3.0612	4	1
279	791.92	0.01	2.3780	4	1
280	263.97	0.01	0.7291	2	1
280	500.00	0.00	1.9947	3	1
280	791.68	0.04	1.9270	3	1
281	263.97	0.01	0.7062	2	1
281	500.00	0.00	0.7057	2	1
281	792.00	0.00	0.7057	2	1
282	263.97	0.01	2.1177	4	1
282	500.00	0.01	1.7092	3	1
282	788.99	0.38	3.9753	5	1
283	264.00	0.01	2.1177	4	1
283	500.00	0.00	1.7510	3	1
283	796.02	0.01	3.8958	6	1
284	263.97	0.01	3.5293	6	1
284	500.00	0.01	1.4119	3	1
284	792.00	0.00	0.7057	2	1
285	262.89	0.42	3.9312	5	1
285	500.00	0.02	1.2074	2	1
285	788.99	0.38	4.4853	6	1
286	263.95	0.02	3.0613	5	1
286	500.00	0.00	1.8699	3	1
286	791.84	0.02	3.4282	5	1
287	264.00	0.00	1.4114	3	1
287	500.00	0.39	3.9021	5	1
287	791.92	0.01	1.4118	3	1
288	264.00	0.00	2.1171	4	1
288	500.00	0.01	2.6774	4	1
288	792.00	0.00	3.9254	6	1
289	263.00	0.38	1.4669	2	1
289	500.00	0.01	1.6661	3	1
289	791.92	0.01	4.3966	7	1
290	263.95	0.02	1.6495	3	1
290	500.00	0.00	0.7704	2	1
290	792.00	0.00	3.0061	5	1
291	264.00	0.00	1.4114	3	1
291	500.00	0.40	4.2207	5	1
291	791.92	0.01	3.2485	5	1
292	264.00	0.00	1.4114	3	1
292	500.00	0.00	2.3823	4	1
292	791.84	0.02	2.5930	4	1
293	264.00	0.00	2.8228	5	1
293	500.00	0.00	2.1818	4	1
293	788.99	0.38	2.9714	4	1
294	264.00	0.00	1.4114	3	1
294	500.00	0.02	3.0508	5	1
294	791.92	0.01	1.4117	3	1
295	262.97	0.39	2.8939	4	1
295	500.00	0.00	1.8290	3	1
295	792.00	0.00	2.5356	4	1
296	263.97	0.01	3.5292	6	1
296	500.00	0.00	1.8418	3	1
296	791.92	0.01	2.3491	4	1
297	263.95	0.02	2.3553	4	1
297	500.00	0.01	2.1207	4	1
297	792.00	0.00	1.4114	3	1
298	264.00	0.00	1.4114	3	1
298	500.00	0.01	2.5452	4	1
298	791.92	0.01	2.3010	4	1
299	263.95	0.02	3.0616	5	1
299	500.00	0.00	2.1171	4	1
299	792.00	0.00	0.7057	2	1
300	264.00	0.00	0.7057	2	1
300	500.00	0.00	2.1846	4	1
300	791.92	0.01	2.1229	4	1
301	263.97	0.01	2.8281	5	1
301	500.00	0.38	3.8442	5	1
301	791.92	0.01	1.5903	3	1
302	264.00	0.00	1.4114	3	1
302	500.00	0.19	2.1297	3	1
302	791.92	0.01	3.0085	5	1
303	263.97	0.01	2.1177	4	1
303	500.00	0.01	2.1177	4	1
303	791.60	0.05	1.7612	3	1
304	264.00	0.00	2.1171	4	1
304	500.00	0.01	1.8319	3	1
304	792.00	0.00	2.5365	4	1
305	264.00	0.00	0.7057	2	1
305	500.00	0.01	2.1224	4	1
305	792.00	0.00	0.7057	2	1
306	264.00	0.00	2.8228	5	1
306	500.00	0.01	1.7536	3	1
306	791.92	0.01	2.4846	4	1
307	263.97	0.01	1.4208	3	1
307	500.00	0.00	1.4114	3	1
307	791.92	0.01	1.4137	3	1
308	263.00	0.38	2.9066	4	1
308	500.00	0.01	3.8793	6	1
308	791.92	0.01	2.7196	4	1
309	263.00	0.38	2.8837	4	1
309	500.00	0.43	4.2103	5	1
309	791.92	0.01	2.1295	4	1
310	264.00	0.00	1.4114	3	1
310	500.00	0.00	0.7057	2	1
310	791.92	0.01	1.4220	3	1
311	263.97	0.01	2.1227	4	1
311	500.00	0.01	2.4611	4	1
311	792.00	0.00	2.3004	4	1
312	264.00	0.00	2.1171	4	1
312	500.00	0.00	1.4114	3	1
312	792.00	0.00	1.4114	3	1
313	263.00	0.38	4.3005	6	1
313	500.00	0.00	1.4114	3	1
313	792.00	0.00	1.4114	3	1
314	264.00	0.00	1.4114	3	1
314	500.00	0.38	3.8719	5	1
314	792.00	0.00	1.4114	3	1
315	262.94	0.40	2.4599	3	1
315	500.00	0.01	3.5292	6	1
315	792.00	0.00	1.4114	3	1
316	263.95	0.02	2.3450	4	1
316	500.00	0.01	3.2112	5	1
316	788.99	0.38	3.7989	5	1
317	263.95	0.02	3.7815	6	1
317	500.00	0.00	2.3105	4	1
317	792.00	0.00	1.4114	3	1
318	263.97	0.01	2.1189	4	1
318	500.00	0.00	1.4114	3	1
318	791.92	0.01	1.4373	3	1
319	263.97	0.01	3.5292	6	1
319	500.00	0.01	1.4170	3	1
319	792.00	0.00	0.7057	2	1
320	263.97	0.01	1.4373	3	1
320	500.00	0.01	3.9258	6	1
320	791.84	0.02	2.3574	4	1
321	262.97	0.39	4.3376	6	1
321	500.00	0.01	2.2305	4	1
321	792.00	0.00	1.4114	3	1
322	263.95	0.02	3.0728	5	1
322	500.00	0.02	3.4021	5	1
322	791.92	0.01	2.3028	4	1
323	264.00	0.00	2.1171	4	1
323	500.00	0.01	2.1214	4	1
323	788.91	0.39	2.8939	4	1
324	264.00	0.00	1.4114	3	1
324	500.00	0.00	4.1432	6	1
324	791.92	0.01	2.4842	4	1
325	263.97	0.01	1.4373	3	1
325	500.00	0.01	1.6866	3	1
325	791.92	0.01	2.2158	4	1
326	262.97	0.39	4.3108	6	1
326	500.00	0.01	3.2433	5	1
326	792.00	0.00	3.1893	5	1
327	263.97	0.01	3.5539	6	1
327	500.00	0.01	2.8335	5	1
327	792.00	0.00	1.4114	3	1
328	263.97	0.01	2.9110	5	1
328	500.00	0.00	1.4114	3	1
328	791.92	0.01	1.4170	3	1
329	264.00	0.00	1.4114	3	1
329	500.00	0.01	1.7513	3	1
329	791.92	0.01	3.1900	5	1
330	263.00	0.38	3.5955	5	1
330	500.00	0.01	3.2819	5	1
330	791.84	0.02	3.2445	5	1
331	264.00	0.00	2.1171	4	1
331	500.00	0.00	1.4114	3	1
331	792.00	0.00	1.4114	3	1
332	264.00	0.00	1.4114	3	1
332	500.00	0.01	3.1105	4	1
332	792.00	0.00	3.1459	5	1
333	264.00	0.00	1.4114	3	1
333	500.00	0.62	3.1078	3	1
333	791.92	0.01	2.9796	5	1
334	263.97	0.01	3.5292	6	1
334	500.00	0.01	2.0057	3	1
334	791.92	0.01	3.7159	6	1
335	263.97	0.01	2.1224	4	1
335	500.00	0.01	2.2046	4	1
335	791.92	0.01	2.2188	4	1
336	263.97	0.01	2.9008	5	1
336	500.00	0.00	1.4114	3	1
336	792.00	0.00	1.4114	3	1
337	264.00	0.00	1.4114	3	1
337	500.00	0.00	2.1171	4	1
337	791.92	0.01	2.9232	5	1
338	262.97	0.39	4.3112	6	1
338	500.00	0.01	2.4664	4	1
338	792.00	0.00	3.1915	5	1
339	264.00	0.00	1.4114	3	1
339	500.00	0.01	3.8765	6	1
339	791.92	0.01	2.3502	4	1
340	263.97	0.01	0.7082	2	1
340	500.00	0.01	2.1143	3	1
340	792.00	0.00	2.3004	4	1
341	263.97	0.01	2.8235	5	1
341	500.00	0.01	4.0791	6	1
341	788.99	0.38	3.9871	5	1
342	264.00	0.00	2.1171	4	1
342	500.00	0.00	3.5285	6	1
342	792.00	0.00	1.5947	3	1
343	263.97	0.01	2.1975	4	1
343	500.00	0.98	1.8016	2	1
343	791.84	0.02	1.6495	3	1
344	264.00	0.00	1.4114	3	1
344	500.00	0.00	2.3910	4	1
344	788.91	0.39	5.1585	7	1
345	263.97	0.01	1.4119	3	1
345	500.00	0.01	1.4137	3	1
345	792.00	0.00	0.7057	2	1
346	263.97	0.01	1.4373	3	1
346	500.00	0.00	2.6296	4	1
346	791.68	0.04	2.6009	4	1
347	264.00	0.00	2.1171	4	1
347	500.00	0.01	2.8246	5	1
347	792.00	0.00	1.4114	3	1
348	264.00	0.00	1.4114	3	1
348	500.00	0.00	2.1171	4	1
348	792.00	0.00	0.7057	2	1
349	264.00	0.00	1.4114	3	1
349	500.00	0.01	1.4130	3	1
349	792.00	0.00	0.7057	2	1
350	262.81	0.45	4.7854	5	1
350	500.00	0.01	2.4700	4	1
350	791.68	0.04	1.7428	3	1
351	264.00	0.00	2.1171	4	1
351	500.00	0.01	1.4149	3	1
351	792.00	0.00	1.4114	3	1
352	264.00	0.00	1.4114	3	1
352	500.00	0.01	2.8988	5	1
352	792.00	0.00	1.4114	3	1
353	264.00	0.00	1.4114	3	1
353	500.00	0.00	1.4114	3	1
353	792.00	0.00	2.1171	4	1
354	263.97	0.01	2.1188	4	1
354	500.00	0.01	2.5405	4	1
354	791.92	0.01	2.3010	4	1
355	264.00	0.00	1.4114	3	1
355	500.00	0.00	0.7057	2	1
355	791.92	0.01	1.4117	3	1
356	264.00	0.00	2.1171	4	1
356	500.00	0.01	2.8235	5	1
356	788.99	0.38	3.7258	5	1
357	263.95	0.02	3.0612	5	1
357	500.00	0.01	2.1212	4	1
357	791.92	0.01	2.1177	4	1
358	263.95	0.02	3.0531	5	1
358	500.00	0.01	2.1177	4	1
358	790.41	0.20	1.3008	2	1
359	263.97	0.01	2.8232	5	1
359	500.00	0.00	2.7316	4	1
359	792.00	0.00	2.4316	4	1
360	264.00	0.00	1.4114	3	1
360	500.00	0.02	3.0508	5	1
360	792.00	0.00	1.4595	3	1
361	264.00	0.00	2.1171	4	1
361	500.00	0.01	2.1931	4	1
361	792.00	0.00	1.4114	3	1
362	264.00	0.00	1.4114	3	1
362	500.00	0.01	2.1177	4	1
362	791.92	0.01	2.1278	4	1
363	263.97	0.01	2.1409	4	1
363	500.00	0.00	1.6918	3	1
363	791.44	0.07	3.1622	4	1
364	264.00	0.00	1.4114	3	1
364	500.00	0.01	2.9009	5	1
364	791.68	0.04	3.8568	6	1
365	263.97	0.01	2.1187	4	1
365	500.00	0.00	3.5285	6	1
365	792.00	0.00	1.4114	3	1
366	263.97	0.01	2.1224	4	1
366	500.00	0.00	2.1171	4	1
366	792.00	0.00	1.4114	3	1
367	263.97	0.01	2.1224	4	1
367	500.00	0.39	3.1936	4	1
367	791.92	0.01	2.9393	5	1
368	263.97	0.01	2.1227	4	1
368	500.00	0.01	1.4858	3	1
368	791.92	0.01	4.4239	7	1
369	264.00	0.00	2.1171	4	1
369	500.00	0.02	2.3553	4	1
369	792.00	0.00	0.7057	2	1
370	264.00	0.00	1.4114	3	1
370	500.00	0.01	1.4131	3	1
370	791.84	0.02	1.6496	3	1
371	264.00	0.00	1.4114	3	1
371	500.00	0.01	2.1186	4	1
371	791.92	0.01	1.4117	3	1
372	263.97	0.01	2.1207	4	1
372	500.00	0.00	1.4114	3	1
372	792.00	0.00	1.4114	3	1
373	263.97	0.01	3.5292	6	1
373	500.00	0.00	1.4114	3	1
373	791.92	0.01	2.2574	4	1
374	263.00	0.38	1.4669	2	1
374	500.00	0.01	1.5922	3	1
374	791.92	0.01	2.6238	4	1
375	264.00	0.00	1.4114	3	1
375	500.00	0.02	2.3832	4	1
375	792.00	0.00	0.7057	2	1
376	263.97	0.01	2.1177	4	1
376	500.00	0.00	1.4114	3	1
376	792.00	0.00	2.1171	4	1
377	263.97	0.01	2.1199	4	1
377	500.00	0.01	4.9073	6	1
377	791.92	0.01	4.8921	7	1
378	263.97	0.01	2.1199	4	1
378	500.00	0.01	2.4621	4	1
378	791.92	0.01	3.1901	5	1
379	264.00	0.00	1.4114	3	1
379	500.00	0.01	4.4393	7	1
379	791.92	0.01	0.8822	2	1
380	264.00	0.05	2.4673	4	1
380	500.00	0.00	1.4114	3	1
380	796.01	0.01	2.1445	4	1
381	264.00	0.00	2.1171	4	1
381	500.00	0.01	2.1915	4	1
381	792.00	0.00	2.8228	5	1
382	263.97	0.01	2.8264	5	1
382	500.00	0.00	1.6083	3	1
382	792.00	0.00	2.3885	4	1
383	263.97	0.01	2.1191	4	1
383	500.00	0.00	1.4114	3	1
383	791.92	0.01	1.4220	3	1
384	263.97	0.01	2.8232	5	1
384	500.00	0.61	1.6203	2	1
384	791.84	0.02	1.6495	3	1
385	263.97	0.01	2.8235	5	1
385	500.00	0.00	1.8165	3	1
385	791.84	0.02	2.4464	4	1
386	263.97	0.01	2.9028	5	1
386	500.00	0.00	1.7512	3	1
386	791.92	0.01	2.4842	4	1
387	263.97	0.01	2.1224	4	1
387	500.00	0.01	2.7369	4	1
387	792.00	0.00	3.3743	5	1
388	263.44	0.21	2.9455	4	1
388	500.00	0.01	3.1632	5	1
388	791.68	0.04	2.6185	4	1
389	264.00	0.00	2.8228	5	1
389	500.00	0.00	1.4114	3	1
389	792.00	0.00	1.4114	3	1
390	264.00	0.00	0.7057	2	1
390	500.00	0.01	1.4143	3	1
390	791.84	0.02	0.9513	2	1
391	264.00	0.00	1.4114	3	1
391	500.00	0.01	4.2437	7	1
391	792.00	0.00	1.5957	3	1
392	264.00	0.00	2.8228	5	1
392	500.00	0.01	3.1080	4	1
392	792.00	0.00	2.9589	5	1
393	263.97	0.01	1.4162	3	1
393	500.00	0.01	2.8235	5	1
393	791.92	0.01	1.4143	3	1
394	264.00	0.00	2.8228	5	1
394	500.00	0.41	3.9261	5	1
394	791.92	0.01	0.7059	2	1
395	264.00	0.00	0.7057	2	1
395	500.00	0.01	1.5043	3	1
395	791.84	0.02	1.9998	3	1
396	263.95	0.02	3.0612	5	1
396	500.00	0.01	1.7595	3	1
396	792.00	0.00	3.1915	5	1
397	264.00	0.00	1.4114	3	1
397	500.00	0.00	1.4114	3	1
397	791.84	0.02	2.4097	4	1
398	263.97	0.01	2.1460	4	1
398	500.00	0.00	2.1171	4	1
398	791.92	0.01	0.7079	2	1
399	263.97	0.01	2.1177	4	1
399	500.00	0.01	4.1439	6	1
399	791.92	0.01	3.1805	5	1
400	263.97	0.01	2.1420	4	1
400	500.00	0.00	3.2635	5	1
400	791.92	0.01	3.0943	5	1
401	262.39	0.61	2.3303	3	1
401	500.00	0.01	3.8055	6	1
401	791.92	0.01	2.3462	4	1
402	263.97	0.01	2.1227	4	1
402	500.00	0.01	3.0984	5	1
402	792.00	0.00	2.2054	4	1
403	263.97	0.01	2.8353	5	1
403	500.00	0.01	2.1418	4	1
403	791.92	0.01	1.4154	3	1
404	262.97	0.39	2.8939	4	1
404	500.00	0.00	1.8290	3	1
404	791.92	0.01	2.4840	4	1
405	263.97	0.01	0.7086	2	1
405	500.00	0.00	0.7057	2	1
405	791.92	0.01	1.4117	3	1
406	263.97	0.01	2.8334	5	1
406	500.00	0.00	2.6669	4	1
406	788.99	0.38	4.6688	6	1
407	263.95	0.02	1.6872	3	1
407	500.00	0.01	3.5292	6	1
407	792.00	0.00	1.5671	3	1
408	263.97	0.01	2.1224	4	1
408	500.00	0.38	4.5816	6	1
408	792.00	0.00	0.8617	2	1
409	263.97	0.01	2.8246	5	1
409	500.00	0.00	0.7057	2	1
409	792.00	0.00	1.4114	3	1
410	263.97	0.01	0.7084	2	1
410	500.00	0.39	2.9483	4	1
410	791.92	0.01	2.8858	5	1
411	263.97	0.01	2.1276	4	1
411	500.00	0.02	3.0505	4	1
411	791.92	0.01	2.3020	4	1
412	262.97	0.39	4.3109	6	1
412	500.00	0.01	2.5730	4	1
412	791.92	0.01	3.0832	5	1
413	263.97	0.01	1.4138	3	1
413	500.00	0.00	2.4567	4	1
413	791.92	0.01	2.6699	4	1
414	263.97	0.01	2.1188	4	1
414	500.00	0.00	2.5347	4	1
414	791.68	0.04	3.0465	4	1
415	264.00	0.00	2.1171	4	1
415	500.00	0.04	1.7428	3	1
415	792.00	0.00	0.7057	2	1
416	263.97	0.01	2.1229	4	1
416	500.00	0.01	3.6860	5	1
416	791.92	0.01	3.8958	6	1
417	263.00	0.38	4.3039	6	1
417	500.00	0.01	2.4436	4	1
417	788.99	0.38	4.6957	6	1
418	263.44	0.21	3.6527	5	1
418	500.00	0.01	3.5292	6	1
418	792.00	0.00	1.4114	3	1
419	264.00	0.00	1.4114	3	1
419	500.00	0.00	2.6979	4	1
419	791.68	0.04	1.9218	3	1
420	264.00	0.00	0.7057	2	1
420	500.00	0.02	2.1302	3	1
420	791.84	0.02	1.8679	3	1
421	263.97	0.01	1.4116	3	1
421	500.00	0.01	2.6673	4	1
421	791.92	0.01	3.8958	6	1
422	263.97	0.01	2.1212	4	1
422	500.00	0.01	2.8489	5	1
422	792.00	0.00	1.4114	3	1
423	262.39	0.61	2.3303	3	1
423	500.00	0.00	2.8125	4	1
423	791.92	0.01	2.4897	4	1
424	264.00	0.00	1.4114	3	1
424	500.00	0.01	0.7059	2	1
424	791.92	0.01	3.5395	6	1
425	263.97	0.01	4.2350	7	1
425	500.00	0.05	1.7612	3	1
425	791.92	0.01	2.3737	4	1
426	263.97	0.01	2.9005	5	1
426	500.00	0.00	2.8228	5	1
426	791.92	0.01	1.4117	3	1
427	263.97	0.01	2.8264	5	1
427	500.00	0.39	4.3211	6	1
427	791.92	0.01	1.4858	3	1
428	264.00	0.00	2.1171	4	1
428	500.00	0.01	2.8235	5	1
428	791.92	0.01	1.4142	3	1
429	263.97	0.01	2.1189	4	1
429	500.00	0.00	0.7057	2	1
429	791.84	0.02	0.9513	2	1
430	263.97	0.01	0.7059	2	1
430	500.00	0.01	0.7770	2	1
430	791.92	0.01	2.1278	4	1
431	263.97	0.01	1.4129	3	1
431	500.00	0.00	1.4114	3	1
431	791.92	0.01	2.1192	4	1
432	262.36	0.62	3.2647	4	1
432	500.00	0.00	1.4114	3	1
432	791.84	0.02	1.6554	3	1
433	264.00	0.00	1.4114	3	1
433	500.00	0.01	2.1189	4	1
433	791.92	0.01	1.4362	3	1
434	264.00	0.00	2.8228	5	1
434	500.00	0.01	1.4119	3	1
434	791.92	0.01	1.4149	3	1
435	264.00	0.00	2.1171	4	1
435	500.00	0.38	4.5548	6	1
435	792.00	0.00	1.4114	3	1
436	263.89	0.04	2.4445	4	1
436	500.00	0.01	2.1219	4	1
436	792.00	0.00	1.4114	3	1
437	264.00	0.00	1.4114	3	1
437	500.00	0.01	2.8987	5	1
437	792.00	0.00	1.4114	3	1
438	264.00	0.00	1.4114	3	1
438	500.00	0.01	3.1667	5	1
438	792.00	0.00	2.2491	4	1
439	264.00	0.00	1.4114	3	1
439	500.00	0.01	1.4763	3	1
439	791.92	0.01	2.5613	4	1
440	264.00	0.00	2.1171	4	1
440	500.00	0.04	1.7428	3	1
440	792.00	0.00	0.7057	2	1
441	264.00	0.00	1.4114	3	1
441	500.00	0.01	2.6703	4	1
441	788.99	0.38	4.4594	6	1
442	263.95	0.02	2.3553	4	1
442	500.00	0.01	1.8293	3	1
442	792.00	0.00	3.0061	5	1
443	264.00	0.00	1.4114	3	1
443	500.00	0.01	1.4858	3	1
443	791.92	0.01	1.4142	3	1
444	264.00	0.00	1.4114	3	1
444	500.00	0.02	2.3341	3	1
444	791.92	0.01	2.3766	4	1
445	263.97	0.01	1.4142	3	1
445	500.00	0.43	4.2103	5	1
445	791.84	0.02	1.6495	3	1
446	263.97	0.01	2.1208	4	1
446	500.00	0.01	3.5343	6	1
446	792.00	0.00	1.5957	3	1
447	263.97	0.01	1.4154	3	1
447	500.00	0.20	2.2548	3	1
447	791.92	0.01	4.2350	7	1
448	264.00	0.00	2.1171	4	1
448	500.00	0.01	2.1276	4	1
448	792.00	0.00	1.4114	3	1
449	264.00	0.00	2.1171	4	1
449	500.00	0.00	0.7057	2	1
449	791.92	0.01	2.9116	5	1
450	264.00	0.00	0.7057	2	1
450	500.00	0.00	0.7057	2	1
450	791.92	0.01	2.9105	5	1
451	263.97	0.01	3.5397	6	1
451	500.00	0.02	3.3257	5	1
451	788.91	0.39	3.0543	4	1
452	263.97	0.01	2.8244	5	1
452	500.00	0.00	1.4114	3	1
452	791.60	0.05	1.7612	3	1
453	263.97	0.01	2.1187	4	1
453	500.00	1.04	2.1258	2	1
453	792.00	0.00	2.5872	4	1
454	263.97	0.01	2.8266	5	1
454	500.00	0.02	2.1994	3	1
454	791.92	0.01	4.2350	7	1
455	263.97	0.01	2.1432	4	1
455	500.00	0.00	0.7057	2	1
455	792.00	0.00	1.4114	3	1
456	263.97	0.01	2.1915	4	1
456	500.00	0.41	3.9749	4	1
456	788.91	0.39	3.7599	5	1
457	263.97	0.01	2.8235	5	1
457	500.00	0.01	3.7911	5	1
457	791.92	0.01	3.1382	5	1
458	262.97	0.39	5.0197	7	1
458	500.00	0.38	4.7057	6	1
458	791.84	0.02	3.1188	4	1
459	263.97	0.01	4.2383	7	1
459	500.00	0.00	1.4114	3	1
459	791.84	0.02	3.1156	5	1
460	263.97	0.01	1.4174	3	1
460	500.00	0.00	1.4114	3	1
460	792.00	0.00	0.7057	2	1
461	263.97	0.01	2.1212	4	1
461	500.00	0.01	2.8235	5	1
461	791.92	0.01	2.1512	4	1
462	264.00	0.00	1.4114	3	1
462	500.00	0.04	2.4445	4	1
462	791.92	0.01	2.2065	4	1
463	263.97	0.01	3.5292	6	1
463	500.00	0.01	2.1188	4	1
463	792.00	0.00	0.7057	2	1
464	264.00	0.00	2.1171	4	1
464	500.00	0.01	2.3926	4	1
464	791.92	0.01	3.3303	5	1
465	264.00	0.00	0.7057	2	1
465	500.00	0.00	1.5541	3	1
465	792.00	0.00	2.1171	4	1
466	263.97	0.01	1.4116	3	1
466	500.00	0.01	1.7252	3	1
466	791.92	0.01	4.6045	7	1
467	264.00	0.00	0.7057	2	1
467	500.00	0.01	2.8285	5	1
467	792.00	0.00	0.7057	2	1
468	263.97	0.01	2.1175	4	1
468	500.00	0.01	2.8248	5	1
468	788.91	0.39	3.6024	5	1
469	264.00	0.00	1.4114	3	1
469	500.00	0.01	3.5292	6	1
469	788.91	0.39	2.1854	3	1
470	263.97	0.01	2.1177	4	1
470	500.00	0.00	1.4114	3	1
470	792.00	0.00	1.4114	3	1
471	263.00	0.38	4.3005	6	1
471	500.00	0.00	2.8228	5	1
471	792.00	0.00	1.4114	3	1
472	263.97	0.01	2.1227	4	1
472	500.00	0.01	1.4116	3	1
472	792.00	0.00	1.4114	3	1
473	263.89	0.04	2.4496	4	1
473	500.00	0.02	2.3450	4	1
473	791.84	0.02	0.9814	2	1
474	263.97	0.01	2.1189	4	1
474	500.00	0.38	5.1453	6	1
474	791.92	0.01	2.6437	4	1
475	263.97	0.01	1.4218	3	1
475	500.00	0.00	1.6476	3	1
475	788.99	0.38	3.7794	5	1
476	264.00	0.00	2.8228	5	1
476	500.00	0.01	2.3965	4	1
476	791.92	0.01	3.3556	5	1
477	263.97	0.01	2.9028	5	1
477	500.00	0.00	1.4114	3	1
477	792.00	0.00	1.4114	3	1
478	263.97	0.01	2.1224	4	1
478	500.00	0.02	3.0759	5	1
478	792.00	0.00	2.1872	4	1
479	263.97	0.01	2.8235	5	1
479	500.00	0.01	1.4246	3	1
479	791.92	0.01	0.7162	2	1
480	264.00	0.00	2.8228	5	1
480	500.00	0.01	2.1177	4	1
480	792.00	0.00	2.2052	4	1
481	263.97	0.01	3.5292	6	1
481	500.00	0.00	1.8418	3	1
481	791.92	0.01	2.3491	4	1
482	263.92	0.03	2.4042	4	1
482	500.00	0.19	2.0035	3	1
482	788.91	0.39	2.9253	4	1
483	263.00	0.38	3.6183	5	1
483	500.00	0.01	2.2472	4	1
483	791.92	0.01	1.4119	3	1
484	264.00	0.00	1.4114	3	1
484	500.00	0.04	1.9407	3	1
484	791.92	0.01	2.5003	4	1
485	263.00	0.38	3.5955	5	1
485	500.00	0.00	0.7057	2	1
485	791.92	0.01	2.1231	4	1
486	263.97	0.01	2.1177	4	1
486	500.00	0.01	1.4166	3	1
486	792.00	0.00	2.2069	4	1
487	264.00	0.00	1.4114	3	1
487	500.00	0.00	1.8290	3	1
487	791.92	0.01	2.4842	4	1
488	263.97	0.01	3.5292	6	1
488	500.00	0.00	1.8290	3	1
488	792.00	0.00	2.4836	4	1
489	264.00	0.00	1.4114	3	1
489	500.00	0.00	0.7057	2	1
489	792.00	0.00	0.7057	2	1
490	264.00	0.00	2.1171	4	1
490	500.00	0.41	4.3454	5	1
490	791.84	0.02	2.3553	4	1
491	263.97	0.01	2.1278	4	1
491	500.00	0.00	1.6094	3	1
491	791.92	0.01	3.0991	5	1
492	264.00	0.00	2.1171	4	1
492	500.00	0.01	2.1177	4	1
492	791.92	0.01	1.4129	3	1
493	263.97	0.01	2.1457	4	1
493	500.00	0.38	4.1453	5	1
493	791.92	0.01	2.2077	4	1
494	263.97	0.01	2.1207	4	1
494	500.00	0.02	1.6495	3	1
494	791.92	0.01	0.7074	2	1
495	264.00	0.00	2.1171	4	1
495	500.00	0.04	2.5542	4	1
495	791.84	0.02	2.5921	4	1
496	263.95	0.02	3.0612	5	1
496	500.00	0.02	3.0713	5	1
496	791.92	0.01	2.2396	4	1
497	263.95	0.02	1.6872	3	1
497	500.00	0.00	2.3920	4	1
497	791.92	0.01	4.6042	7	1
498	263.97	0.01	2.8232	5	1
498	500.00	0.01	2.4027	4	1
498	792.00	0.00	3.1497	5	1
499	263.97	0.01	2.1208	4	1
499	500.00	0.00	0.7057	2	1
499	791.92	0.01	1.4130	3	1