383	264.00	0.00	2.8228	5	1
383	500.00	0.00	2.3920	4	1
383	792.00	0.00	3.8950	6	1
384	264.00	0.00	3.5285	6	1
384	500.00	0.00	2.1547	4	1
384	792.00	0.00	3.5285	6	1
385	264.00	0.00	2.1171	4	1
385	500.00	0.00	1.7239	3	1
385	792.00	0.00	3.7117	6	1
386	264.00	0.00	1.4114	3	1
386	500.00	0.00	2.8228	5	1
386	792.00	0.00	0.7057	2	1
387	264.00	0.00	2.8228	5	1
387	500.00	0.00	3.3726	5	1
387	792.00	0.00	4.0532	6	1
388	264.00	0.00	3.5285	6	1
388	500.00	0.00	2.1171	4	1
388	792.00	0.00	2.9109	5	1
389	264.00	0.00	4.9399	8	1
389	500.00	0.00	4.7840	7	1
389	792.00	0.00	2.9533	5	1
390	264.00	0.00	2.8228	5	1
390	500.00	0.00	3.8034	6	1
390	792.00	0.00	2.9109	5	1
391	264.00	0.00	3.5285	6	1
391	500.00	0.00	2.1171	4	1
391	792.00	0.00	1.4114	3	1
392	264.00	0.00	3.5285	6	1
392	500.00	0.00	4.7840	7	1
392	792.00	0.00	4.5757	7	1
393	264.00	0.00	2.1171	4	1
393	500.00	0.00	3.8045	6	1
393	792.00	0.00	3.0061	5	1
394	264.00	0.00	2.1171	4	1
394	500.00	0.00	1.4114	3	1
394	792.00	0.00	1.4114	3	1
395	264.00	0.00	2.8228	5	1
395	500.00	0.00	2.1171	4	1
395	792.00	0.00	2.8228	5	1
396	264.00	0.00	2.1171	4	1
396	500.00	0.00	4.3532	6	1
396	792.00	0.00	4.0532	6	1
397	264.00	0.00	0.7057	2	1
397	500.00	0.00	4.2342	7	1
397	792.00	0.00	1.4114	3	1
398	264.00	0.00	2.8228	5	1
398	500.00	0.00	2.3920	4	1
398	792.00	0.00	2.9109	5	1
399	264.00	0.00	2.1171	4	1
399	500.00	0.00	2.1171	4	1
399	792.00	0.00	2.1171	4	1
400	264.00	0.00	2.8228	5	1
400	500.00	0.00	2.1171	4	1
400	792.00	0.00	0.7057	2	1
401	264.00	0.00	1.4114	3	1
401	500.00	0.00	4.5091	7	1
401	792.00	0.00	3.7117	6	1
402	264.00	0.00	2.1171	4	1
402	500.00	0.00	2.8228	5	1
402	792.00	0.00	3.5285	6	1
403	264.00	0.00	2.1171	4	1
403	500.00	0.00	4.0069	6	1
403	792.00	0.00	4.6007	7	1
404	264.00	0.00	2.8228	5	1
404	500.00	0.00	4.6656	6	1
404	792.00	0.00	5.1505	7	1
405	264.00	0.00	2.8228	5	1
405	500.00	0.00	3.8034	6	1
405	792.00	0.00	4.5757	7	1
406	264.00	0.00	4.9399	8	1
406	500.00	0.00	1.4114	3	1
406	792.00	0.00	1.4114	3	1
407	264.00	0.00	0.7057	2	1
407	500.00	0.00	4.6517	7	1
407	792.00	0.00	3.0485	5	1
408	264.00	0.00	2.1171	4	1
408	500.00	0.00	2.1171	4	1
408	792.00	0.00	4.9399	8	1
409	264.00	0.00	4.6280	7	1
409	500.00	0.00	2.5676	4	1
409	792.00	0.00	4.1636	6	1
410	264.00	0.00	2.8228	5	1
410	500.00	0.00	1.4114	3	1
410	792.00	0.00	1.4114	3	1
411	264.00	0.00	4.9399	8	1
411	500.00	0.00	2.8228	5	1
411	792.00	0.00	2.8606	5	1
412	264.00	0.00	2.8228	5	1
412	500.00	0.00	3.6850	5	1
412	792.00	0.00	4.2615	6	1
413	264.00	0.00	2.8228	5	1
413	500.00	0.00	2.8875	5	1
413	792.00	0.00	2.1595	4	1
414	264.00	0.00	2.8228	5	1
414	500.00	0.00	1.4114	3	1
414	792.00	0.00	2.8228	5	1
415	264.00	0.00	3.5285	6	1
415	500.00	0.00	1.4114	3	1
415	792.00	0.00	4.2342	7	1
416	264.00	0.00	2.1171	4	1
416	500.00	0.00	2.8228	5	1
416	792.00	0.00	2.1171	4	1
417	264.00	0.00	2.1171	4	1
417	500.00	0.00	1.4114	3	1
417	792.00	0.00	2.1171	4	1
418	264.00	0.00	2.8228	5	1
418	500.00	0.00	4.3532	6	1
418	792.00	0.00	4.0532	6	1
419	264.00	0.00	3.5285	6	1
419	500.00	0.00	2.1171	4	1
419	792.00	0.00	1.4114	3	1
420	264.00	0.00	2.8228	5	1
420	500.00	0.00	3.5285	6	1
420	792.00	0.00	0.7057	2	1
421	264.00	0.00	1.4114	3	1
421	500.00	0.00	0.7057	2	1
421	792.00	0.00	1.4114	3	1
422	264.00	0.00	2.8228	5	1
422	500.00	0.00	4.0783	6	1
422	792.00	0.00	3.8700	6	1
423	264.00	0.00	2.1171	4	1
423	500.00	0.00	3.5285	6	1
423	792.00	0.00	2.8228	5	1
424	264.00	0.00	2.8228	5	1
424	500.00	0.00	4.2209	6	1
424	792.00	0.00	2.5260	4	1
425	264.00	0.00	2.8228	5	1
425	500.00	0.00	2.9655	5	1
425	792.00	0.00	2.3004	4	1
426	264.00	0.00	2.1171	4	1
426	500.00	0.00	2.1171	4	1
426	792.00	0.00	1.4114	3	1
427	264.00	0.00	2.1171	4	1
427	500.00	0.00	2.8875	5	1
427	792.00	0.00	2.1171	4	1
428	264.00	0.00	4.2342	7	1
428	500.00	0.00	2.2598	4	1
428	792.00	0.00	2.3004	4	1
429	264.00	0.00	1.4114	3	1
429	500.00	0.00	2.8228	5	1
429	792.00	0.00	1.4114	3	1
430	264.00	0.00	2.1171	4	1
430	500.00	0.00	2.8228	5	1
430	792.00	0.00	0.7057	2	1
431	264.00	0.00	2.8228	5	1
431	500.00	0.00	2.8228	5	1
431	792.00	0.00	2.1171	4	1
432	264.00	0.00	2.1171	4	1
432	500.00	0.00	2.1171	4	1
432	792.00	0.00	1.4114	3	1
433	264.00	0.00	2.8228	5	1
433	500.00	0.00	2.8228	5	1
433	792.00	0.00	3.6867	6	1
434	264.00	0.00	2.1171	4	1
434	500.00	0.00	2.1171	4	1
434	792.00	0.00	1.4114	3	1
435	264.00	0.00	3.5285	6	1
435	500.00	0.00	1.4114	3	1
435	792.00	0.00	2.8228	5	1
436	264.00	0.00	1.4114	3	1
436	500.00	0.00	3.8034	6	1
436	792.00	0.00	2.2052	4	1
437	264.00	0.00	2.1171	4	1
437	500.00	0.00	2.1171	4	1
437	792.00	0.00	1.4114	3	1
438	264.00	0.00	2.1171	4	1
438	500.00	0.00	2.1171	4	1
438	792.00	0.00	2.1171	4	1
439	264.00	0.00	2.8228	5	1
439	500.00	0.00	1.4114	3	1
439	792.00	0.00	2.8228	5	1
440	264.00	0.00	3.5285	6	1
440	500.00	0.00	2.1171	4	1
440	792.00	0.00	1.4114	3	1
441	264.00	0.00	4.6494	7	1
441	500.00	0.00	3.0977	5	1
441	792.00	0.00	0.7057	2	1
442	264.00	0.00	0.7057	2	1
442	500.00	0.00	3.5152	5	1
442	792.00	0.00	2.4836	4	1
443	264.00	0.00	2.8228	5	1
443	500.00	0.00	2.1171	4	1
443	792.00	0.00	2.1171	4	1
444	264.00	0.00	3.5285	6	1
444	500.00	0.00	2.1171	4	1
444	792.00	0.00	1.4114	3	1
445	264.00	0.00	3.5285	6	1
445	500.00	0.00	2.3920	4	1
445	792.00	0.00	3.8700	6	1
446	264.00	0.00	2.1171	4	1
446	500.00	0.00	3.5285	6	1
446	792.00	0.00	2.8228	5	1
447	264.00	0.00	1.4114	3	1
447	500.00	0.00	1.4114	3	1
447	792.00	0.00	3.6867	6	1
448	264.00	0.00	2.8228	5	1
448	500.00	0.00	2.1171	4	1
448	792.00	0.00	2.8228	5	1
449	264.00	0.00	2.1171	4	1
449	500.00	0.00	3.8681	6	1
449	792.00	0.00	2.3004	4	1
450	264.00	0.00	4.2342	7	1
450	500.00	0.00	2.3920	4	1
450	792.00	0.00	3.0942	5	1
451	264.00	0.00	4.2342	7	1
451	500.00	0.00	4.8619	7	1
451	792.00	0.00	3.2317	5	1
452	264.00	0.00	2.1171	4	1
452	500.00	0.00	1.4114	3	1
452	792.00	0.00	2.1171	4	1
453	264.00	0.00	1.4114	3	1
453	500.00	0.00	2.8228	5	1
453	792.00	0.00	1.4114	3	1
454	264.00	0.00	2.1171	4	1
454	500.00	0.00	2.1171	4	1
454	792.00	0.00	3.5285	6	1
455	264.00	0.00	3.5285	6	1
455	500.00	0.00	2.9655	5	1
455	792.00	0.00	2.1171	4	1
456	264.00	0.00	1.4114	3	1
456	500.00	0.00	0.7704	2	1
456	792.00	0.00	2.3004	4	1
457	264.00	0.00	3.5285	6	1
457	500.00	0.00	0.7433	2	1
457	792.00	0.00	4.5798	7	1
458	264.00	0.00	4.2342	7	1
458	500.00	0.00	2.8228	5	1
458	792.00	0.00	2.1171	4	1
459	264.00	0.00	5.3337	7	1
459	500.00	0.00	2.1171	4	1
459	792.00	0.00	5.3581	8	1
460	264.00	0.00	2.1171	4	1
460	500.00	0.00	1.4114	3	1
460	792.00	0.00	4.3924	7	1
461	264.00	0.00	3.5285	6	1
461	500.00	0.00	2.1171	4	1
461	792.00	0.00	1.4114	3	1
462	264.00	0.00	2.1171	4	1
462	500.00	0.00	1.4114	3	1
462	792.00	0.00	1.4114	3	1
463	264.00	0.00	2.8228	5	1
463	500.00	0.00	3.9460	6	1
463	792.00	0.00	2.5356	4	1
464	264.00	0.00	3.5285	6	1
464	500.00	0.00	2.6358	4	1
464	792.00	0.00	5.2814	8	1
465	264.00	0.00	4.2342	7	1
465	500.00	0.00	4.8215	7	1
465	792.00	0.00	3.8950	6	1
466	264.00	0.00	2.1171	4	1
466	500.00	0.00	4.2342	7	1
466	792.00	0.00	1.5947	3	1
467	264.00	0.00	3.5285	6	1
467	500.00	0.00	4.2342	7	1
467	792.00	0.00	1.4114	3	1
468	264.00	0.00	4.9399	8	1
468	500.00	0.00	4.2342	7	1
468	792.00	0.00	1.4114	3	1
469	264.00	0.00	1.4114	3	1
469	500.00	0.00	3.8410	6	1
469	792.00	0.00	3.8950	6	1
470	264.00	0.00	3.5285	6	1
470	500.00	0.00	3.5285	6	1
470	792.00	0.00	2.8228	5	1
471	264.00	0.00	3.5285	6	1
471	500.00	0.00	3.1624	5	1
471	792.00	0.00	3.0061	5	1
472	264.00	0.00	2.1171	4	1
472	500.00	0.00	0.7433	2	1
472	792.00	0.00	4.4174	7	1
473	264.00	0.00	2.8228	5	1
473	500.00	0.00	4.3907	6	1
473	792.00	0.00	4.0783	6	1
474	264.00	0.00	3.5285	6	1
474	500.00	0.00	2.2598	4	1
474	792.00	0.00	3.0061	5	1
475	264.00	0.00	2.8228	5	1
475	500.00	0.00	1.4114	3	1
475	792.00	0.00	1.4114	3	1
476	264.00	0.00	4.9399	8	1
476	500.00	0.00	2.1171	4	1
476	792.00	0.00	0.7057	2	1
477	264.00	0.00	3.5285	6	1
477	500.00	0.00	3.8034	6	1
477	792.00	0.00	3.6867	6	1
478	264.00	0.00	2.1171	4	1
478	500.00	0.00	2.9655	5	1
478	792.00	0.00	3.0061	5	1
479	264.00	0.00	4.2342	7	1
479	500.00	0.00	3.6475	5	1
479	792.00	0.00	4.7589	7	1
480	264.00	0.00	2.1171	4	1
480	500.00	0.00	4.7204	7	1
480	792.00	0.00	2.3885	4	1
481	264.00	0.00	2.1171	4	1
481	500.00	0.00	3.1624	5	1
481	792.00	0.00	3.0485	5	1
482	264.00	0.00	2.1171	4	1
482	500.00	0.00	2.4567	4	1
482	792.00	0.00	3.1893	5	1
483	264.00	0.00	2.1171	4	1
483	500.00	0.00	2.1818	4	1
483	792.00	0.00	2.1171	4	1
484	264.00	0.00	4.7840	7	1
484	500.00	0.00	5.2148	8	1
484	792.00	0.00	1.4114	3	1
485	264.00	0.00	2.8228	5	1
485	500.00	0.00	1.8290	3	1
485	792.00	0.00	3.0061	5	1
486	264.00	0.00	1.4114	3	1
486	500.00	0.00	2.1171	4	1
486	796.09	0.00	2.1171	4	1
487	264.00	0.00	2.1171	4	1
487	500.00	0.00	2.8228	5	1
487	792.00	0.00	1.4114	3	1
488	264.00	0.00	1.4114	3	1
488	500.00	0.00	2.1171	4	1
488	792.00	0.00	2.1171	4	1
489	264.00	0.00	2.8228	5	1
489	500.00	0.00	2.1171	4	1
489	792.00	0.00	4.3924	7	1
490	264.00	0.00	2.8228	5	1
490	500.00	0.00	3.5285	6	1
490	792.00	0.00	2.1171	4	1
491	264.00	0.00	4.9399	8	1
491	500.00	0.00	0.7704	2	1
491	792.00	0.00	2.3004	4	1
492	264.00	0.00	2.1171	4	1
492	500.00	0.00	2.8228	5	1
492	792.00	0.00	2.8228	5	1
493	264.00	0.00	3.5285	6	1
493	500.00	0.00	4.5738	7	1
493	792.00	0.00	3.1893	5	1
494	264.00	0.00	4.9399	8	1
494	500.00	0.00	4.2342	7	1
494	792.00	0.00	1.4114	3	1
495	264.00	0.00	4.2342	7	1
495	500.00	0.00	2.1171	4	1
495	792.00	0.00	0.7057	2	1
496	264.00	0.00	1.4114	3	1
496	500.00	0.00	3.0977	5	1
496	792.00	0.00	4.3924	7	1
497	264.00	0.00	3.5285	6	1
497	500.00	0.00	0.8484	2	1
497	792.00	0.00	2.3004	4	1
498	264.00	0.00	2.8228	5	1
498	500.00	0.00	3.5285	6	1
498	792.00	0.00	1.5947	3	1
499	264.00	0.00	2.1171	4	1
499	500.00	0.00	2.1171	4	1
499	792.00	0.00	4.9399	8	1
