Links
43	15	1.0989
51	15	1.0989
6	15	1.0309
28	15	1.0526
27	15	1.1363
32	15	1.0000
26	15	1.0000
56	15	1.0000
55	15	1.0752
57	15	1.0101
9	15	1.0526
42	15	1.0000
34	15	1.0000
50	15	1.6051
45	15	1.8539
22	15	1.0000
31	15	1.0869
8	15	1.0869
13	15	1.5243
11	15	1.0638
30	15	1.3324
54	15	1.0204
36	15	1.0869
29	15	1.0309
48	15	1.0526
32	46	1.0964
12	46	1.0000
18	46	1.0000
34	46	1.0000
59	46	1.0519
16	46	1.0101
24	46	1.1111
50	46	1.1363
41	46	1.0309
20	46	1.0000
52	46	1.0101
47	46	1.0000
11	46	1.0526
44	46	1.1235
25	46	5.2910
43	28	5.2910
51	28	1.3466
6	28	1.0416
27	28	1.1446
32	28	3.3156
26	28	1.0638
17	28	1.0526
56	28	1.0526
38	28	1.0972
57	28	1.0000
9	28	1.1567
40	28	1.0204
15	28	1.0526
42	28	1.0204
19	28	1.0526
45	28	1.3297
33	28	1.0309
22	28	1.0638
31	28	1.0521
23	28	1.0629
30	28	1.1595
54	28	1.0413
36	28	1.1198
48	28	1.1317
10	45	1.1337
6	45	1.2817
3	45	1.8426
28	45	1.3297
32	45	1.3495
26	45	1.2345
12	45	1.7006
56	45	1.2500
38	45	1.2195
57	45	1.2318
18	45	1.3745
40	45	1.2195
15	45	1.8539
19	45	1.0869
34	45	1.2500
25	45	1.4981
21	45	1.4029
22	45	6.2111
4	45	1.4880
49	45	1.1627
31	45	1.0972
5	45	1.3910
37	45	1.2500
30	45	1.2913
58	45	1.2195
35	45	1.3082
32	16	1.0638
26	16	1.0979
12	16	1.0526
55	16	1.1687
18	16	1.0526
34	16	1.0638
24	16	2.0712
50	16	1.1081
41	16	1.0413
22	16	1.2370
20	16	1.0416
52	16	1.0307
47	16	1.0752
13	16	1.0526
11	16	1.0741
39	16	1.5243
44	16	1.1446
46	16	1.0101
43	22	1.0989
51	22	1.1235
6	22	1.0638
28	22	1.0638
32	22	1.0000
26	22	1.0000
56	22	1.0000
55	22	1.0416
18	22	1.0000
9	22	1.1235
15	22	1.0000
34	22	1.0000
16	22	1.2370
50	22	1.2048
45	22	6.2111
41	22	6.7567
14	22	1.1322
7	22	1.1454
31	22	1.0869
8	22	1.0869
13	22	1.0000
11	22	1.0101
54	22	1.0526
29	22	1.0309
48	22	1.0638
44	22	1.1235
39	22	5.0505
10	25	1.1317
26	25	1.2077
12	25	1.0638
18	25	1.0752
34	25	1.0752
59	25	1.0204
24	25	1.1820
21	25	1.1441
45	25	1.4981
4	25	1.2800
20	25	1.0752
49	25	1.0638
52	25	1.1562
47	25	1.0752
5	25	1.0741
58	25	1.0416
46	25	5.4112
6	33	1.2817
28	33	1.0309
27	33	1.0638
17	33	1.0000
38	33	1.0000
57	33	1.0101
40	33	1.0000
42	33	1.0000
53	33	1.0752
23	33	1.0101
30	33	1.1627
54	33	1.0309
32	50	1.0638
26	50	1.1904
12	50	1.1904
56	50	1.2345
55	50	1.2800
18	50	1.0869
15	50	1.6051
34	50	1.1111
16	50	1.1081
21	50	1.4705
41	50	1.1961
22	50	1.2048
20	50	1.2048
52	50	1.1328
13	50	1.1764
11	50	1.1111
29	50	2.1164
44	50	1.2777
46	50	1.1363
51	50	2.3809
39	50	1.7790
10	30	1.2939
6	30	1.2218
28	30	1.1595
27	30	1.4355
26	30	1.2048
56	30	1.1904
38	30	1.0989
57	30	1.0869
40	30	1.0416
15	30	1.3324
42	30	1.1363
19	30	1.0989
45	30	1.2768
33	30	1.1627
49	30	1.1764
2	30	1.2128
31	30	1.1337
37	30	1.1764
54	30	1.2254
35	30	1.2487
23	30	2.1290
6	40	1.0752
28	40	1.0204
27	40	1.1478
38	40	1.0000
57	40	1.0000
42	40	1.0000
19	40	1.0000
45	40	1.2195
33	40	1.0000
2	40	1.0309
31	40	1.0752
23	40	1.0204
37	40	1.0000
30	40	1.0416
54	40	1.0526
35	40	1.0989
43	36	1.0855
51	36	1.3815
28	36	1.1198
27	36	1.0869
17	36	1.0000
9	36	1.0972
15	36	1.0869
42	36	1.0309
53	36	1.0638
23	36	1.0307
54	36	1.0519
48	36	1.0413
10	3	1.1205
38	3	1.0309
1	3	1.0000
19	3	1.0309
45	3	1.8426
4	3	1.0632
49	3	1.0204
2	3	1.0628
5	3	1.0967
37	3	1.0000
58	3	1.0309
35	3	1.0855
43	51	1.1690
6	51	1.3255
28	51	1.3466
27	51	2.0833
32	51	1.2048
26	51	1.2658
56	51	1.1904
55	51	1.2817
9	51	1.1961
15	51	1.0989
50	51	2.4213
22	51	1.1235
14	51	1.3049
7	51	1.3419
31	51	1.5503
8	51	1.1987
13	51	1.2195
11	51	1.2682
54	51	1.2254
36	51	1.3815
29	51	1.1465
48	51	1.2112
44	51	13.7362
0	39	1.1081
55	39	1.2227
16	39	1.5060
50	39	1.7790
41	39	1.1973
22	39	5.4200
14	39	1.0416
7	39	1.1317
8	39	1.2639
13	39	1.0989
11	39	1.1849
29	39	1.2099
44	39	1.1318
32	39	2.4437
32	41	1.0752
12	41	5.6721
55	41	1.1562
18	41	1.0638
16	41	1.0413
50	41	1.1961
14	41	1.2210
20	41	1.0638
52	41	1.0851
13	41	1.0416
11	41	1.0632
39	41	1.1973
44	41	1.0851
46	41	1.0309
34	41	1.0752
22	41	6.7567
43	7	1.1563
51	7	1.3419
0	7	1.1198
55	7	1.1439
22	7	1.1454
14	7	1.0632
8	7	1.0964
13	7	1.0752
11	7	1.1687
29	7	1.1081
48	7	1.4355
39	7	1.1317
44	7	1.2077
3	2	1.0628
38	2	1.0309
1	2	1.0101
40	2	1.0309
19	2	1.0309
4	2	1.2383
49	2	1.0309
37	2	1.0101
30	2	1.2272
35	2	1.0967
10	38	1.0989
3	38	1.0309
28	38	1.0972
57	38	1.0101
1	38	1.0000
40	38	1.0000
42	38	1.0000
19	38	1.0000
45	38	1.2195
33	38	1.0000
49	38	1.0000
2	38	1.0309
31	38	1.0752
37	38	1.0000
30	38	1.0989
35	38	1.0869
10	34	1.0752
6	34	1.0752
32	34	1.0000
26	34	1.0000
12	34	1.0000
56	34	1.0000
55	34	1.1223
18	34	1.0000
15	34	1.0000
19	34	1.2484
59	34	1.1081
16	34	1.0638
25	34	1.0752
50	34	1.1111
21	34	1.1111
45	34	1.2500
41	34	1.0752
22	34	1.0000
20	34	1.0000
49	34	1.6666
52	34	1.0638
31	34	1.0638
11	34	1.0204
58	34	1.0000
46	34	1.0000
44	34	14.4927
43	17	10.8932
28	17	1.0526
27	17	1.0416
57	17	1.2212
9	17	1.0989
42	17	1.0000
33	17	1.0000
53	17	1.0416
23	17	1.0204
54	17	1.0309
36	17	1.0000
48	17	1.0416
43	27	1.4692
51	27	2.0833
6	27	1.2351
28	27	1.1446
17	27	1.0526
57	27	1.1223
9	27	1.2218
40	27	1.1610
15	27	1.1494
42	27	1.0526
33	27	1.0752
53	27	1.1439
23	27	1.0855
30	27	1.4524
54	27	1.0972
36	27	1.0989
48	27	1.1837
31	27	16.8350
51	56	1.1904
10	56	1.0989
6	56	1.0204
28	56	1.0526
32	56	1.0000
26	56	1.0000
55	56	1.0869
57	56	1.0101
18	56	1.0000
9	56	1.1363
15	56	1.0000
42	56	1.2515
19	56	1.0000
34	56	1.0000
50	56	1.2345
21	56	1.1764
45	56	1.2500
22	56	1.0000
31	56	1.0204
11	56	1.0638
30	56	1.1904
54	56	1.0526
29	56	1.0752
43	56	2.2456
43	13	1.7674
51	13	1.2195
0	13	1.1111
32	13	1.0000
55	13	1.0101
15	13	1.5432
16	13	1.0526
50	13	1.1764
41	13	1.0416
22	13	1.0000
14	13	1.0309
7	13	1.0752
8	13	1.0869
11	13	1.0309
29	13	1.0526
39	13	1.0989
44	13	1.0309
10	12	1.0638
32	12	1.0000
26	12	1.0000
18	12	1.0000
34	12	1.0000
59	12	1.0000
16	12	1.0526
25	12	1.0638
24	12	1.1111
50	12	1.1904
21	12	1.0869
45	12	1.6767
20	12	1.0000
49	12	1.9853
52	12	1.0526
47	12	1.0000
5	12	1.0869
11	12	5.4347
58	12	1.0000
46	12	1.0000
41	12	5.8139
51	31	1.5503
10	31	1.1318
6	31	1.0413
28	31	1.0521
27	31	17.6366
32	31	1.0869
26	31	1.0526
56	31	1.0204
38	31	1.0752
57	31	1.0521
18	31	4.6253
9	31	1.2626
40	31	1.0752
15	31	1.0869
42	31	1.0869
19	31	1.0204
34	31	1.0638
21	31	1.2650
45	31	1.0972
22	31	1.0869
49	31	1.0869
30	31	1.1337
54	31	1.1322
58	31	1.1574
35	31	1.1816
51	11	1.2682
6	11	1.6460
32	11	1.0000
26	11	1.0416
12	11	5.5555
56	11	1.0638
55	11	1.0413
18	11	1.0309
15	11	1.0638
34	11	1.0204
16	11	1.0741
50	11	1.1111
41	11	1.0632
22	11	1.0101
14	11	1.0851
7	11	1.1687
52	11	1.1198
8	11	1.2210
13	11	1.0309
29	11	1.1080
39	11	1.1849
44	11	1.0979
46	11	1.0526
12	24	1.1111
18	24	1.1235
59	24	1.0526
25	24	1.1820
21	24	1.3218
20	24	1.0638
52	24	1.1820
47	24	1.0416
5	24	1.2484
58	24	1.4367
46	24	1.1111
16	24	2.0424
10	37	1.0752
3	37	1.0000
38	37	1.0000
1	37	1.0000
40	37	1.0000
19	37	1.0000
45	37	1.2500
4	37	1.1111
49	37	1.0000
2	37	1.0101
30	37	1.1904
58	37	1.1567
35	37	1.0526
10	59	1.0989
12	59	1.0000
18	59	1.0000
34	59	1.1081
25	59	1.0204
24	59	1.0526
21	59	1.1235
20	59	1.0000
49	59	2.2614
52	59	1.0638
47	59	1.0000
5	59	1.0526
58	59	1.0000
46	59	1.0519
10	18	1.0989
32	18	1.0000
26	18	1.0000
12	18	1.0000
56	18	1.0000
34	18	1.0000
59	18	1.0000
16	18	1.0526
25	18	1.0752
24	18	1.1235
50	18	1.0869
21	18	1.1363
45	18	1.3745
41	18	1.0638
22	18	1.0000
20	18	1.0000
52	18	1.0101
47	18	1.0000
11	18	1.0309
58	18	1.0000
44	18	1.5898
46	18	1.0000
31	18	4.6253
10	21	1.1695
32	21	1.2169
26	21	1.1627
12	21	1.0989
56	21	1.1904
18	21	1.1494
19	21	1.1627
34	21	1.1111
59	21	1.1235
25	21	1.1441
24	21	1.3218
50	21	1.4705
45	21	1.4190
4	21	1.4005
20	21	1.1904
49	21	1.1363
52	21	1.2800
31	21	1.2650
5	21	1.1820
58	21	1.0989
35	21	1.6281
10	4	1.2359
3	4	1.0632
1	4	1.1111
19	4	1.1627
25	4	1.2800
21	4	1.3842
45	4	1.4880
49	4	1.1494
2	4	1.2383
5	4	1.1337
37	4	1.1111
58	4	1.1494
35	4	1.2631
43	8	1.0412
51	8	1.1987
0	8	1.2351
55	8	1.1317
9	8	1.1820
15	8	1.0869
22	8	1.0869
14	8	1.0855
7	8	1.0964
13	8	1.0869
11	8	1.2210
54	8	2.4838
29	8	1.0203
48	8	1.0738
39	8	1.2639
32	8	3.5650
12	47	1.0000
18	47	1.0000
59	47	1.0000
16	47	1.0752
25	47	1.0752
24	47	1.0416
20	47	1.0000
52	47	1.0638
46	47	1.0000
43	54	1.1567
51	54	1.2254
6	54	1.0632
28	54	1.0413
27	54	1.0972
26	54	1.8057
17	54	1.0309
56	54	1.0526
57	54	1.0307
9	54	1.0855
40	54	1.0526
15	54	1.0204
42	54	1.0204
33	54	1.0309
22	54	1.0526
53	54	1.2077
31	54	1.1322
8	54	2.4813
23	54	1.0519
30	54	1.2383
36	54	1.0519
29	54	1.1944
48	54	1.0738
32	52	1.0869
26	52	1.0869
12	52	1.0526
18	52	1.0101
34	52	1.0638
59	52	1.0638
16	52	1.0307
25	52	1.1562
24	52	1.1820
50	52	1.1328
21	52	1.2650
41	52	1.0851
20	52	1.0204
47	52	1.0638
11	52	1.1198
44	52	1.2212
46	52	1.0101
43	29	1.0855
51	29	1.1465
0	29	1.3218
6	29	1.3239
32	29	1.0638
56	29	1.0752
55	29	1.0964
9	29	1.1583
15	29	1.0309
22	29	1.0309
14	29	1.0741
7	29	1.1081
8	29	1.0203
13	29	1.0526
11	29	1.1080
54	29	1.1944
48	29	1.0851
39	29	1.2099
44	29	1.1695
50	29	2.1505
10	49	1.0416
3	49	1.0204
26	49	1.1085
12	49	1.9569
38	49	1.0000
1	49	1.1091
19	49	1.0000
59	49	2.2281
25	49	1.0638
21	49	1.1235
45	49	1.1627
4	49	1.1494
2	49	1.0309
31	49	1.0869
5	49	1.0204
37	49	1.0000
30	49	1.1904
58	49	1.0000
35	49	1.0869
34	49	1.6891
43	9	1.1198
51	9	1.1961
6	9	1.1953
28	9	1.1567
27	9	1.2218
32	9	1.3586
17	9	1.0989
56	9	1.1363
55	9	1.2212
57	9	1.1478
15	9	1.0526
42	9	1.1235
22	9	1.1235
31	9	1.2626
8	9	1.1820
23	9	1.7828
54	9	1.0855
36	9	1.0972
29	9	1.1583
48	9	1.0628
12	20	1.0000
18	20	1.0000
34	20	1.0000
59	20	1.0000
16	20	1.0416
25	20	1.0752
24	20	1.0638
50	20	1.2048
21	20	1.1764
41	20	1.0638
52	20	1.0204
47	20	1.0000
46	20	1.0000
51	43	1.1690
6	43	1.4347
27	43	1.4692
56	43	2.2456
55	43	1.1439
9	43	1.1198
15	43	1.0989
22	43	1.0989
14	43	1.1454
7	43	1.1563
8	43	1.0412
13	43	1.7674
54	43	1.1567
36	43	1.0855
29	43	1.0855
48	43	1.0738
28	43	5.1679
17	43	10.5042
43	14	1.1454
51	14	1.3049
0	14	1.0638
55	14	1.0851
41	14	1.2210
22	14	1.1322
7	14	1.0632
8	14	1.0855
13	14	1.0309
11	14	1.0851
29	14	1.0741
39	14	1.0416
44	14	1.1205
10	19	1.0416
6	19	1.0752
3	19	1.0309
28	19	1.0526
26	19	1.0000
56	19	1.0000
38	19	1.0000
57	19	1.0101
40	19	1.0000
34	19	1.2212
21	19	1.1627
45	19	1.0869
4	19	1.1627
49	19	1.0000
2	19	1.0309
31	19	1.0204
5	19	1.4190
37	19	1.0000
30	19	1.0989
58	19	1.0000
35	19	1.0752
10	5	1.1081
3	5	1.0967
12	5	1.0869
19	5	1.4190
59	5	1.0526
25	5	1.0741
24	5	1.2484
21	5	1.1690
45	5	1.3910
4	5	1.1337
49	5	1.0204
58	5	1.0204
35	5	1.1816
51	26	1.2658
10	26	1.0752
6	26	1.0638
28	26	1.0638
32	26	1.0000
12	26	1.0000
56	26	1.0000
55	26	1.0869
57	26	1.1563
18	26	1.0000
15	26	1.0000
19	26	1.0000
34	26	1.0000
16	26	1.0979
25	26	1.2077
50	26	1.1904
21	26	1.1494
45	26	1.2345
22	26	1.0000
49	26	1.1085
52	26	1.0869
31	26	1.0526
11	26	1.0416
30	26	1.2048
54	26	1.8057
58	26	1.0000
51	32	1.2048
6	32	1.0752
28	32	3.3806
26	32	1.0000
12	32	1.0000
56	32	1.0000
55	32	1.0204
18	32	1.0000
9	32	1.3736
15	32	1.0000
34	32	1.0000
16	32	1.0638
50	32	1.0638
21	32	1.2025
45	32	1.3495
41	32	1.0752
22	32	1.0000
52	32	1.0869
31	32	1.0869
13	32	1.0000
11	32	1.0000
29	32	1.0638
44	32	1.1235
46	32	1.0964
8	32	3.5650
39	32	2.4050
10	35	1.1816
3	35	1.0855
38	35	1.0869
57	35	2.0755
1	35	1.0638
40	35	1.0989
19	35	1.0752
21	35	1.6281
45	35	1.3082
4	35	1.2631
49	35	1.0869
2	35	1.0967
31	35	1.1816
5	35	1.1816
37	35	1.0526
30	35	1.2487
58	35	1.0989
55	0	1.2082
14	0	1.0638
7	0	1.1198
8	0	1.2352
13	0	1.1111
29	0	1.3219
39	0	1.1082
44	0	1.2210
43	48	1.0738
51	48	1.2112
6	48	1.1687
28	48	1.1317
27	48	1.1837
17	48	1.0416
9	48	1.0628
15	48	1.0526
42	48	1.1837
22	48	1.0638
53	48	1.9872
8	48	1.0738
54	48	1.0738
36	48	1.0413
29	48	1.0851
55	48	5.6306
7	48	1.4355
6	57	1.0632
28	57	1.0000
27	57	1.1223
26	57	1.1690
17	57	1.2212
56	57	1.0101
38	57	1.0101
9	57	1.1478
40	57	1.0000
15	57	1.0101
42	57	1.0101
19	57	1.0101
45	57	1.2318
33	57	1.0101
31	57	1.0521
23	57	1.0307
30	57	1.0869
54	57	1.0307
35	57	2.1043
10	58	1.0526
3	58	1.0309
26	58	1.0000
12	58	1.0000
18	58	1.0000
19	58	1.0000
34	58	1.0000
59	58	1.0000
25	58	1.0416
21	58	1.0989
45	58	1.2195
4	58	1.1494
49	58	1.0000
31	58	1.1454
5	58	1.0204
37	58	1.1567
35	58	1.0989
24	58	1.4367
28	23	1.0629
27	23	1.0855
17	23	1.0204
57	23	1.0307
9	23	1.7828
40	23	1.0204
42	23	1.0101
33	23	1.0101
53	23	1.0855
30	23	2.1290
54	23	1.0519
36	23	1.0307
43	6	1.4347
51	6	1.3255
10	6	1.5243
28	6	1.0416
27	6	1.2493
32	6	1.0752
26	6	1.0638
56	6	1.0204
55	6	3.1328
57	6	1.0632
9	6	1.1953
40	6	1.0752
15	6	1.0309
42	6	1.0638
19	6	1.0752
34	6	1.0752
45	6	1.2817
33	6	1.2817
22	6	1.0638
31	6	1.0413
11	6	1.6460
30	6	1.2218
54	6	1.0632
29	6	1.3239
48	6	1.1687
6	42	1.0638
28	42	1.0204
27	42	1.0526
17	42	1.0000
56	42	1.2515
38	42	1.0000
57	42	1.0101
9	42	1.1235
40	42	1.0000
15	42	1.0000
33	42	1.0000
53	42	1.0752
31	42	1.0869
23	42	1.0101
30	42	1.1363
54	42	1.0204
36	42	1.0309
48	42	1.1837
43	55	1.1439
51	55	1.2817
0	55	1.2081
6	55	3.0266
32	55	1.0204
26	55	1.0869
56	55	1.0869
9	55	1.2212
15	55	1.0752
34	55	1.1223
16	55	1.1687
50	55	1.2800
41	55	1.1562
22	55	1.0416
14	55	1.0851
7	55	1.1439
8	55	1.1317
13	55	1.0101
11	55	1.0413
29	55	1.0964
39	55	1.2227
44	55	1.1446
48	55	5.4824
0	44	1.2210
32	44	1.1235
55	44	1.1446
18	44	1.5686
16	44	1.1446
50	44	1.2777
41	44	1.0851
22	44	1.1235
14	44	1.1205
7	44	1.2077
52	44	1.2212
13	44	1.0309
11	44	1.0979
29	44	1.1695
39	44	1.1318
46	44	1.1235
51	44	15.4320
34	44	14.4927
6	10	1.5243
3	10	1.1205
26	10	1.0752
12	10	1.0638
56	10	1.0989
38	10	1.1111
18	10	1.0989
19	10	1.0416
34	10	1.0752
59	10	1.0989
25	10	1.1317
21	10	1.1567
45	10	1.1337
4	10	1.2359
49	10	1.0416
31	10	1.1318
5	10	1.1081
37	10	1.0752
30	10	1.2939
58	10	1.0526
35	10	1.1816
27	53	1.1317
17	53	1.0416
42	53	1.0752
33	53	1.0752
23	53	1.0855
54	53	1.2077
36	53	1.0638
48	53	1.9872
3	1	1.0000
38	1	1.0000
4	1	1.1111
2	1	1.0101
37	1	1.0000
35	1	1.0638
49	1	1.1091
Source
1
1
2
2
Destination
0
0
0
0
FlowTime
559763
559763
559763
559763
