Links
0	1	1.0000
0	2	1.0000
0	3	1.0029
0	8	1.0000
0	9	1.0000
0	10	1.0000
0	11	1.2478
0	16	1.0000
0	17	1.0000
0	18	1.2237
1	0	1.0000
1	2	1.0000
1	3	1.0000
1	4	1.0026
1	8	1.0000
1	9	1.0000
1	10	1.0000
1	11	1.0000
1	12	1.2437
1	16	1.0000
1	17	1.0000
1	18	1.0000
1	19	1.2248
2	0	1.0000
2	1	1.0000
2	3	1.0000
2	4	1.0000
2	5	1.0026
2	8	1.0000
2	9	1.0000
2	10	1.0000
2	11	1.0000
2	12	1.0000
2	13	1.2502
2	16	1.2204
2	17	1.0000
2	18	1.0000
2	19	1.0000
2	20	1.2158
3	0	1.0034
3	1	1.0000
3	2	1.0000
3	4	1.0000
3	5	1.0000
3	6	1.0029
3	8	1.2393
3	9	1.0000
3	10	1.0000
3	11	1.0000
3	12	1.0000
3	13	1.0000
3	14	1.2479
3	17	1.2139
3	18	1.0000
3	19	1.0000
3	20	1.0000
3	21	1.2209
4	1	1.0028
4	2	1.0000
4	3	1.0000
4	5	1.0000
4	6	1.0000
4	7	1.0024
4	9	1.2465
4	10	1.0000
4	11	1.0000
4	12	1.0000
4	13	1.0000
4	14	1.0000
4	15	1.2497
4	18	1.2237
4	19	1.0000
4	20	1.0000
4	21	1.0001
4	22	1.2210
5	2	1.0024
5	3	1.0000
5	4	1.0000
5	6	1.0000
5	7	1.0000
5	10	1.2463
5	11	1.0000
5	12	1.0000
5	13	1.0000
5	14	1.0000
5	15	1.0000
5	19	1.2248
5	20	1.0000
5	21	1.0000
5	22	1.0000
5	23	1.2262
6	3	1.0029
6	4	1.0000
6	5	1.0000
6	7	1.0000
6	11	1.2478
6	12	1.0000
6	13	1.0000
6	14	1.0000
6	15	1.0000
6	20	1.2158
6	21	1.0001
6	22	1.0000
6	23	1.0000
7	4	1.0026
7	5	1.0000
7	6	1.0000
7	12	1.2437
7	13	1.0000
7	14	1.0000
7	15	1.0000
7	21	1.2209
7	22	1.0000
7	23	1.0000
8	0	1.0000
8	1	1.0000
8	2	1.0000
8	3	1.2466
8	9	1.0000
8	10	1.0000
8	11	1.0029
8	16	1.0000
8	17	1.0000
8	18	1.0000
8	19	1.2495
8	24	1.0000
8	25	1.0000
8	26	1.2165
9	0	1.0000
9	1	1.0000
9	2	1.0000
9	3	1.0000
9	4	1.2422
9	8	1.0000
9	10	1.0000
9	11	1.0000
9	12	1.0022
9	16	1.0000
9	17	1.0000
9	18	1.0000
9	19	1.0000
9	20	1.2390
9	24	1.0000
9	25	1.0000
9	26	1.0000
9	27	1.2310
10	0	1.0000
10	1	1.0000
10	2	1.0000
10	3	1.0000
10	4	1.0000
10	5	1.2452
10	8	1.0000
10	9	1.0000
10	11	1.0000
10	12	1.0000
10	13	1.0024
10	16	1.0000
10	17	1.0000
10	18	1.0000
10	19	1.0000
10	20	1.0000
10	21	1.2443
10	24	1.2202
10	25	1.0000
10	26	1.0000
10	27	1.0000
10	28	1.2089
11	0	1.2451
11	1	1.0000
11	2	1.0000
11	3	1.0000
11	4	1.0000
11	5	1.0000
11	6	1.2503
11	8	1.0026
11	9	1.0000
11	10	1.0000
11	12	1.0000
11	13	1.0000
11	14	1.0022
11	16	1.2450
11	17	1.0000
11	18	1.0000
11	19	1.0000
11	20	1.0000
11	21	1.0000
11	22	1.2439
11	25	1.2148
11	26	1.0000
11	27	1.0000
11	28	1.0000
11	29	1.2217
12	1	1.2381
12	2	1.0000
12	3	1.0000
12	4	1.0000
12	5	1.0000
12	6	1.0000
12	7	1.2371
12	9	1.0030
12	10	1.0000
12	11	1.0000
12	13	1.0000
12	14	1.0000
12	15	1.0024
12	17	1.2392
12	18	1.0000
12	19	1.0000
12	20	1.0000
12	21	1.0000
12	22	1.0000
12	23	1.2498
12	26	1.2165
12	27	1.0000
12	28	1.0000
12	29	1.0000
12	30	1.2186
13	2	1.2471
13	3	1.0000
13	4	1.0000
13	5	1.0000
13	6	1.0000
13	7	1.0000
13	10	1.0026
13	11	1.0000
13	12	1.0000
13	14	1.0000
13	15	1.0000
13	18	1.2482
13	19	1.0000
13	20	1.0000
13	21	1.0000
13	22	1.0000
13	23	1.0000
13	27	1.2310
13	28	1.0000
13	29	1.0000
13	30	1.0001
13	31	1.2157
14	3	1.2466
14	4	1.0000
14	5	1.0000
14	6	1.0000
14	7	1.0000
14	11	1.0029
14	12	1.0000
14	13	1.0000
14	15	1.0000
14	19	1.2495
14	20	1.0000
14	21	1.0000
14	22	1.0000
14	23	1.0000
14	28	1.2089
14	29	1.0000
14	30	1.0000
14	31	1.0001
15	4	1.2422
15	5	1.0000
15	6	1.0000
15	7	1.0000
15	12	1.0022
15	13	1.0000
15	14	1.0000
15	20	1.2390
15	21	1.0000
15	22	1.0000
15	23	1.0000
15	29	1.2217
15	30	1.0001
15	31	1.0000
16	0	1.0000
16	1	1.0000
16	2	1.2238
16	8	1.0000
16	9	1.0000
16	10	1.0000
16	11	1.2478
16	17	1.0000
16	18	1.0000
16	19	1.0030
16	24	1.0000
16	25	1.0000
16	26	1.0000
16	27	1.2548
16	32	1.0000
16	33	1.0000
16	34	1.2245
17	0	1.0000
17	1	1.0000
17	2	1.0000
17	3	1.2224
17	8	1.0000
17	9	1.0000
17	10	1.0000
17	11	1.0000
17	12	1.2437
17	16	1.0000
17	18	1.0000
17	19	1.0000
17	20	1.0021
17	24	1.0000
17	25	1.0000
17	26	1.0000
17	27	1.0000
17	28	1.2325
17	32	1.0000
17	33	1.0000
17	34	1.0000
17	35	1.2248
18	0	1.2229
18	1	1.0000
18	2	1.0000
18	3	1.0000
18	4	1.2172
18	8	1.0000
18	9	1.0000
18	10	1.0000
18	11	1.0000
18	12	1.0000
18	13	1.2502
18	16	1.0000
18	17	1.0000
18	19	1.0000
18	20	1.0000
18	21	1.0028
18	24	1.0000
18	25	1.0000
18	26	1.0000
18	27	1.0000
18	28	1.0000
18	29	1.2459
18	32	1.2264
18	33	1.0000
18	34	1.0000
18	35	1.0001
18	36	1.2158
19	1	1.2124
19	2	1.0000
19	3	1.0000
19	4	1.0000
19	5	1.2233
19	8	1.2393
19	9	1.0000
19	10	1.0000
19	11	1.0000
19	12	1.0000
19	13	1.0000
19	14	1.2479
19	16	1.0016
19	17	1.0000
19	18	1.0000
19	20	1.0000
19	21	1.0000
19	22	1.0026
19	24	1.2467
19	25	1.0000
19	26	1.0000
19	27	1.0000
19	28	1.0000
19	29	1.0000
19	30	1.2431
19	33	1.2106
19	34	1.0000
19	35	1.0000
19	36	1.0001
19	37	1.2253
20	2	1.2238
20	3	1.0000
20	4	1.0000
20	5	1.0000
20	6	1.2250
20	9	1.2465
20	10	1.0000
20	11	1.0000
20	12	1.0000
20	13	1.0000
20	14	1.0000
20	15	1.2497
20	17	1.0024
20	18	1.0000
20	19	1.0000
20	21	1.0000
20	22	1.0000
20	23	1.0024
20	25	1.2371
20	26	1.0000
20	27	1.0000
20	28	1.0000
20	29	1.0000
20	30	1.0000
20	31	1.2381
20	34	1.2245
20	35	1.0001
20	36	1.0000
20	37	1.0001
20	38	1.2184
21	3	1.2224
21	4	1.0000
21	5	1.0000
21	6	1.0000
21	7	1.2140
21	10	1.2463
21	11	1.0000
21	12	1.0000
21	13	1.0000
21	14	1.0000
21	15	1.0000
21	18	1.0028
21	19	1.0000
21	20	1.0000
21	22	1.0000
21	23	1.0000
21	26	1.2425
21	27	1.0000
21	28	1.0000
21	29	1.0000
21	30	1.0000
21	31	1.0000
21	35	1.2248
21	36	1.0001
21	37	1.0000
21	38	1.0000
21	39	1.2274
22	4	1.2172
22	5	1.0000
22	6	1.0000
22	7	1.0001
22	11	1.2478
22	12	1.0000
22	13	1.0000
22	14	1.0000
22	15	1.0000
22	19	1.0030
22	20	1.0000
22	21	1.0000
22	23	1.0000
22	27	1.2548
22	28	1.0000
22	29	1.0000
22	30	1.0000
22	31	1.0000
22	36	1.2158
22	37	1.0001
22	38	1.0000
22	39	1.0000
23	5	1.2233
23	6	1.0000
23	7	1.0000
23	12	1.2437
23	13	1.0000
23	14	1.0000
23	15	1.0000
23	20	1.0021
23	21	1.0000
23	22	1.0000
23	28	1.2325
23	29	1.0000
23	30	1.0000
23	31	1.0000
23	37	1.2253
23	38	1.0000
23	39	1.0000
24	8	1.0000
24	9	1.0000
24	10	1.2215
24	16	1.0000
24	17	1.0000
24	18	1.0000
24	19	1.2495
24	25	1.0000
24	26	1.0000
24	27	1.0027
24	32	1.0000
24	33	1.0000
24	34	1.0000
24	35	1.2495
24	40	1.0000
24	41	1.0000
24	42	1.2214
25	8	1.0001
25	9	1.0000
25	10	1.0000
25	11	1.2242
25	16	1.0000
25	17	1.0000
25	18	1.0000
25	19	1.0000
25	20	1.2390
25	24	1.0000
25	26	1.0000
25	27	1.0000
25	28	1.0027
25	32	1.0000
25	33	1.0000
25	34	1.0000
25	35	1.0000
25	36	1.2380
25	40	1.0000
25	41	1.0000
25	42	1.0000
25	43	1.2264
26	8	1.2151
26	9	1.0000
26	10	1.0000
26	11	1.0001
26	12	1.2204
26	16	1.0000
26	17	1.0000
26	18	1.0000
26	19	1.0000
26	20	1.0000
26	21	1.2443
26	24	1.0000
26	25	1.0000
26	27	1.0000
26	28	1.0000
26	29	1.0023
26	32	1.0000
26	33	1.0000
26	34	1.0000
26	35	1.0000
26	36	1.0000
26	37	1.2500
26	40	1.2194
26	41	1.0000
26	42	1.0000
26	43	1.0001
26	44	1.2233
27	9	1.2216
27	10	1.0000
27	11	1.0000
27	12	1.0000
27	13	1.2283
27	16	1.2450
27	17	1.0000
27	18	1.0000
27	19	1.0000
27	20	1.0000
27	21	1.0000
27	22	1.2439
27	24	1.0029
27	25	1.0000
27	26	1.0000
27	28	1.0000
27	29	1.0000
27	30	1.0032
27	32	1.2498
27	33	1.0000
27	34	1.0000
27	35	1.0000
27	36	1.0000
27	37	1.0000
27	38	1.2435
27	41	1.2210
27	42	1.0000
27	43	1.0000
27	44	1.0000
27	45	1.2240
28	10	1.2215
28	11	1.0001
28	12	1.0000
28	13	1.0001
28	14	1.2253
28	17	1.2392
28	18	1.0000
28	19	1.0000
28	20	1.0000
28	21	1.0000
28	22	1.0000
28	23	1.2498
28	25	1.0023
28	26	1.0000
28	27	1.0000
28	29	1.0000
28	30	1.0000
28	31	1.0025
28	33	1.2355
28	34	1.0000
28	35	1.0000
28	36	1.0000
28	37	1.0000
28	38	1.0000
28	39	1.2509
28	42	1.2214
28	43	1.0001
28	44	1.0000
28	45	1.0000
28	46	1.2211
29	11	1.2242
29	12	1.0000
29	13	1.0000
29	14	1.0000
29	15	1.2255
29	18	1.2482
29	19	1.0000
29	20	1.0000
29	21	1.0000
29	22	1.0000
29	23	1.0000
29	26	1.0021
29	27	1.0000
29	28	1.0000
29	30	1.0000
29	31	1.0000
29	34	1.2478
29	35	1.0000
29	36	1.0000
29	37	1.0000
29	38	1.0000
29	39	1.0000
29	43	1.2264
29	44	1.0000
29	45	1.0000
29	46	1.0000
29	47	1.2226
30	12	1.2204
30	13	1.0001
30	14	1.0000
30	15	1.0000
30	19	1.2495
30	20	1.0000
30	21	1.0000
30	22	1.0000
30	23	1.0000
30	27	1.0027
30	28	1.0000
30	29	1.0000
30	31	1.0000
30	35	1.2495
30	36	1.0000
30	37	1.0000
30	38	1.0000
30	39	1.0000
30	44	1.2233
30	45	1.0000
30	46	1.0000
30	47	1.0000
31	13	1.2283
31	14	1.0000
31	15	1.0000
31	20	1.2390
31	21	1.0000
31	22	1.0000
31	23	1.0000
31	28	1.0027
31	29	1.0000
31	30	1.0000
31	36	1.2380
31	37	1.0000
31	38	1.0000
31	39	1.0000
31	45	1.2240
31	46	1.0000
31	47	1.0000
32	16	1.0000
32	17	1.0000
32	18	1.2237
32	24	1.0000
32	25	1.0000
32	26	1.0000
32	27	1.2548
32	33	1.0000
32	34	1.0000
32	35	1.0026
32	40	1.0000
32	41	1.0000
32	42	1.0000
32	43	1.2527
32	48	1.0000
32	49	1.0001
32	50	1.2191
33	16	1.0000
33	17	1.0000
33	18	1.0000
33	19	1.2248
33	24	1.0000
33	25	1.0000
33	26	1.0000
33	27	1.0000
33	28	1.2325
33	32	1.0000
33	34	1.0000
33	35	1.0000
33	36	1.0027
33	40	1.0000
33	41	1.0000
33	42	1.0000
33	43	1.0000
33	44	1.2451
33	48	1.0000
33	49	1.0000
33	50	1.0000
33	51	1.2239
34	16	1.2204
34	17	1.0000
34	18	1.0000
34	19	1.0000
34	20	1.2158
34	24	1.0000
34	25	1.0000
34	26	1.0000
34	27	1.0000
34	28	1.0000
34	29	1.2459
34	32	1.0000
34	33	1.0000
34	35	1.0000
34	36	1.0000
34	37	1.0019
34	40	1.0000
34	41	1.0000
34	42	1.0000
34	43	1.0000
34	44	1.0000
34	45	1.2501
34	48	1.2202
34	49	1.0001
34	50	1.0000
34	51	1.0000
34	52	1.2219
35	17	1.2139
35	18	1.0000
35	19	1.0000
35	20	1.0000
35	21	1.2209
35	24	1.2467
35	25	1.0000
35	26	1.0000
35	27	1.0000
35	28	1.0000
35	29	1.0000
35	30	1.2431
35	32	1.0023
35	33	1.0000
35	34	1.0000
35	36	1.0000
35	37	1.0000
35	38	1.0030
35	40	1.2451
35	41	1.0000
35	42	1.0000
35	43	1.0000
35	44	1.0000
35	45	1.0000
35	46	1.2436
35	49	1.2266
35	50	1.0000
35	51	1.0000
35	52	1.0000
35	53	1.2250
36	18	1.2237
36	19	1.0000
36	20	1.0000
36	21	1.0001
36	22	1.2210
36	25	1.2371
36	26	1.0000
36	27	1.0000
36	28	1.0000
36	29	1.0000
36	30	1.0000
36	31	1.2381
36	33	1.0021
36	34	1.0000
36	35	1.0000
36	37	1.0000
36	38	1.0000
36	39	1.0027
36	41	1.2459
36	42	1.0000
36	43	1.0000
36	44	1.0000
36	45	1.0000
36	46	1.0000
36	47	1.2465
36	50	1.2191
36	51	1.0000
36	52	1.0000
36	53	1.0001
36	54	1.2234
37	19	1.2248
37	20	1.0000
37	21	1.0000
37	22	1.0000
37	23	1.2262
37	26	1.2425
37	27	1.0000
37	28	1.0000
37	29	1.0000
37	30	1.0000
37	31	1.0000
37	34	1.0030
37	35	1.0000
37	36	1.0000
37	38	1.0000
37	39	1.0000
37	42	1.2438
37	43	1.0000
37	44	1.0000
37	45	1.0000
37	46	1.0000
37	47	1.0000
37	51	1.2239
37	52	1.0000
37	53	1.0000
37	54	1.0001
37	55	1.2117
38	20	1.2158
38	21	1.0001
38	22	1.0000
38	23	1.0000
38	27	1.2548
38	28	1.0000
38	29	1.0000
38	30	1.0000
38	31	1.0000
38	35	1.0026
38	36	1.0000
38	37	1.0000
38	39	1.0000
38	43	1.2527
38	44	1.0000
38	45	1.0000
38	46	1.0000
38	47	1.0000
38	52	1.2219
38	53	1.0001
38	54	1.0000
38	55	1.0000
39	21	1.2209
39	22	1.0000
39	23	1.0000
39	28	1.2325
39	29	1.0000
39	30	1.0000
39	31	1.0000
39	36	1.0027
39	37	1.0000
39	38	1.0000
39	44	1.2451
39	45	1.0000
39	46	1.0000
39	47	1.0000
39	53	1.2250
39	54	1.0001
39	55	1.0000
40	24	1.0000
40	25	1.0000
40	26	1.2165
40	32	1.0000
40	33	1.0000
40	34	1.0000
40	35	1.2495
40	41	1.0000
40	42	1.0000
40	43	1.0026
40	48	1.0000
40	49	1.0000
40	50	1.0000
40	51	1.2458
41	24	1.0000
41	25	1.0000
41	26	1.0000
41	27	1.2310
41	32	1.0000
41	33	1.0000
41	34	1.0000
41	35	1.0000
41	36	1.2380
41	40	1.0000
41	42	1.0000
41	43	1.0000
41	44	1.0022
41	48	1.0000
41	49	1.0000
41	50	1.0000
41	51	1.0000
41	52	1.2455
42	24	1.2202
42	25	1.0000
42	26	1.0000
42	27	1.0000
42	28	1.2089
42	32	1.0000
42	33	1.0000
42	34	1.0000
42	35	1.0000
42	36	1.0000
42	37	1.2500
42	40	1.0000
42	41	1.0000
42	43	1.0000
42	44	1.0000
42	45	1.0028
42	48	1.0000
42	49	1.0000
42	50	1.0000
42	51	1.0000
42	52	1.0000
42	53	1.2505
43	25	1.2148
43	26	1.0000
43	27	1.0000
43	28	1.0000
43	29	1.2217
43	32	1.2498
43	33	1.0000
43	34	1.0000
43	35	1.0000
43	36	1.0000
43	37	1.0000
43	38	1.2435
43	40	1.0021
43	41	1.0000
43	42	1.0000
43	44	1.0000
43	45	1.0000
43	46	1.0027
43	48	1.2428
43	49	1.0000
43	50	1.0000
43	51	1.0000
43	52	1.0000
43	53	1.0000
43	54	1.2486
44	26	1.2165
44	27	1.0000
44	28	1.0000
44	29	1.0000
44	30	1.2186
44	33	1.2355
44	34	1.0000
44	35	1.0000
44	36	1.0000
44	37	1.0000
44	38	1.0000
44	39	1.2509
44	41	1.0033
44	42	1.0000
44	43	1.0000
44	45	1.0000
44	46	1.0000
44	47	1.0027
44	49	1.2518
44	50	1.0000
44	51	1.0000
44	52	1.0000
44	53	1.0000
44	54	1.0000
44	55	1.2324
45	27	1.2310
45	28	1.0000
45	29	1.0000
45	30	1.0001
45	31	1.2157
45	34	1.2478
45	35	1.0000
45	36	1.0000
45	37	1.0000
45	38	1.0000
45	39	1.0000
45	42	1.0027
45	43	1.0000
45	44	1.0000
45	46	1.0000
45	47	1.0000
45	50	1.2441
45	51	1.0000
45	52	1.0000
45	53	1.0000
45	54	1.0000
45	55	1.0000
46	28	1.2089
46	29	1.0000
46	30	1.0000
46	31	1.0001
46	35	1.2495
46	36	1.0000
46	37	1.0000
46	38	1.0000
46	39	1.0000
46	43	1.0026
46	44	1.0000
46	45	1.0000
46	47	1.0000
46	51	1.2458
46	52	1.0000
46	53	1.0000
46	54	1.0000
46	55	1.0000
47	29	1.2217
47	30	1.0001
47	31	1.0000
47	36	1.2380
47	37	1.0000
47	38	1.0000
47	39	1.0000
47	44	1.0022
47	45	1.0000
47	46	1.0000
47	52	1.2455
47	53	1.0000
47	54	1.0000
47	55	1.0000
48	32	1.0000
48	33	1.0000
48	34	1.2245
48	40	1.0000
48	41	1.0000
48	42	1.0000
48	43	1.2527
48	49	1.0000
48	50	1.0000
48	51	1.0036
49	32	1.0000
49	33	1.0000
49	34	1.0000
49	35	1.2248
49	40	1.0000
49	41	1.0000
49	42	1.0000
49	43	1.0000
49	44	1.2451
49	48	1.0000
49	50	1.0000
49	51	1.0000
49	52	1.0025
50	32	1.2264
50	33	1.0000
50	34	1.0000
50	35	1.0001
50	36	1.2158
50	40	1.0000
50	41	1.0000
50	42	1.0000
50	43	1.0000
50	44	1.0000
50	45	1.2501
50	48	1.0000
50	49	1.0000
50	51	1.0000
50	52	1.0000
50	53	1.0028
51	33	1.2106
51	34	1.0000
51	35	1.0000
51	36	1.0001
51	37	1.2253
51	40	1.2451
51	41	1.0000
51	42	1.0000
51	43	1.0000
51	44	1.0000
51	45	1.0000
51	46	1.2436
51	48	1.0025
51	49	1.0000
51	50	1.0000
51	52	1.0000
51	53	1.0000
51	54	1.0022
52	34	1.2245
52	35	1.0001
52	36	1.0000
52	37	1.0001
52	38	1.2184
52	41	1.2459
52	42	1.0000
52	43	1.0000
52	44	1.0000
52	45	1.0000
52	46	1.0000
52	47	1.2465
52	49	1.0031
52	50	1.0000
52	51	1.0000
52	53	1.0000
52	54	1.0000
52	55	1.0024
53	35	1.2248
53	36	1.0001
53	37	1.0000
53	38	1.0000
53	39	1.2274
53	42	1.2438
53	43	1.0000
53	44	1.0000
53	45	1.0000
53	46	1.0000
53	47	1.0000
53	50	1.0025
53	51	1.0000
53	52	1.0000
53	54	1.0000
53	55	1.0000
54	36	1.2158
54	37	1.0001
54	38	1.0000
54	39	1.0000
54	43	1.2527
54	44	1.0000
54	45	1.0000
54	46	1.0000
54	47	1.0000
54	51	1.0036
54	52	1.0000
54	53	1.0000
54	55	1.0000
55	37	1.2253
55	38	1.0000
55	39	1.0000
55	44	1.2451
55	45	1.0000
55	46	1.0000
55	47	1.0000
55	52	1.0025
55	53	1.0000
55	54	1.0000
Source
0
Destination
0
FlowTime
0
