Links
0	1	1.0000
0	8	1.0000
0	9	1.0000
0	16	10.2735
1	0	1.0000
1	2	1.0000
1	8	1.0000
1	9	1.0000
1	10	1.0000
1	17	10.2673
2	1	1.0000
2	3	1.0000
2	9	1.0000
2	10	1.0000
2	11	1.0000
2	18	10.3087
3	2	1.0000
3	4	1.0000
3	10	1.0000
3	11	1.0000
3	12	1.0000
3	19	10.5796
4	3	1.0000
4	5	1.0000
4	11	1.0000
4	12	1.0000
4	13	1.0000
4	20	10.2555
5	4	1.0000
5	6	1.0000
5	12	1.0000
5	13	1.0000
5	14	1.0000
5	21	9.9366
6	5	1.0000
6	7	1.0000
6	13	1.0000
6	14	1.0000
6	15	1.0000
6	22	10.4576
7	6	1.0000
7	14	1.0000
7	15	1.0000
7	23	10.1388
8	0	1.0000
8	1	1.0000
8	9	1.0000
8	16	1.0000
8	17	1.0000
8	24	9.9513
9	0	1.0000
9	1	1.0000
9	2	1.0000
9	8	1.0000
9	10	1.0000
9	16	1.0000
9	17	1.0000
9	18	1.0000
9	25	9.6664
10	1	1.0000
10	2	1.0000
10	3	1.0000
10	9	1.0000
10	11	1.0000
10	17	1.0000
10	18	1.0000
10	19	1.0000
10	26	10.5836
11	2	1.0000
11	3	1.0000
11	4	1.0000
11	10	1.0000
11	12	1.0000
11	18	1.0000
11	19	1.0000
11	20	1.0000
11	27	10.1649
12	3	1.0000
12	4	1.0000
12	5	1.0000
12	11	1.0000
12	13	1.0000
12	19	1.0000
12	20	1.0000
12	21	1.0000
12	28	10.1722
13	4	1.0000
13	5	1.0000
13	6	1.0000
13	12	1.0000
13	14	1.0000
13	20	1.0000
13	21	1.0000
13	22	1.0000
13	29	10.3552
14	5	1.0000
14	6	1.0000
14	7	1.0000
14	13	1.0000
14	15	1.0000
14	21	1.0000
14	22	1.0000
14	23	1.0000
14	30	10.1873
15	6	1.0000
15	7	1.0000
15	14	1.0000
15	22	1.0000
15	23	1.0000
15	31	10.0056
16	0	10.0820
16	8	1.0000
16	9	1.0000
16	17	1.0000
16	24	1.0000
16	25	1.0000
16	32	10.4623
17	1	10.3124
17	8	1.0000
17	9	1.0000
17	10	1.0000
17	16	1.0000
17	18	1.0000
17	24	1.0000
17	25	1.0000
17	26	1.0000
17	33	9.9248
18	2	10.1187
18	9	1.0000
18	10	1.0000
18	11	1.0000
18	17	1.0000
18	19	1.0000
18	25	1.0000
18	26	1.0000
18	27	1.0000
18	34	10.1283
19	3	10.1057
19	10	1.0000
19	11	1.0000
19	12	1.0000
19	18	1.0000
19	20	1.0000
19	26	1.0000
19	27	1.0000
19	28	1.0000
19	35	10.1311
20	4	10.3289
20	11	1.0000
20	12	1.0000
20	13	1.0000
20	19	1.0000
20	21	1.0000
20	27	1.0000
20	28	1.0000
20	29	1.0000
20	36	10.0944
21	5	10.2248
21	12	1.0000
21	13	1.0000
21	14	1.0000
21	20	1.0000
21	22	1.0000
21	28	1.0000
21	29	1.0000
21	30	1.0000
21	37	10.3289
22	6	10.1913
22	13	1.0000
22	14	1.0000
22	15	1.0000
22	21	1.0000
22	23	1.0000
22	29	1.0000
22	30	1.0000
22	31	1.0000
22	38	10.2856
23	7	10.1335
23	14	1.0000
23	15	1.0000
23	22	1.0000
23	30	1.0000
23	31	1.0000
23	39	10.1889
24	8	10.3665
24	16	1.0000
24	17	1.0000
24	25	1.0000
24	32	1.0000
24	33	1.0000
24	40	10.2420
25	9	10.2211
25	16	1.0000
25	17	1.0000
25	18	1.0000
25	24	1.0000
25	26	1.0000
25	32	1.0000
25	33	1.0000
25	34	1.0000
25	41	10.1437
26	10	10.5091
26	17	1.0000
26	18	1.0000
26	19	1.0000
26	25	1.0000
26	27	1.0000
26	33	1.0000
26	34	1.0000
26	35	1.0000
26	42	10.0435
27	11	10.3262
27	18	1.0000
27	19	1.0000
27	20	1.0000
27	26	1.0000
27	28	1.0000
27	34	1.0000
27	35	1.0000
27	36	1.0001
27	43	10.0997
28	12	10.0337
28	19	1.0000
28	20	1.0000
28	21	1.0000
28	27	1.0000
28	29	1.0000
28	35	1.0000
28	36	1.0000
28	37	1.0000
28	44	10.1589
29	13	10.2496
29	20	1.0000
29	21	1.0000
29	22	1.0000
29	28	1.0000
29	30	1.0000
29	36	1.0001
29	37	1.0000
29	38	1.0000
29	45	10.0124
30	14	10.3156
30	21	1.0000
30	22	1.0000
30	23	1.0000
30	29	1.0000
30	31	1.0000
30	37	1.0000
30	38	1.0000
30	39	1.0000
30	46	10.4470
31	15	10.4514
31	22	1.0000
31	23	1.0000
31	30	1.0000
31	38	1.0000
31	39	1.0000
31	47	10.1854
32	16	10.2735
32	24	1.0000
32	25	1.0000
32	33	1.0000
32	40	1.0000
32	41	1.0000
32	48	10.4307
33	17	10.2673
33	24	1.0000
33	25	1.0000
33	26	1.0000
33	32	1.0000
33	34	1.0000
33	40	1.0000
33	41	1.0000
33	42	1.0000
33	49	10.3129
34	18	10.3087
34	25	1.0000
34	26	1.0000
34	27	1.0000
34	33	1.0000
34	35	1.0000
34	41	1.0000
34	42	1.0000
34	43	1.0000
34	50	10.0512
35	19	10.5796
35	26	1.0000
35	27	1.0000
35	28	1.0000
35	34	1.0000
35	36	1.0000
35	42	1.0000
35	43	1.0000
35	44	1.0000
35	51	10.3854
36	20	10.2555
36	27	1.0000
36	28	1.0000
36	29	1.0000
36	35	1.0000
36	37	1.0000
36	43	1.0000
36	44	1.0000
36	45	1.0000
36	52	10.0563
37	21	9.9366
37	28	1.0000
37	29	1.0000
37	30	1.0000
37	36	1.0000
37	38	1.0000
37	44	1.0000
37	45	1.0000
37	46	1.0000
37	53	10.7780
38	22	10.4576
38	29	1.0000
38	30	1.0000
38	31	1.0000
38	37	1.0000
38	39	1.0000
38	45	1.0000
38	46	1.0000
38	47	1.0000
38	54	10.2444
39	23	10.1388
39	30	1.0000
39	31	1.0000
39	38	1.0000
39	46	1.0000
39	47	1.0000
39	55	10.1880
40	24	9.9513
40	32	1.0000
40	33	1.0000
40	41	1.0000
40	48	1.0000
40	49	1.0001
41	25	9.6664
41	32	1.0000
41	33	1.0000
41	34	1.0000
41	40	1.0000
41	42	1.0000
41	48	1.0000
41	49	1.0000
41	50	1.0000
42	26	10.5836
42	33	1.0000
42	34	1.0000
42	35	1.0000
42	41	1.0000
42	43	1.0000
42	49	1.0001
42	50	1.0000
42	51	1.0000
43	27	10.1649
43	34	1.0000
43	35	1.0000
43	36	1.0001
43	42	1.0000
43	44	1.0000
43	50	1.0000
43	51	1.0000
43	52	1.0000
44	28	10.1722
44	35	1.0000
44	36	1.0000
44	37	1.0000
44	43	1.0000
44	45	1.0000
44	51	1.0000
44	52	1.0000
44	53	1.0001
45	29	10.3552
45	36	1.0001
45	37	1.0000
45	38	1.0000
45	44	1.0000
45	46	1.0000
45	52	1.0000
45	53	1.0000
45	54	1.0000
46	30	10.1873
46	37	1.0000
46	38	1.0000
46	39	1.0000
46	45	1.0000
46	47	1.0000
46	53	1.0001
46	54	1.0000
46	55	1.0000
47	31	10.0056
47	38	1.0000
47	39	1.0000
47	46	1.0000
47	54	1.0000
47	55	1.0000
48	32	10.4623
48	40	1.0000
48	41	1.0000
48	49	1.0000
49	33	9.9248
49	40	1.0000
49	41	1.0000
49	42	1.0000
49	48	1.0000
49	50	1.0000
50	34	10.1283
50	41	1.0000
50	42	1.0000
50	43	1.0000
50	49	1.0000
50	51	1.0000
51	35	10.1311
51	42	1.0000
51	43	1.0000
51	44	1.0000
51	50	1.0000
51	52	1.0000
52	36	10.0944
52	43	1.0000
52	44	1.0000
52	45	1.0000
52	51	1.0000
52	53	1.0000
53	37	10.3289
53	44	1.0000
53	45	1.0000
53	46	1.0000
53	52	1.0000
53	54	1.0000
54	38	10.2856
54	45	1.0000
54	46	1.0000
54	47	1.0000
54	53	1.0000
54	55	1.0000
55	39	10.1889
55	46	1.0000
55	47	1.0000
55	54	1.0000
Source
0
Destination
0
FlowTime
0
