Links
0	1	1.0000
0	2	1.0000
0	8	1.0000
0	9	1.0000
0	10	1.0000
0	16	1.0000
0	17	1.0000
0	18	1.2237
0	24	1.0029
0	25	1.2371
1	0	1.0000
1	2	1.0000
1	3	1.0000
1	8	1.0000
1	9	1.0000
1	10	1.0000
1	11	1.0001
1	16	1.0000
1	17	1.0000
1	18	1.0000
1	19	1.2248
1	24	1.2467
1	25	1.0023
1	26	1.2425
2	0	1.0000
2	1	1.0000
2	3	1.0000
2	4	1.0000
2	8	1.0001
2	9	1.0000
2	10	1.0000
2	11	1.0000
2	12	1.0000
2	16	1.2204
2	17	1.0000
2	18	1.0000
2	19	1.0000
2	20	1.2158
2	25	1.2371
2	26	1.0021
2	27	1.2548
3	1	1.0000
3	2	1.0000
3	4	1.0000
3	5	1.0000
3	9	1.0000
3	10	1.0000
3	11	1.0000
3	12	1.0000
3	13	1.0001
3	17	1.2139
3	18	1.0000
3	19	1.0000
3	20	1.0000
3	21	1.2209
3	26	1.2425
3	27	1.0027
3	28	1.2325
4	2	1.0000
4	3	1.0000
4	5	1.0000
4	6	1.0000
4	10	1.0000
4	11	1.0000
4	12	1.0000
4	13	1.0000
4	14	1.0000
4	18	1.2237
4	19	1.0000
4	20	1.0000
4	21	1.0000
4	22	1.2210
4	27	1.2548
4	28	1.0027
4	29	1.2459
5	3	1.0000
5	4	1.0000
5	6	1.0000
5	7	1.0000
5	11	1.0001
5	12	1.0000
5	13	1.0000
5	14	1.0000
5	15	1.0000
5	19	1.2248
5	20	1.0000
5	21	1.0000
5	22	1.0000
5	23	1.2262
5	28	1.2325
5	29	1.0023
5	30	1.2431
6	4	1.0000
6	5	1.0000
6	7	1.0000
6	12	1.0000
6	13	1.0000
6	14	1.0000
6	15	1.0000
6	20	1.2158
6	21	1.0000
6	22	1.0000
6	23	1.0000
6	29	1.2459
6	30	1.0032
6	31	1.2381
7	5	1.0000
7	6	1.0000
7	13	1.0001
7	14	1.0000
7	15	1.0000
7	21	1.2209
7	22	1.0000
7	23	1.0000
7	30	1.2431
7	31	1.0025
8	0	1.0000
8	1	1.0000
8	2	1.0000
8	9	1.0000
8	10	1.0000
8	16	1.0000
8	17	1.0000
8	18	1.0000
8	24	1.0000
8	25	1.0000
8	26	1.2165
8	32	1.0023
8	33	1.2355
9	0	1.0000
9	1	1.0000
9	2	1.0000
9	3	1.0000
9	8	1.0000
9	10	1.0000
9	11	1.0000
9	16	1.0000
9	17	1.0000
9	18	1.0000
9	19	1.0000
9	24	1.0000
9	25	1.0000
9	26	1.0000
9	27	1.2310
9	32	1.2498
9	33	1.0021
9	34	1.2478
10	0	1.0000
10	1	1.0000
10	2	1.0000
10	3	1.0000
10	4	1.0000
10	8	1.0000
10	9	1.0000
10	11	1.0000
10	12	1.0000
10	16	1.0000
10	17	1.0000
10	18	1.0000
10	19	1.0000
10	20	1.0000
10	24	1.2202
10	25	1.0000
10	26	1.0000
10	27	1.0000
10	28	1.2089
10	33	1.2355
10	34	1.0030
10	35	1.2495
11	1	1.0000
11	2	1.0000
11	3	1.0000
11	4	1.0000
11	5	1.0000
11	9	1.0000
11	10	1.0000
11	12	1.0000
11	13	1.0000
11	17	1.0000
11	18	1.0000
11	19	1.0000
11	20	1.0000
11	21	1.0001
11	25	1.2148
11	26	1.0000
11	27	1.0000
11	28	1.0000
11	29	1.2217
11	34	1.2478
11	35	1.0026
11	36	1.2380
12	2	1.0000
12	3	1.0000
12	4	1.0000
12	5	1.0000
12	6	1.0000
12	10	1.0000
12	11	1.0000
12	13	1.0000
12	14	1.0000
12	18	1.0000
12	19	1.0000
12	20	1.0000
12	21	1.0000
12	22	1.0000
12	26	1.2165
12	27	1.0000
12	28	1.0000
12	29	1.0000
12	30	1.2186
12	35	1.2495
12	36	1.0027
12	37	1.2500
13	3	1.0000
13	4	1.0000
13	5	1.0000
13	6	1.0000
13	7	1.0001
13	11	1.0000
13	12	1.0000
13	14	1.0000
13	15	1.0000
13	19	1.0000
13	20	1.0000
13	21	1.0000
13	22	1.0000
13	23	1.0000
13	27	1.2310
13	28	1.0000
13	29	1.0000
13	30	1.0000
13	31	1.2157
13	36	1.2380
13	37	1.0019
13	38	1.2435
14	4	1.0000
14	5	1.0000
14	6	1.0000
14	7	1.0000
14	12	1.0000
14	13	1.0000
14	15	1.0000
14	20	1.0000
14	21	1.0000
14	22	1.0000
14	23	1.0000
14	28	1.2089
14	29	1.0000
14	30	1.0000
14	31	1.0000
14	37	1.2500
14	38	1.0030
14	39	1.2509
15	5	1.0000
15	6	1.0000
15	7	1.0000
15	13	1.0000
15	14	1.0000
15	21	1.0001
15	22	1.0000
15	23	1.0000
15	29	1.2217
15	30	1.0000
15	31	1.0000
15	38	1.2435
15	39	1.0027
16	0	1.0000
16	1	1.0000
16	2	1.2238
16	8	1.0000
16	9	1.0000
16	10	1.0000
16	17	1.0000
16	18	1.0000
16	24	1.0000
16	25	1.0000
16	26	1.0000
16	32	1.0000
16	33	1.0000
16	34	1.2245
16	40	1.0021
16	41	1.2459
17	0	1.0000
17	1	1.0000
17	2	1.0000
17	3	1.2224
17	8	1.0000
17	9	1.0000
17	10	1.0000
17	11	1.0001
17	16	1.0000
17	18	1.0000
17	19	1.0000
17	24	1.0000
17	25	1.0000
17	26	1.0000
17	27	1.0000
17	32	1.0000
17	33	1.0000
17	34	1.0000
17	35	1.2248
17	40	1.2451
17	41	1.0033
17	42	1.2438
18	0	1.2229
18	1	1.0000
18	2	1.0000
18	3	1.0000
18	4	1.2172
18	8	1.0001
18	9	1.0000
18	10	1.0000
18	11	1.0000
18	12	1.0000
18	16	1.0000
18	17	1.0000
18	19	1.0000
18	20	1.0000
18	24	1.0000
18	25	1.0000
18	26	1.0000
18	27	1.0000
18	28	1.0000
18	32	1.2264
18	33	1.0000
18	34	1.0000
18	35	1.0000
18	36	1.2158
18	41	1.2459
18	42	1.0027
18	43	1.2527
19	1	1.2124
19	2	1.0000
19	3	1.0000
19	4	1.0000
19	5	1.2233
19	9	1.0000
19	10	1.0000
19	11	1.0000
19	12	1.0000
19	13	1.0001
19	17	1.0000
19	18	1.0000
19	20	1.0000
19	21	1.0000
19	25	1.0000
19	26	1.0000
19	27	1.0000
19	28	1.0000
19	29	1.0000
19	33	1.2106
19	34	1.0000
19	35	1.0000
19	36	1.0000
19	37	1.2253
19	42	1.2438
19	43	1.0026
19	44	1.2451
20	2	1.2238
20	3	1.0000
20	4	1.0000
20	5	1.0000
20	6	1.2250
20	10	1.0000
20	11	1.0000
20	12	1.0000
20	13	1.0000
20	14	1.0000
20	18	1.0000
20	19	1.0000
20	21	1.0000
20	22	1.0000
20	26	1.0000
20	27	1.0000
20	28	1.0000
20	29	1.0000
20	30	1.0001
20	34	1.2245
20	35	1.0000
20	36	1.0000
20	37	1.0000
20	38	1.2184
20	43	1.2527
20	44	1.0022
20	45	1.2501
21	3	1.2224
21	4	1.0000
21	5	1.0000
21	6	1.0000
21	7	1.2140
21	11	1.0001
21	12	1.0000
21	13	1.0000
21	14	1.0000
21	15	1.0000
21	19	1.0000
21	20	1.0000
21	22	1.0000
21	23	1.0000
21	27	1.0000
21	28	1.0000
21	29	1.0000
21	30	1.0000
21	31	1.0001
21	35	1.2248
21	36	1.0000
21	37	1.0000
21	38	1.0000
21	39	1.2274
21	44	1.2451
21	45	1.0028
21	46	1.2436
22	4	1.2172
22	5	1.0000
22	6	1.0000
22	7	1.0000
22	12	1.0000
22	13	1.0000
22	14	1.0000
22	15	1.0000
22	20	1.0000
22	21	1.0000
22	23	1.0000
22	28	1.0000
22	29	1.0000
22	30	1.0000
22	31	1.0000
22	36	1.2158
22	37	1.0000
22	38	1.0000
22	39	1.0000
22	45	1.2501
22	46	1.0027
22	47	1.2465
23	5	1.2233
23	6	1.0000
23	7	1.0000
23	13	1.0001
23	14	1.0000
23	15	1.0000
23	21	1.0000
23	22	1.0000
23	29	1.0000
23	30	1.0000
23	31	1.0000
23	37	1.2253
23	38	1.0000
23	39	1.0000
23	46	1.2436
23	47	1.0027
24	0	1.0034
24	1	1.2381
24	8	1.0000
24	9	1.0000
24	10	1.2215
24	16	1.0000
24	17	1.0000
24	18	1.0000
24	25	1.0000
24	26	1.0000
24	32	1.0000
24	33	1.0000
24	34	1.0000
24	40	1.0000
24	41	1.0000
24	42	1.2214
24	48	1.0025
24	49	1.2518
25	0	1.2451
25	1	1.0028
25	2	1.2471
25	8	1.0000
25	9	1.0000
25	10	1.0000
25	11	1.2242
25	16	1.0000
25	17	1.0000
25	18	1.0000
25	19	1.0000
25	24	1.0000
25	26	1.0000
25	27	1.0000
25	32	1.0000
25	33	1.0000
25	34	1.0000
25	35	1.0001
25	40	1.0000
25	41	1.0000
25	42	1.0000
25	43	1.2264
25	48	1.2428
25	49	1.0031
25	50	1.2441
26	1	1.2381
26	2	1.0024
26	3	1.2466
26	8	1.2151
26	9	1.0000
26	10	1.0000
26	11	1.0000
26	12	1.2204
26	16	1.0000
26	17	1.0000
26	18	1.0000
26	19	1.0000
26	20	1.0000
26	24	1.0000
26	25	1.0000
26	27	1.0000
26	28	1.0000
26	32	1.0000
26	33	1.0000
26	34	1.0000
26	35	1.0000
26	36	1.0001
26	40	1.2194
26	41	1.0000
26	42	1.0000
26	43	1.0000
26	44	1.2233
26	49	1.2518
26	50	1.0025
26	51	1.2458
27	2	1.2471
27	3	1.0029
27	4	1.2422
27	9	1.2216
27	10	1.0000
27	11	1.0000
27	12	1.0000
27	13	1.2283
27	17	1.0000
27	18	1.0000
27	19	1.0000
27	20	1.0000
27	21	1.0001
27	25	1.0000
27	26	1.0000
27	28	1.0000
27	29	1.0000
27	33	1.0000
27	34	1.0000
27	35	1.0000
27	36	1.0000
27	37	1.0001
27	41	1.2210
27	42	1.0000
27	43	1.0000
27	44	1.0000
27	45	1.2240
27	50	1.2441
27	51	1.0036
27	52	1.2455
28	3	1.2466
28	4	1.0026
28	5	1.2452
28	10	1.2215
28	11	1.0000
28	12	1.0000
28	13	1.0000
28	14	1.2253
28	18	1.0000
28	19	1.0000
28	20	1.0000
28	21	1.0000
28	22	1.0000
28	26	1.0000
28	27	1.0000
28	29	1.0000
28	30	1.0000
28	34	1.0000
28	35	1.0000
28	36	1.0000
28	37	1.0000
28	38	1.0000
28	42	1.2214
28	43	1.0000
28	44	1.0000
28	45	1.0000
28	46	1.2211
28	51	1.2458
28	52	1.0025
28	53	1.2505
29	4	1.2422
29	5	1.0026
29	6	1.2503
29	11	1.2242
29	12	1.0000
29	13	1.0000
29	14	1.0000
29	15	1.2255
29	19	1.0000
29	20	1.0000
29	21	1.0000
29	22	1.0000
29	23	1.0000
29	27	1.0000
29	28	1.0000
29	30	1.0000
29	31	1.0000
29	35	1.0001
29	36	1.0000
29	37	1.0000
29	38	1.0000
29	39	1.0000
29	43	1.2264
29	44	1.0000
29	45	1.0000
29	46	1.0000
29	47	1.2226
29	52	1.2455
29	53	1.0028
29	54	1.2486
30	5	1.2452
30	6	1.0029
30	7	1.2371
30	12	1.2204
30	13	1.0000
30	14	1.0000
30	15	1.0000
30	20	1.0000
30	21	1.0000
30	22	1.0000
30	23	1.0000
30	28	1.0000
30	29	1.0000
30	31	1.0000
30	36	1.0001
30	37	1.0000
30	38	1.0000
30	39	1.0000
30	44	1.2233
30	45	1.0000
30	46	1.0000
30	47	1.0000
30	53	1.2505
30	54	1.0022
30	55	1.2324
31	6	1.2503
31	7	1.0024
31	13	1.2283
31	14	1.0000
31	15	1.0000
31	21	1.0001
31	22	1.0000
31	23	1.0000
31	29	1.0000
31	30	1.0000
31	37	1.0001
31	38	1.0000
31	39	1.0000
31	45	1.2240
31	46	1.0000
31	47	1.0000
31	54	1.2486
31	55	1.0024
32	8	1.0026
32	9	1.2465
32	16	1.0000
32	17	1.0000
32	18	1.2237
32	24	1.0000
32	25	1.0000
32	26	1.0000
32	33	1.0000
32	34	1.0000
32	40	1.0000
32	41	1.0000
32	42	1.0000
32	48	1.0000
32	49	1.0000
32	50	1.2191
33	8	1.2393
33	9	1.0030
33	10	1.2463
33	16	1.0000
33	17	1.0000
33	18	1.0000
33	19	1.2248
33	24	1.0000
33	25	1.0000
33	26	1.0000
33	27	1.0000
33	32	1.0000
33	34	1.0000
33	35	1.0000
33	40	1.0000
33	41	1.0000
33	42	1.0000
33	43	1.0001
33	48	1.0000
33	49	1.0000
33	50	1.0000
33	51	1.2239
34	9	1.2465
34	10	1.0026
34	11	1.2478
34	16	1.2204
34	17	1.0000
34	18	1.0000
34	19	1.0000
34	20	1.2158
34	24	1.0000
34	25	1.0000
34	26	1.0000
34	27	1.0000
34	28	1.0000
34	32	1.0000
34	33	1.0000
34	35	1.0000
34	36	1.0000
34	40	1.0000
34	41	1.0000
34	42	1.0000
34	43	1.0000
34	44	1.0000
34	48	1.2202
34	49	1.0000
34	50	1.0000
34	51	1.0000
34	52	1.2219
35	10	1.2463
35	11	1.0029
35	12	1.2437
35	17	1.2139
35	18	1.0000
35	19	1.0000
35	20	1.0000
35	21	1.2209
35	25	1.0000
35	26	1.0000
35	27	1.0000
35	28	1.0000
35	29	1.0000
35	33	1.0000
35	34	1.0000
35	36	1.0000
35	37	1.0000
35	41	1.0000
35	42	1.0000
35	43	1.0000
35	44	1.0000
35	45	1.0000
35	49	1.2266
35	50	1.0000
35	51	1.0000
35	52	1.0000
35	53	1.2250
36	11	1.2478
36	12	1.0022
36	13	1.2502
36	18	1.2237
36	19	1.0000
36	20	1.0000
36	21	1.0000
36	22	1.2210
36	26	1.0000
36	27	1.0000
36	28	1.0000
36	29	1.0000
36	30	1.0001
36	34	1.0000
36	35	1.0000
36	37	1.0000
36	38	1.0000
36	42	1.0000
36	43	1.0000
36	44	1.0000
36	45	1.0000
36	46	1.0000
36	50	1.2191
36	51	1.0000
36	52	1.0000
36	53	1.0000
36	54	1.2234
37	12	1.2437
37	13	1.0024
37	14	1.2479
37	19	1.2248
37	20	1.0000
37	21	1.0000
37	22	1.0000
37	23	1.2262
37	27	1.0000
37	28	1.0000
37	29	1.0000
37	30	1.0000
37	31	1.0001
37	35	1.0000
37	36	1.0000
37	38	1.0000
37	39	1.0000
37	43	1.0001
37	44	1.0000
37	45	1.0000
37	46	1.0000
37	47	1.0000
37	51	1.2239
37	52	1.0000
37	53	1.0000
37	54	1.0000
37	55	1.2117
38	13	1.2502
38	14	1.0022
38	15	1.2497
38	20	1.2158
38	21	1.0000
38	22	1.0000
38	23	1.0000
38	28	1.0000
38	29	1.0000
38	30	1.0000
38	31	1.0000
38	36	1.0000
38	37	1.0000
38	39	1.0000
38	44	1.0000
38	45	1.0000
38	46	1.0000
38	47	1.0000
38	52	1.2219
38	53	1.0000
38	54	1.0000
38	55	1.0000
39	14	1.2479
39	15	1.0024
39	21	1.2209
39	22	1.0000
39	23	1.0000
39	29	1.0000
39	30	1.0000
39	31	1.0000
39	37	1.0000
39	38	1.0000
39	45	1.0000
39	46	1.0000
39	47	1.0000
39	53	1.2250
39	54	1.0000
39	55	1.0000
40	16	1.0016
40	17	1.2392
40	24	1.0000
40	25	1.0000
40	26	1.2165
40	32	1.0000
40	33	1.0000
40	34	1.0000
40	41	1.0000
40	42	1.0000
40	48	1.0000
40	49	1.0000
40	50	1.0000
41	16	1.2450
41	17	1.0024
41	18	1.2482
41	24	1.0000
41	25	1.0000
41	26	1.0000
41	27	1.2310
41	32	1.0000
41	33	1.0000
41	34	1.0000
41	35	1.0001
41	40	1.0000
41	42	1.0000
41	43	1.0000
41	48	1.0000
41	49	1.0000
41	50	1.0000
41	51	1.0000
42	17	1.2392
42	18	1.0028
42	19	1.2495
42	24	1.2202
42	25	1.0000
42	26	1.0000
42	27	1.0000
42	28	1.2089
42	32	1.0000
42	33	1.0000
42	34	1.0000
42	35	1.0000
42	36	1.0001
42	40	1.0000
42	41	1.0000
42	43	1.0000
42	44	1.0000
42	48	1.0000
42	49	1.0000
42	50	1.0000
42	51	1.0000
42	52	1.0000
43	18	1.2482
43	19	1.0030
43	20	1.2390
43	25	1.2148
43	26	1.0000
43	27	1.0000
43	28	1.0000
43	29	1.2217
43	33	1.0000
43	34	1.0000
43	35	1.0000
43	36	1.0000
43	37	1.0001
43	41	1.0000
43	42	1.0000
43	44	1.0000
43	45	1.0000
43	49	1.0001
43	50	1.0000
43	51	1.0000
43	52	1.0000
43	53	1.0001
44	19	1.2495
44	20	1.0021
44	21	1.2443
44	26	1.2165
44	27	1.0000
44	28	1.0000
44	29	1.0000
44	30	1.2186
44	34	1.0000
44	35	1.0000
44	36	1.0000
44	37	1.0000
44	38	1.0000
44	42	1.0000
44	43	1.0000
44	45	1.0000
44	46	1.0000
44	50	1.0000
44	51	1.0000
44	52	1.0000
44	53	1.0000
44	54	1.0001
45	20	1.2390
45	21	1.0028
45	22	1.2439
45	27	1.2310
45	28	1.0000
45	29	1.0000
45	30	1.0000
45	31	1.2157
45	35	1.0001
45	36	1.0000
45	37	1.0000
45	38	1.0000
45	39	1.0000
45	43	1.0000
45	44	1.0000
45	46	1.0000
45	47	1.0000
45	51	1.0000
45	52	1.0000
45	53	1.0000
45	54	1.0000
45	55	1.0000
46	21	1.2443
46	22	1.0026
46	23	1.2498
46	28	1.2089
46	29	1.0000
46	30	1.0000
46	31	1.0000
46	36	1.0001
46	37	1.0000
46	38	1.0000
46	39	1.0000
46	44	1.0000
46	45	1.0000
46	47	1.0000
46	52	1.0000
46	53	1.0000
46	54	1.0000
46	55	1.0000
47	22	1.2439
47	23	1.0024
47	29	1.2217
47	30	1.0000
47	31	1.0000
47	37	1.0001
47	38	1.0000
47	39	1.0000
47	45	1.0000
47	46	1.0000
47	53	1.0001
47	54	1.0000
47	55	1.0000
48	24	1.0029
48	25	1.2371
48	32	1.0000
48	33	1.0000
48	34	1.2245
48	40	1.0000
48	41	1.0000
48	42	1.0000
48	49	1.0000
48	50	1.0000
49	24	1.2467
49	25	1.0023
49	26	1.2425
49	32	1.0000
49	33	1.0000
49	34	1.0000
49	35	1.2248
49	40	1.0000
49	41	1.0000
49	42	1.0000
49	43	1.0001
49	48	1.0000
49	50	1.0000
49	51	1.0000
50	25	1.2371
50	26	1.0021
50	27	1.2548
50	32	1.2264
50	33	1.0000
50	34	1.0000
50	35	1.0000
50	36	1.2158
50	40	1.0000
50	41	1.0000
50	42	1.0000
50	43	1.0000
50	44	1.0000
50	48	1.0000
50	49	1.0000
50	51	1.0000
50	52	1.0000
51	26	1.2425
51	27	1.0027
51	28	1.2325
51	33	1.2106
51	34	1.0000
51	35	1.0000
51	36	1.0000
51	37	1.2253
51	41	1.0000
51	42	1.0000
51	43	1.0000
51	44	1.0000
51	45	1.0000
51	49	1.0000
51	50	1.0000
51	52	1.0000
51	53	1.0000
52	27	1.2548
52	28	1.0027
52	29	1.2459
52	34	1.2245
52	35	1.0000
52	36	1.0000
52	37	1.0000
52	38	1.2184
52	42	1.0000
52	43	1.0000
52	44	1.0000
52	45	1.0000
52	46	1.0000
52	50	1.0000
52	51	1.0000
52	53	1.0000
52	54	1.0000
53	28	1.2325
53	29	1.0023
53	30	1.2431
53	35	1.2248
53	36	1.0000
53	37	1.0000
53	38	1.0000
53	39	1.2274
53	43	1.0001
53	44	1.0000
53	45	1.0000
53	46	1.0000
53	47	1.0000
53	51	1.0000
53	52	1.0000
53	54	1.0000
53	55	1.0000
54	29	1.2459
54	30	1.0032
54	31	1.2381
54	36	1.2158
54	37	1.0000
54	38	1.0000
54	39	1.0000
54	44	1.0000
54	45	1.0000
54	46	1.0000
54	47	1.0000
54	52	1.0000
54	53	1.0000
54	55	1.0000
55	30	1.2431
55	31	1.0025
55	37	1.2253
55	38	1.0000
55	39	1.0000
55	45	1.0000
55	46	1.0000
55	47	1.0000
55	53	1.0000
55	54	1.0000
Source
0
Destination
0
FlowTime
