Links
0	1	1.0000
0	2	1.1380
0	8	1.0000
0	9	1.0000
0	16	1.1359
1	0	1.0000
1	2	1.0000
1	3	1.1362
1	8	1.0000
1	9	1.0000
1	10	1.0000
1	17	1.1311
2	0	1.1401
2	1	1.0000
2	3	1.0000
2	4	1.1340
2	9	1.0000
2	10	1.0000
2	11	1.0000
2	18	1.1395
3	1	1.1308
3	2	1.0000
3	4	1.0000
3	5	1.1374
3	10	1.0000
3	11	1.0000
3	12	1.0000
3	19	1.1398
4	2	1.1380
4	3	1.0000
4	5	1.0000
4	6	1.1389
4	11	1.0000
4	12	1.0000
4	13	1.0000
4	20	1.1358
5	3	1.1362
5	4	1.0000
5	6	1.0000
5	7	1.1331
5	12	1.0000
5	13	1.0000
5	14	1.0000
5	21	1.1409
6	4	1.1340
6	5	1.0000
6	7	1.0000
6	13	1.0000
6	14	1.0000
6	15	1.0000
6	22	1.1381
7	5	1.1374
7	6	1.0000
7	14	1.0000
7	15	1.0000
7	23	1.1390
8	0	1.0000
8	1	1.0000
8	9	1.0000
8	10	1.1363
8	16	1.0000
8	17	1.0000
8	24	1.1372
9	0	1.0000
9	1	1.0000
9	2	1.0000
9	8	1.0000
9	10	1.0000
9	11	1.1389
9	16	1.0000
9	17	1.0000
9	18	1.0000
9	25	1.1354
10	1	1.0000
10	2	1.0000
10	3	1.0000
10	8	1.1386
10	9	1.0000
10	11	1.0000
10	12	1.1373
10	17	1.0000
10	18	1.0000
10	19	1.0000
10	26	1.1339
11	2	1.0000
11	3	1.0000
11	4	1.0000
11	9	1.1400
11	10	1.0000
11	12	1.0000
11	13	1.1394
11	18	1.0000
11	19	1.0000
11	20	1.0000
11	27	1.1444
12	3	1.0000
12	4	1.0000
12	5	1.0000
12	10	1.1363
12	11	1.0000
12	13	1.0000
12	14	1.1409
12	19	1.0000
12	20	1.0000
12	21	1.0000
12	28	1.1301
13	4	1.0000
13	5	1.0000
13	6	1.0000
13	11	1.1389
13	12	1.0000
13	14	1.0000
13	15	1.1396
13	20	1.0000
13	21	1.0000
13	22	1.0000
13	29	1.1381
14	5	1.0000
14	6	1.0000
14	7	1.0000
14	12	1.1373
14	13	1.0000
14	15	1.0000
14	21	1.0000
14	22	1.0000
14	23	1.0000
15	6	1.0000
15	7	1.0000
15	13	1.1394
15	14	1.0000
15	22	1.0000
15	23	1.0000
16	0	1.1401
16	8	1.0000
16	9	1.0000
16	17	1.0000
16	18	1.1395
16	24	1.0000
16	25	1.0000
17	1	1.1308
17	8	1.0000
17	9	1.0000
17	10	1.0000
17	16	1.0000
17	18	1.0000
17	19	1.1398
17	24	1.0000
17	25	1.0000
17	26	1.0000
18	2	1.1380
18	9	1.0000
18	10	1.0000
18	11	1.0000
18	16	1.1359
18	17	1.0000
18	19	1.0000
18	20	1.1358
18	25	1.0000
18	26	1.0000
18	27	1.0000
19	3	1.1362
19	10	1.0000
19	11	1.0000
19	12	1.0000
19	17	1.1311
19	18	1.0000
19	20	1.0000
19	21	1.1409
19	26	1.0000
19	27	1.0000
19	28	1.0000
20	4	1.1340
20	11	1.0000
20	12	1.0000
20	13	1.0000
20	18	1.1395
20	19	1.0000
20	21	1.0000
20	22	1.1381
20	27	1.0000
20	28	1.0000
20	29	1.0000
21	5	1.1374
21	12	1.0000
21	13	1.0000
21	14	1.0000
21	19	1.1398
21	20	1.0000
21	22	1.0000
21	23	1.1390
21	28	1.0000
21	29	1.0000
22	6	1.1389
22	13	1.0000
22	14	1.0000
22	15	1.0000
22	20	1.1358
22	21	1.0000
22	23	1.0000
22	29	1.0000
23	7	1.1331
23	14	1.0000
23	15	1.0000
23	21	1.1409
23	22	1.0000
24	8	1.1386
24	16	1.0000
24	17	1.0000
24	25	1.0000
24	26	1.1339
25	9	1.1400
25	16	1.0000
25	17	1.0000
25	18	1.0000
25	24	1.0000
25	26	1.0000
25	27	1.1444
26	10	1.1363
26	17	1.0000
26	18	1.0000
26	19	1.0000
26	24	1.1372
26	25	1.0000
26	27	1.0000
26	28	1.1301
27	11	1.1389
27	18	1.0000
27	19	1.0000
27	20	1.0000
27	25	1.1354
27	26	1.0000
27	28	1.0000
27	29	1.1381
28	12	1.1373
28	19	1.0000
28	20	1.0000
28	21	1.0000
28	26	1.1339
28	27	1.0000
28	29	1.0000
29	13	1.1394
29	20	1.0000
29	21	1.0000
29	22	1.0000
29	27	1.1444
29	28	1.0000
Source
0
Destination
0
FlowTime
0
