Links
0	5	1.0000
0	8	1.0000
0	12	1.0000
0	13	1.0000
0	14	1.0000
0	15	1.0000
0	19	1.0000
0	21	1.0004
1	3	2.1269
1	4	1.0259
1	5	1.0000
1	7	1.0000
1	14	1.0000
1	16	1.0000
1	26	1.0000
1	28	1.0000
1	29	3.4337
2	9	1.2578
2	10	1.0000
2	11	1.0264
2	17	1.0134
2	20	1.0029
2	24	1.0000
3	1	2.1557
3	7	2.1495
3	9	1.0002
3	10	1.5934
3	16	9.6663
3	18	1.0000
3	20	1.0016
3	26	1.0000
3	28	2.8899
3	29	1.0000
4	1	1.0269
4	7	1.0001
4	16	1.0000
4	25	1.7642
4	28	1.2874
5	0	1.0000
5	1	1.0000
5	7	1.0001
5	8	1.0000
5	12	1.0033
5	13	1.0279
5	14	1.0000
5	15	1.0000
5	16	1.0016
5	19	1.0000
5	26	13.7202
5	28	1.0000
6	12	1.0825
6	13	1.0002
6	17	1.0019
7	1	1.0000
7	3	2.1538
7	4	1.0000
7	5	1.0000
7	14	1.0000
7	16	1.0000
7	26	1.0000
7	28	1.0000
8	0	1.0000
8	5	1.0000
8	12	1.0000
8	13	1.0000
8	14	1.0000
8	15	1.0000
8	19	1.0000
8	21	1.0000
9	2	1.2560
9	3	1.0001
9	10	1.0000
9	11	1.0044
9	18	1.0000
9	20	1.0000
9	24	1.0000
9	29	1.0000
10	2	1.0000
10	3	1.5976
10	9	1.0000
10	11	1.0000
10	17	1.0025
10	18	1.0000
10	20	1.0000
10	24	1.0000
10	29	1.0000
11	2	1.0266
11	9	1.0043
11	10	1.0000
11	17	1.0000
11	20	1.0000
11	24	1.0000
11	26	1.0063
11	29	1.0000
12	0	1.0000
12	5	1.0045
12	6	1.0842
12	8	1.0000
12	13	1.0000
12	15	1.0000
12	19	2.8735
12	21	1.0002
12	22	1.0000
13	0	1.0000
13	5	1.0293
13	6	1.0003
13	8	1.0000
13	12	1.0000
13	14	7.8760
13	15	1.0000
13	17	1.2400
13	21	1.9252
13	22	1.0000
14	0	1.0000
14	1	1.0000
14	5	1.0000
14	7	1.0000
14	8	1.0001
14	13	7.7204
14	16	1.0000
14	19	1.0000
14	26	1.0000
14	28	1.0000
15	0	1.0000
15	5	1.0000
15	8	1.0000
15	12	1.0000
15	13	1.0001
15	19	1.0000
15	21	1.0000
16	1	1.0000
16	3	9.4364
16	4	1.0000
16	5	1.0026
16	7	1.0000
16	14	1.0000
16	26	1.0000
16	28	1.0000
17	2	1.0121
17	6	1.0018
17	10	1.0027
17	11	1.0000
17	13	1.2504
17	20	1.0000
17	24	1.0000
17	29	1.0000
18	3	1.0000
18	9	1.0000
18	10	1.0000
18	20	1.0000
18	26	1.3422
18	29	1.0000
19	0	1.0000
19	5	1.0000
19	8	1.0000
19	12	2.8289
19	14	1.0000
19	15	1.0000
19	21	4.1229
19	27	1.0005
20	2	1.0035
20	3	1.0023
20	9	1.0000
20	10	1.0000
20	11	1.0000
20	17	1.0000
20	18	1.0001
20	24	1.0000
20	26	1.0040
20	29	1.0000
21	0	1.0001
21	8	1.0000
21	12	1.0001
21	13	1.9200
21	15	1.0000
21	19	4.1262
21	22	1.0000
22	12	1.0000
22	13	1.0000
22	21	1.0000
23	27	1.0000
24	2	1.0000
24	9	1.0000
24	10	1.0000
24	11	1.0000
24	17	1.0000
24	20	1.0000
24	26	1.0120
24	29	1.0000
25	4	1.7745
26	1	1.0000
26	3	1.0000
26	5	13.4097
26	7	1.0000
26	11	1.0059
26	14	1.0000
26	16	1.0000
26	18	1.3373
26	20	1.0031
26	24	1.0118
26	28	1.0000
26	29	1.0000
27	19	1.0005
27	23	1.0000
28	1	1.0000
28	3	2.8805
28	4	1.2948
28	5	1.0000
28	7	1.0000
28	14	1.0000
28	16	1.0000
28	26	1.0000
28	29	1.3591
29	1	3.5144
29	3	1.0000
29	9	1.0000
29	10	1.0000
29	11	1.0000
29	17	1.0000
29	18	1.0000
29	20	1.0000
29	24	1.0000
29	26	1.0000
29	28	1.3414
Source
0
Destination
0
FlowTime
0
