Links
0	4	1.0000
0	8	1.1567
0	10	1.0000
0	13	1.0000
0	35	1.0000
0	37	1.0042
0	43	1.0003
0	55	1.0000
1	2	1.0000
1	7	1.0019
1	9	1.0000
1	27	1.0000
1	30	1.0000
1	36	1.0642
1	38	1.0002
1	47	1.0000
1	49	1.1366
1	51	1.0000
1	52	1.0000
2	1	1.0000
2	3	1.0000
2	16	1.0000
2	19	1.0000
2	23	1.0000
2	27	1.0009
2	33	1.0005
2	36	1.0000
2	40	1.0935
2	46	1.0000
2	51	1.0053
2	52	1.0000
3	2	1.0000
3	16	1.0000
3	19	1.0000
3	20	1.1626
3	23	1.0000
3	25	1.1937
3	34	1.5323
4	0	1.0000
4	10	1.0000
4	13	3.0063
4	35	1.0000
4	55	1.0000
5	12	1.0000
5	31	1.0693
5	32	1.0000
5	45	1.0022
6	26	1.0000
6	34	28.8956
6	42	1.0000
7	1	1.0022
7	9	1.0000
7	30	1.0000
7	38	1.0000
7	49	1.0000
7	51	1.0103
7	53	1.0000
8	0	1.1578
8	13	1.0000
8	18	1.0000
8	37	1.0000
8	43	1.0068
9	1	1.0000
9	7	1.0000
9	27	1.0608
9	30	1.0000
9	38	1.0000
9	49	1.0000
9	51	1.0000
9	52	1.8379
9	53	1.0000
10	0	1.0000
10	4	1.0000
10	13	1.0003
10	35	1.0000
10	37	2.6678
10	43	1.0000
10	55	1.0000
11	14	1.0000
11	48	1.0000
11	53	12.7918
12	5	1.0000
12	31	1.0011
12	32	1.0000
12	41	1.0285
12	45	1.0007
13	0	1.0000
13	4	3.0724
13	8	1.0000
13	10	1.0002
13	18	1.0000
13	37	1.0000
13	43	1.0000
14	11	1.0000
14	48	1.0000
15	17	1.0000
15	21	1.0000
15	24	1.0000
15	29	1.0000
15	33	1.0000
15	40	1.0145
15	43	1.0305
15	44	1.0000
15	54	1.0000
16	2	1.0000
16	3	1.0000
16	19	1.0000
16	23	1.0000
16	33	1.0060
16	46	1.0000
17	15	1.0000
17	21	1.0000
17	24	1.0000
17	29	1.0993
17	33	1.0005
17	40	5.3191
17	43	1.0000
17	44	1.0000
17	54	1.2778
18	8	1.0000
18	13	1.0000
18	37	1.0000
18	43	1.0001
19	2	1.0000
19	3	1.0000
19	16	1.0000
19	23	1.0000
20	3	1.1666
20	22	1.0000
20	25	1.0000
20	28	1.0000
20	32	1.0000
20	34	1.0000
20	39	1.0000
20	45	1.0000
21	15	1.0000
21	17	1.0000
21	24	1.0000
21	29	1.0000
21	33	1.0000
21	36	1.3129
21	40	1.0000
21	44	1.0000
21	46	1.0193
21	54	1.0000
22	20	1.0000
22	25	1.0000
22	28	1.0000
22	32	1.0000
22	34	1.0000
22	39	1.0000
22	45	1.0000
23	2	1.0000
23	3	1.0000
23	16	1.0000
23	19	1.0000
23	46	8.9993
24	15	1.0000
24	17	1.0000
24	21	1.0000
24	29	1.0000
24	33	1.0000
24	36	1.0513
24	40	1.0000
24	44	1.0000
24	46	1.0154
24	54	1.0000
25	3	1.1958
25	20	1.0000
25	22	1.0000
25	28	1.0000
25	32	1.0000
25	34	1.0000
25	39	1.0000
25	45	1.0000
26	6	1.0000
26	42	1.0000
27	1	1.0000
27	2	1.0007
27	9	1.0591
27	30	1.0000
27	47	1.0000
27	52	1.0012
28	20	1.0000
28	22	1.0000
28	25	1.0000
28	32	1.0000
28	34	1.0000
28	39	1.0000
28	45	1.0000
29	15	1.0000
29	17	1.0925
29	21	1.0000
29	24	1.0000
29	33	1.0019
29	40	1.0000
29	44	1.0000
29	54	1.0000
30	1	1.0000
30	7	1.0000
30	9	1.0000
30	27	1.0000
30	38	1.0000
30	49	1.0000
30	51	1.0000
30	52	1.0155
30	53	1.0000
31	5	1.0763
31	12	1.0010
31	41	1.0000
31	50	1.0000
32	5	1.0000
32	12	1.0000
32	20	1.0000
32	22	1.0000
32	25	1.0000
32	28	1.0000
32	34	1.0000
32	39	1.0200
32	45	1.0000
33	2	1.0003
33	15	1.0000
33	16	1.0048
33	17	1.0007
33	21	1.0000
33	24	1.0000
33	29	1.0022
33	36	1.0000
33	38	1.0040
33	40	1.0000
33	44	1.0000
33	46	1.0000
33	51	1.0000
33	52	1.0000
33	54	1.0010
34	3	1.5259
34	6	28.5086
34	20	1.0000
34	22	1.0000
34	25	1.0000
34	28	1.0000
34	32	1.0000
34	39	1.0000
34	45	1.0000
35	0	1.0000
35	4	1.0000
35	10	1.0000
35	55	1.0000
36	1	1.0620
36	2	1.0000
36	21	1.3190
36	24	1.0515
36	33	1.0000
36	38	1.0000
36	40	1.0000
36	44	1.0000
36	46	1.0000
36	49	1.0000
36	51	1.0000
36	52	1.0000
36	53	1.0003
37	0	1.0055
37	8	1.0000
37	10	2.6294
37	13	1.0000
37	18	1.0000
37	43	1.0000
38	1	1.0004
38	7	1.0000
38	9	1.0000
38	30	1.0000
38	33	1.0035
38	36	1.0000
38	40	1.0000
38	44	3.4449
38	46	1.0000
38	49	1.0000
38	51	1.0000
38	52	1.0000
38	53	1.0000
39	20	1.0000
39	22	1.0000
39	25	1.0000
39	28	1.0000
39	32	1.0180
39	34	1.0000
39	42	2.2766
39	45	1.0000
40	2	1.0958
40	15	1.0142
40	17	5.1272
40	21	1.0000
40	24	1.0000
40	29	1.0000
40	33	1.0000
40	36	1.0000
40	38	1.0000
40	44	1.0000
40	46	1.0000
40	49	1.0001
40	51	1.0000
40	52	1.0000
40	53	1.3662
40	54	1.0000
41	12	1.0282
41	31	1.0000
41	50	1.0000
42	6	1.0000
42	26	1.0000
42	39	2.2953
43	0	1.0002
43	8	1.0062
43	10	1.0000
43	13	1.0001
43	15	1.0306
43	17	1.0000
43	18	1.0000
43	37	1.0000
43	55	2.1782
44	15	1.0000
44	17	1.0000
44	21	1.0000
44	24	1.0000
44	29	1.0000
44	33	1.0000
44	36	1.0000
44	38	3.4771
44	40	1.0000
44	46	1.0000
44	51	1.0029
44	52	1.7957
44	54	1.0000
45	5	1.0016
45	12	1.0004
45	20	1.0000
45	22	1.0000
45	25	1.0000
45	28	1.0000
45	32	1.0000
45	34	1.0000
45	39	1.0000
46	2	1.0000
46	16	1.0000
46	21	1.0223
46	23	8.8695
46	24	1.0161
46	33	1.0000
46	36	1.0000
46	38	1.0000
46	40	1.0000
46	44	1.0000
46	49	1.0203
46	51	1.0000
46	52	1.0000
47	1	1.0000
47	27	1.0000
48	11	1.0000
48	14	1.0000
48	53	1.0004
49	1	1.1245
49	7	1.0000
49	9	1.0000
49	30	1.0000
49	36	1.0000
49	38	1.0000
49	40	1.0000
49	46	1.0186
49	51	1.0000
49	52	1.0000
49	53	1.0000
50	31	1.0000
50	41	1.0000
51	1	1.0000
51	2	1.0044
51	7	1.0102
51	9	1.0000
51	30	1.0001
51	33	1.0000
51	36	1.0000
51	38	1.0000
51	40	1.0000
51	44	1.0015
51	46	1.0000
51	49	1.0000
51	52	1.0000
51	53	1.0000
52	1	1.0000
52	2	1.0000
52	9	1.8346
52	27	1.0014
52	30	1.0170
52	33	1.0000
52	36	1.0000
52	38	1.0000
52	40	1.0000
52	44	1.7952
52	46	1.0000
52	49	1.0000
52	51	1.0000
52	53	1.0076
53	7	1.0000
53	9	1.0000
53	11	12.3768
53	30	1.0000
53	36	1.0003
53	38	1.0000
53	40	1.3618
53	48	1.0002
53	49	1.0000
53	51	1.0000
53	52	1.0072
54	15	1.0000
54	17	1.2663
54	21	1.0000
54	24	1.0000
54	29	1.0000
54	33	1.0006
54	40	1.0000
54	44	1.0000
55	0	1.0000
55	4	1.0000
55	10	1.0000
55	35	1.0000
55	43	2.2121
Source
0
Destination
0
FlowTime
0
