Links
0	1	1.0000
0	2	1.0330
0	8	1.0000
0	9	1.0000
0	16	1.0000
0	17	1.2264
1	0	1.0000
1	2	1.0000
1	3	1.0301
1	8	1.0000
1	9	1.0000
1	10	1.0000
1	16	1.2312
1	17	1.0002
1	18	1.2354
2	0	1.0357
2	1	1.0000
2	3	1.0000
2	4	1.0328
2	9	1.0000
2	10	1.0000
2	11	1.0000
2	17	1.2264
2	18	1.0001
2	19	1.2368
3	1	1.0338
3	2	1.0000
3	4	1.0000
3	5	1.0351
3	10	1.0000
3	11	1.0000
3	12	1.0000
3	18	1.2354
3	19	1.0002
3	20	1.2276
4	2	1.0330
4	3	1.0000
4	5	1.0000
4	6	1.0330
4	11	1.0000
4	12	1.0000
4	13	1.0000
4	19	1.2368
4	20	1.0001
4	21	1.2321
5	3	1.0301
5	4	1.0000
5	6	1.0000
5	7	1.0343
5	12	1.0000
5	13	1.0000
5	14	1.0000
5	20	1.2276
5	21	1.0003
5	22	1.2336
6	4	1.0328
6	5	1.0000
6	7	1.0000
6	13	1.0000
6	14	1.0000
6	15	1.0000
6	21	1.2321
6	22	1.0002
6	23	1.2382
7	5	1.0351
7	6	1.0000
7	14	1.0000
7	15	1.0000
7	22	1.2336
7	23	1.0001
8	0	1.0000
8	1	1.0000
8	9	1.0000
8	10	1.0341
8	16	1.0000
8	17	1.0000
8	24	1.0000
8	25	1.2257
9	0	1.0000
9	1	1.0000
9	2	1.0000
9	8	1.0000
9	10	1.0000
9	11	1.0322
9	16	1.0000
9	17	1.0000
9	18	1.0000
9	24	1.2341
9	25	1.0002
9	26	1.2278
10	1	1.0000
10	2	1.0000
10	3	1.0000
10	8	1.0341
10	9	1.0000
10	11	1.0000
10	12	1.0334
10	17	1.0000
10	18	1.0000
10	19	1.0000
10	25	1.2257
10	26	1.0001
10	27	1.2421
11	2	1.0000
11	3	1.0000
11	4	1.0000
11	9	1.0359
11	10	1.0000
11	12	1.0000
11	13	1.0337
11	18	1.0000
11	19	1.0000
11	20	1.0000
11	26	1.2278
11	27	1.0002
11	28	1.2203
12	3	1.0000
12	4	1.0000
12	5	1.0000
12	10	1.0341
12	11	1.0000
12	13	1.0000
12	14	1.0332
12	19	1.0000
12	20	1.0000
12	21	1.0000
12	27	1.2421
12	28	1.0001
12	29	1.2330
13	4	1.0000
13	5	1.0000
13	6	1.0000
13	11	1.0322
13	12	1.0000
13	14	1.0000
13	15	1.0340
13	20	1.0000
13	21	1.0000
13	22	1.0000
13	28	1.2203
13	29	1.0001
13	30	1.2300
14	5	1.0000
14	6	1.0000
14	7	1.0000
14	12	1.0334
14	13	1.0000
14	15	1.0000
14	21	1.0000
14	22	1.0000
14	23	1.0000
14	29	1.2330
14	30	1.0002
14	31	1.2263
15	6	1.0000
15	7	1.0000
15	13	1.0337
15	14	1.0000
15	22	1.0000
15	23	1.0000
15	30	1.2300
15	31	1.0003
16	0	1.0001
16	1	1.2244
16	8	1.0000
16	9	1.0000
16	17	1.0000
16	18	1.0349
16	24	1.0000
16	25	1.0000
16	32	1.0001
16	33	1.2234
17	0	1.2334
17	1	1.0004
17	2	1.2350
17	8	1.0000
17	9	1.0000
17	10	1.0000
17	16	1.0000
17	18	1.0000
17	19	1.0362
17	24	1.0000
17	25	1.0000
17	26	1.0000
17	32	1.2381
17	33	1.0001
17	34	1.2353
18	1	1.2244
18	2	1.0001
18	3	1.2328
18	9	1.0000
18	10	1.0000
18	11	1.0000
18	16	1.0310
18	17	1.0000
18	19	1.0000
18	20	1.0341
18	25	1.0000
18	26	1.0000
18	27	1.0000
18	33	1.2234
18	34	1.0003
18	35	1.2376
19	2	1.2350
19	3	1.0001
19	4	1.2294
19	10	1.0000
19	11	1.0000
19	12	1.0000
19	17	1.0346
19	18	1.0000
19	20	1.0000
19	21	1.0353
19	26	1.0000
19	27	1.0000
19	28	1.0000
19	34	1.2353
19	35	1.0002
19	36	1.2272
20	3	1.2328
20	4	1.0001
20	5	1.2332
20	11	1.0000
20	12	1.0000
20	13	1.0000
20	18	1.0349
20	19	1.0000
20	21	1.0000
20	22	1.0351
20	27	1.0000
20	28	1.0000
20	29	1.0000
20	35	1.2376
20	36	1.0001
20	37	1.2369
21	4	1.2294
21	5	1.0001
21	6	1.2379
21	12	1.0000
21	13	1.0000
21	14	1.0000
21	19	1.0362
21	20	1.0000
21	22	1.0000
21	23	1.0342
21	28	1.0000
21	29	1.0000
21	30	1.0000
21	36	1.2272
21	37	1.0002
21	38	1.2307
22	5	1.2332
22	6	1.0003
22	7	1.2260
22	13	1.0000
22	14	1.0000
22	15	1.0000
22	20	1.0341
22	21	1.0000
22	23	1.0000
22	29	1.0000
22	30	1.0000
22	31	1.0000
22	37	1.2369
22	38	1.0002
22	39	1.2397
23	6	1.2379
23	7	1.0002
23	14	1.0000
23	15	1.0000
23	21	1.0353
23	22	1.0000
23	30	1.0000
23	31	1.0000
23	38	1.2307
23	39	1.0000
24	8	1.0002
24	9	1.2341
24	16	1.0000
24	17	1.0000
24	25	1.0000
24	26	1.0331
24	32	1.0000
24	33	1.0000
24	40	1.0001
24	41	1.2331
25	8	1.2271
25	9	1.0002
25	10	1.2335
25	16	1.0000
25	17	1.0000
25	18	1.0000
25	24	1.0000
25	26	1.0000
25	27	1.0368
25	32	1.0000
25	33	1.0000
25	34	1.0000
25	40	1.2318
25	41	1.0002
25	42	1.2320
26	9	1.2341
26	10	1.0002
26	11	1.2360
26	17	1.0000
26	18	1.0000
26	19	1.0000
26	24	1.0336
26	25	1.0000
26	27	1.0000
26	28	1.0309
26	33	1.0000
26	34	1.0000
26	35	1.0000
26	41	1.2331
26	42	1.0002
26	43	1.2386
27	10	1.2335
27	11	1.0001
27	12	1.2324
27	18	1.0000
27	19	1.0000
27	20	1.0000
27	25	1.0336
27	26	1.0000
27	28	1.0000
27	29	1.0339
27	34	1.0000
27	35	1.0000
27	36	1.0000
27	42	1.2320
27	43	1.0001
27	44	1.2350
28	11	1.2360
28	12	1.0001
28	13	1.2394
28	19	1.0000
28	20	1.0000
28	21	1.0000
28	26	1.0331
28	27	1.0000
28	29	1.0000
28	30	1.0333
28	35	1.0000
28	36	1.0000
28	37	1.0000
28	43	1.2386
28	44	1.0002
28	45	1.2366
29	12	1.2324
29	13	1.0003
29	14	1.2374
29	20	1.0000
29	21	1.0000
29	22	1.0000
29	27	1.0368
29	28	1.0000
29	30	1.0000
29	31	1.0314
29	36	1.0000
29	37	1.0000
29	38	1.0000
29	44	1.2350
29	45	1.0002
29	46	1.2312
30	13	1.2394
30	14	1.0002
30	15	1.2371
30	21	1.0000
30	22	1.0000
30	23	1.0000
30	28	1.0309
30	29	1.0000
30	31	1.0000
30	37	1.0000
30	38	1.0000
30	39	1.0000
30	45	1.2366
30	46	1.0000
30	47	1.2344
31	14	1.2374
31	15	1.0003
31	22	1.0000
31	23	1.0000
31	29	1.0339
31	30	1.0000
31	38	1.0000
31	39	1.0000
31	46	1.2312
31	47	1.0003
32	16	1.0000
32	17	1.2264
32	24	1.0000
32	25	1.0000
32	33	1.0000
32	34	1.0373
32	40	1.0000
32	41	1.0000
32	48	1.0001
32	49	1.2390
33	16	1.2312
33	17	1.0002
33	18	1.2354
33	24	1.0000
33	25	1.0000
33	26	1.0000
33	32	1.0000
33	34	1.0000
33	35	1.0327
33	40	1.0000
33	41	1.0000
33	42	1.0000
33	48	1.2306
33	49	1.0004
33	50	1.2308
34	17	1.2264
34	18	1.0001
34	19	1.2368
34	25	1.0000
34	26	1.0000
34	27	1.0000
34	32	1.0339
34	33	1.0000
34	35	1.0000
34	36	1.0338
34	41	1.0000
34	42	1.0000
34	43	1.0000
34	49	1.2390
34	50	1.0002
34	51	1.2343
35	18	1.2354
35	19	1.0002
35	20	1.2276
35	26	1.0000
35	27	1.0000
35	28	1.0000
35	33	1.0328
35	34	1.0000
35	36	1.0000
35	37	1.0337
35	42	1.0000
35	43	1.0000
35	44	1.0000
35	50	1.2308
35	51	1.0001
35	52	1.2333
36	19	1.2368
36	20	1.0001
36	21	1.2321
36	27	1.0000
36	28	1.0000
36	29	1.0000
36	34	1.0373
36	35	1.0000
36	37	1.0000
36	38	1.0331
36	43	1.0000
36	44	1.0000
36	45	1.0000
36	51	1.2343
36	52	1.0000
36	53	1.2377
37	20	1.2276
37	21	1.0003
37	22	1.2336
37	28	1.0000
37	29	1.0000
37	30	1.0000
37	35	1.0327
37	36	1.0000
37	38	1.0000
37	39	1.0361
37	44	1.0000
37	45	1.0000
37	46	1.0000
37	52	1.2333
37	53	1.0003
37	54	1.2348
38	21	1.2321
38	22	1.0002
38	23	1.2382
38	29	1.0000
38	30	1.0000
38	31	1.0000
38	36	1.0338
38	37	1.0000
38	39	1.0000
38	45	1.0000
38	46	1.0000
38	47	1.0000
38	53	1.2377
38	54	1.0002
38	55	1.2220
39	22	1.2336
39	23	1.0001
39	30	1.0000
39	31	1.0000
39	37	1.0337
39	38	1.0000
39	46	1.0000
39	47	1.0000
39	54	1.2348
39	55	1.0001
40	24	1.0000
40	25	1.2257
40	32	1.0000
40	33	1.0000
40	41	1.0000
40	42	1.0343
40	48	1.0000
40	49	1.0000
41	24	1.2341
41	25	1.0002
41	26	1.2278
41	32	1.0000
41	33	1.0000
41	34	1.0000
41	40	1.0000
41	42	1.0000
41	43	1.0331
41	48	1.0000
41	49	1.0000
41	50	1.0000
42	25	1.2257
42	26	1.0001
42	27	1.2421
42	33	1.0000
42	34	1.0000
42	35	1.0000
42	40	1.0328
42	41	1.0000
42	43	1.0000
42	44	1.0326
42	49	1.0000
42	50	1.0000
42	51	1.0000
43	26	1.2278
43	27	1.0002
43	28	1.2203
43	34	1.0000
43	35	1.0000
43	36	1.0000
43	41	1.0333
43	42	1.0000
43	44	1.0000
43	45	1.0346
43	50	1.0000
43	51	1.0000
43	52	1.0000
44	27	1.2421
44	28	1.0001
44	29	1.2330
44	35	1.0000
44	36	1.0000
44	37	1.0000
44	42	1.0343
44	43	1.0000
44	45	1.0000
44	46	1.0329
44	51	1.0000
44	52	1.0000
44	53	1.0000
45	28	1.2203
45	29	1.0001
45	30	1.2300
45	36	1.0000
45	37	1.0000
45	38	1.0000
45	43	1.0331
45	44	1.0000
45	46	1.0000
45	47	1.0342
45	52	1.0000
45	53	1.0000
45	54	1.0000
46	29	1.2330
46	30	1.0002
46	31	1.2263
46	37	1.0000
46	38	1.0000
46	39	1.0000
46	44	1.0326
46	45	1.0000
46	47	1.0000
46	53	1.0000
46	54	1.0000
46	55	1.0000
47	30	1.2300
47	31	1.0003
47	38	1.0000
47	39	1.0000
47	45	1.0346
47	46	1.0000
47	54	1.0000
47	55	1.0000
48	32	1.0001
48	33	1.2234
48	40	1.0000
48	41	1.0000
48	49	1.0000
48	50	1.0338
49	32	1.2381
49	33	1.0001
49	34	1.2353
49	40	1.0000
49	41	1.0000
49	42	1.0000
49	48	1.0000
49	50	1.0000
49	51	1.0351
50	33	1.2234
50	34	1.0003
50	35	1.2376
50	41	1.0000
50	42	1.0000
50	43	1.0000
50	48	1.0336
50	49	1.0000
50	51	1.0000
50	52	1.0333
51	34	1.2353
51	35	1.0002
51	36	1.2272
51	42	1.0000
51	43	1.0000
51	44	1.0000
51	49	1.0350
51	50	1.0000
51	52	1.0000
51	53	1.0340
52	35	1.2376
52	36	1.0001
52	37	1.2369
52	43	1.0000
52	44	1.0000
52	45	1.0000
52	50	1.0338
52	51	1.0000
52	53	1.0000
52	54	1.0349
53	36	1.2272
53	37	1.0002
53	38	1.2307
53	44	1.0000
53	45	1.0000
53	46	1.0000
53	51	1.0351
53	52	1.0000
53	54	1.0000
53	55	1.0313
54	37	1.2369
54	38	1.0002
54	39	1.2397
54	45	1.0000
54	46	1.0000
54	47	1.0000
54	52	1.0333
54	53	1.0000
54	55	1.0000
55	38	1.2307
55	39	1.0000
55	46	1.0000
55	47	1.0000
55	53	1.0340
55	54	1.0000
Source
0
Destination
0
FlowTime
0
