18	0
11	10
18	1
22	12
16	2
22	28
20	6
15	5
26	4
12	17
4	28
24	16
27	19
15	6
20	27
3	17
17	12
4	6
0	9
13	21
24	13
19	23
28	16
7	28
14	20
6	15
16	4
23	28
1	19
8	10
24	21
16	20
15	16
4	11
13	28
12	10
12	2
15	8
27	14
10	26
0	22
17	10
12	11
20	1
24	22
16	11
1	17
8	10
27	4
7	15
21	19
11	6
15	11
2	14
13	3
27	6
8	18
20	1
11	14
24	22
18	8
28	15
5	12
4	9
16	8
1	3
25	11
24	23
11	17
17	26
22	10
7	27
28	1
5	22
2	9
10	14
21	18
13	19
3	4
1	7
28	16
26	16
23	9
7	28
23	12
24	19
8	1
0	19
6	2
26	10
22	16
2	14
10	0
4	19
18	22
28	12
28	16
15	4
0	22
3	26
21	23
7	12
21	17
24	12
19	10
15	10
26	20
20	1
12	3
18	25
3	9
15	17
3	1
17	11
20	9
16	18
9	22
20	11
13	16
2	13
22	12
16	27
28	11
11	21
1	13
3	4
18	0
26	10
0	24
25	27
11	24
16	27
9	18
1	11
10	15
10	18
5	8
18	13
24	2
27	17
23	13
12	14
17	10
7	26
2	16
17	28
10	17
21	14
28	4
4	27
7	18
28	10
20	12
27	1
3	23
21	23
22	7
27	14
27	6
14	12
26	25
19	26
28	6
21	4
21	2
12	23
4	28
19	17
13	1
25	19
28	9
15	21
23	4
1	11
1	11
22	13
10	7
18	14
17	21
15	16
11	5
23	13
4	8
4	5
4	16
19	12
18	5
3	15
9	27
12	2
28	22
22	5
9	20
14	16
16	18
4	28
10	22
2	13
25	1
15	14
19	6
5	13
2	16
5	13
27	13
1	20
19	21
5	12
12	15
0	6
20	9
9	24
13	11
23	12
9	14
14	11
19	9
15	22
27	25
25	16
28	7
26	18
22	21
5	3
14	6
4	16
23	7
19	1
10	7
8	0
11	13
17	2
28	6
2	23
16	10
22	25
16	26
14	15
1	22
12	1
21	3
9	21
25	5
20	22
12	8
8	28
13	8
16	23
10	16
17	1
3	15
19	23
26	20
25	26
16	23
0	20
20	28
4	11
27	0
18	22
3	18
28	10
9	13
24	6
21	7
3	6
2	22
24	18
5	2
13	4
25	9
5	6
12	9
9	13
8	0
16	8
13	19
23	8
19	5
17	2
3	5
4	12
21	10
12	18
9	7
15	10
9	17
13	21
17	15
1	10
5	18
15	28
24	27
9	8
28	2
24	20
14	6
16	17
17	28
5	14
14	3
18	17
2	7
11	24
8	0
26	3
20	5
22	27
1	23
25	5
23	0
18	0
7	16
1	7
6	28
10	25
27	8
6	25
4	10
20	17
5	21
12	4
28	13
12	20
22	3
27	24
19	16
9	0
21	1
3	27
17	18
1	28
12	24
5	8
16	17
7	18
6	26
1	20
1	15
14	21
3	10
24	16
15	12
17	22
0	17
16	4
2	15
26	17
19	15
6	24
2	4
18	9
12	6
1	23
24	19
20	16
5	9
3	24
18	5
15	13
12	26
22	4
0	22
10	7
20	14
11	18
19	20
7	10
13	5
22	21
11	16
2	1
5	18
20	16
18	21
12	0
5	4
17	21
11	17
13	6
23	24
2	22
20	23
4	5
17	16
9	5
8	15
23	10
28	17
21	17
4	2
0	5
8	15
9	10
3	20
19	13
12	10
22	28
19	21
26	28
21	28
3	5
25	19
14	3
7	15
18	8
25	2
6	0
24	28
20	7
14	15
4	10
25	8
13	25
14	22
27	26
16	20
0	5
7	24
8	20
9	12
10	12
14	0
6	18
8	21
2	9
17	15
20	21
7	21
9	7
26	2
27	6
6	13
6	17
24	4
21	10
14	7
7	5
1	8
6	25
6	9
5	1
12	8
20	16
8	6
0	3
6	2
9	10
25	18
14	2
21	20
15	13
3	2
24	4
4	20
2	26
7	5
9	25
24	1
14	8
6	20
5	6
14	8
23	2
8	21
24	6
4	3
24	19
26	22
8	27
20	7
0	17
15	26
28	18
18	28
14	23
0	5
4	8
2	25
15	1
15	9
9	0
7	23
16	7
23	5
27	28
7	10
6	2
14	0
0	5
24	6
19	5
8	10
21	20
7	24
5	19
20	22
21	5
22	13
15	7
17	1
6	0
1	10
21	4
12	5
2	8
4	15
26	23
19	3
23	6
4	14
20	17
18	17
26	7
6	15
21	17
26	19
21	17
2	11
18	20
8	15
1	10
1	10
10	28
14	28
5	19
6	20
23	2
3	6
14	19
0	25
8	0
27	12
9	25
25	26
10	23
7	1
16	22
13	11
19	21
17	12
5	21
0	18
8	5
22	26
28	27
16	1
11	23
18	24
13	21
6	22
1	20
23	9
15	26
12	28
18	28
9	10
23	10
15	5
13	10
14	6
12	15
28	19
11	23
22	17
12	17
20	28
1	20
10	25
11	13
12	27
13	22
23	4
23	20
15	20
26	15
20	6
27	11
11	10
0	18
6	27
3	27
27	0
8	22
25	4
12	19
17	3
23	24
8	21
4	23
0	19
8	5
0	9
26	5
8	28
1	2
28	0
6	22
4	20
16	26
13	28
26	21
17	1
18	14
8	19
23	12
18	21
20	4
9	10
14	8
27	7
28	14
15	19
28	1
2	21
11	7
28	17
5	6
23	13
16	22
20	25
9	27
12	18
25	5
18	9
10	7
14	9
22	1
3	26
19	2
8	20
4	28
28	11
3	14
6	3
11	6
25	27
27	1
5	26
10	6
7	3
19	4
28	27
4	16
16	13
14	4
12	18
11	21
20	21
17	22
9	23
6	12
17	20
19	0
10	8
16	20
16	22
6	28
9	10
26	19
28	15
20	12
28	11
10	27
14	10
13	3
6	19
25	7
25	13
20	27
10	7
1	27
18	2
28	23
0	22
26	27
23	0
23	5
20	18
19	10
19	15
1	9
1	15
19	16
25	23
6	25
10	5
11	22
4	17
27	8
20	0
27	2
8	3
10	23
19	13
18	15
21	5
26	27
6	14
24	21
17	27
20	9
2	26
22	15
10	11
19	20
26	12
14	12
6	18
15	13
24	19
6	20
23	14
4	24
23	6
9	16
6	2
7	24
3	19
4	16
14	5
5	18
17	15
10	26
5	6
1	24
16	20
28	9
7	18
4	23
24	13
4	16
4	22
23	11
22	13
21	8
11	25
0	24
24	1
27	12
26	23
17	20
9	13
18	15
4	21
20	22
16	20
17	20
15	22
0	3
20	24
9	11
15	22
12	5
11	19
19	5
18	9
3	20
9	23
27	11
9	24
6	14
6	13
20	15
1	25
27	23
11	21
18	3
7	14
3	0
26	7
20	4
15	21
24	14
12	6
15	24
25	0
25	4
13	12
11	25
16	24
16	28
24	13
5	16
23	3
25	16
1	11
11	16
25	23
24	20
18	13
0	13
0	23
3	7
1	3
0	28
25	9
0	27
27	25
28	18
11	9
15	25
26	21
5	0
23	22
13	5
6	28
15	10
4	9
17	5
24	14
3	18
18	10
25	10
7	27
4	16
8	27
19	23
1	7
18	5
12	20
4	28
9	25
7	2
21	4
28	22
2	28
27	0
6	18
21	25
12	4
3	27
1	3
11	12
19	7
10	13
2	5
7	24
18	11
20	25
16	27
10	21
25	22
6	11
2	18
24	7
2	1
12	27
4	22
6	13
24	2
5	3
2	21
8	13
22	5
12	9
22	0
10	17
28	6
17	1
3	1
18	2
20	7
25	28
7	17
3	22
19	22
24	7
12	20
2	20
15	18
21	2
10	2
8	23
2	6
24	26
16	2
6	27
6	7
11	15
16	24
27	1
19	10
5	23
17	1
0	14
7	25
0	1
0	14
22	21
6	19
3	27
21	0
13	4
18	19
14	19
17	7
18	15
15	4
19	23
20	4
3	2
25	5
27	7
26	7
8	13
8	9
5	0
25	13
20	25
7	22
27	8
19	10
24	5
24	0
24	15
26	5
2	24
17	11
18	16
6	26
17	16
21	4
19	15
1	28
17	4
23	15
20	25
15	19
2	28
0	27
11	21
27	3
12	26
11	2
20	9
27	8
26	24
15	28
23	13
5	12
23	8
22	11
11	10
24	16
16	5
13	19
12	27
13	27
11	14
18	7
0	14
12	7
17	19
1	23
7	1
28	21
26	14
27	25
13	24
16	9
18	7
11	17
7	5
5	8
0	19
25	11
20	6
11	10
10	14
8	24
3	7
21	1
18	25
18	13
8	1
8	5
25	10
0	8
23	27
15	22
24	14
7	26
2	5
21	24
17	27
23	0
12	1
17	16
3	1
12	28
27	15
5	4
1	6
3	22
12	18
26	2
25	20
22	24
1	2
15	25
20	8
16	15
0	8
4	28
11	18
6	16
26	15
17	1
17	15
6	17
2	13
25	13
13	6
24	3
16	18
1	18
0	4
9	5
15	10
16	24
17	25
19	6
4	6
12	27
1	12
11	22
21	10
11	14
10	27
17	16
20	0
10	2
28	13
26	24
4	1
1	13
23	10
24	25
12	13
23	28
2	5
3	5
7	15
16	6
2	14
21	3
16	0
19	0
28	6
2	22
24	21
6	4
6	3
13	0
11	6
22	8
27	8
25	27
19	27
12	20
22	10
