39	37	6878,24	36	3629,39	23	2150,27	20	6878,15	26	3629,48	11	2150,41	8	6878,34	16	3629,15	32	2150,25	9	6878,5	49	3629,14	24	2150,15	38	6878,31	48	3629,51	10	2150,2	16	6878,25	52	3629,52	13	2150
6	24	6878,10	32	3629,9	30	2150,9	53	6878,35	2	3629,33	45	2150,18	49	6878,30	2	3629,20	23	2150,19	28	6878,33	35	3629,18	15	2150,14	4	6878,47	33	3629,17	12	2150,53	28	6878,49	15	3629,32	39	2150
46	39	6878,35	24	3629,41	16	2150,36	32	6878,5	34	3629,47	10	2150,51	1	6878,50	32	3629,53	20	2150,21	28	6878,27	10	3629,24	17	2150,48	2	6878,7	50	3629,9	11	2150,2	32	6878,17	49	3629,44	13	2150
10	38	6878,36	43	3629,19	15	2150,31	6	6878,30	32	3629,27	11	2150,49	21	6878,44	36	3629,49	7	2150,40	50	6878,43	10	3629,43	22	2150,47	50	6878,9	12	3629,53	8	2150,34	12	6878,20	5	3629,33	3	2150
0	39	6878,45	22	3629,28	37	2150,54	4	6878,41	11	3629,30	8	2150,52	38	6878,34	13	3629,38	3	2150,6	49	6878,11	7	3629,0	52	2150,25	23	6878,21	45	3629,12	1	2150,19	0	6878,52	50	3629,42	33	2150
46	12	6878,21	34	3629,6	32	2150,14	36	6878,7	30	3629,24	3	2150,32	19	6878,0	25	3629,33	14	2150,30	28	6878,8	53	3629,27	36	2150,8	32	6878,9	38	3629,18	3	2150,11	30	6878,38	3	3629,4	15	2150
41	37	6878,35	42	3629,12	44	2150,24	42	6878,16	53	3629,23	51	2150,0	1	6878,42	21	3629,45	41	2150,12	2	6878,35	39	3629,43	37	2150,54	35	6878,26	51	3629,39	33	2150,6	13	6878,15	48	3629,47	8	2150
30	15	6878,48	12	3629,47	32	2150,37	46	6878,53	2	3629,1	32	2150,39	43	6878,6	35	3629,40	30	2150,2	46	6878,47	25	3629,52	49	2150,36	21	6878,34	9	3629,33	38	2150,49	10	6878,33	12	3629,24	52	2150
47	23	6878,33	12	3629,41	34	2150,38	10	6878,45	14	3629,22	18	2150,1	10	6878,19	11	3629,23	31	2150,40	43	6878,54	39	3629,39	23	2150,32	51	6878,4	17	3629,32	37	2150,54	45	6878,16	24	3629,5	0	2150
30	39	6878,1	12	3629,40	51	2150,45	30	6878,33	18	3629,33	22	2150,43	25	6878,14	40	3629,41	48	2150,51	24	6878,38	12	3629,49	21	2150,21	22	6878,30	36	3629,27	34	2150,37	18	6878,43	7	3629,47	10	2150
4	37	6878,44	16	3629,40	37	2150,28	13	6878,4	22	3629,40	23	2150,41	53	6878,11	34	3629,19	1	2150,48	51	6878,11	25	3629,35	25	2150,53	51	6878,16	25	3629,36	37	2150,39	48	6878,7	0	3629,15	1	2150
18	15	6878,24	43	3629,4	2	2150,5	9	6878,21	12	3629,16	31	2150,54	29	6878,16	51	3629,47	11	2150,1	26	6878,54	14	3629,9	35	2150,22	52	6878,3	51	3629,28	13	2150,8	35	6878,6	26	3629,32	35	2150
23	19	6878,48	24	3629,44	13	2150,42	21	6878,42	20	3629,30	0	2150,22	47	6878,41	17	3629,20	41	2150,4	29	6878,26	11	3629,27	42	2150,48	45	6878,18	43	3629,26	46	2150,27	10	6878,53	13	3629,48	3	2150
43	40	6878,27	4	3629,39	15	2150,35	53	6878,28	30	3629,38	29	2150,19	49	6878,25	43	3629,16	43	2150,48	7	6878,34	23	3629,23	13	2150,25	42	6878,2	43	3629,16	38	2150,44	17	6878,45	9	3629,33	20	2150
19	17	6878,42	17	3629,19	38	2150,40	3	6878,46	47	3629,20	10	2150,42	6	6878,14	54	3629,38	54	2150,43	13	6878,42	9	3629,11	29	2150,36	17	6878,30	51	3629,38	32	2150,20	33	6878,41	10	3629,41	24	2150
33	24	6878,6	4	3629,12	13	2150,50	12	6878,28	29	3629,20	52	2150,18	26	6878,54	15	3629,53	2	2150,9	26	6878,17	49	3629,43	11	2150,42	46	6878,11	28	3629,30	29	2150,36	45	6878,51	31	3629,51	37	2150
31	17	6878,12	54	3629,40	53	2150,44	32	6878,1	14	3629,28	8	2150,1	7	6878,11	47	3629,33	20	2150,39	38	6878,6	41	3629,48	46	2150,0	25	6878,14	27	3629,29	12	2150,41	54	6878,9	39	3629,2	41	2150
7	51	6878,2	27	3629,2	3	2150,5	53	6878,11	52	3629,19	51	2150,23	27	6878,29	4	3629,31	24	2150,28	17	6878,40	10	3629,2	18	2150,54	16	6878,16	28	3629,44	32	2150,40	14	6878,6	5	3629,20	7	2150
42	38	6878,7	12	3629,6	16	2150,21	4	6878,21	12	3629,13	2	2150,44	12	6878,50	53	3629,27	29	2150,18	26	6878,37	52	3629,11	30	2150,21	11	6878,45	49	3629,14	1	2150,23	13	6878,26	8	3629,0	15	2150
17	27	6878,49	34	3629,3	35	2150,23	12	6878,52	13	3629,43	45	2150,54	45	6878,51	29	3629,34	35	2150,18	40	6878,36	45	3629,40	39	2150,38	48	6878,24	29	3629,22	13	2150,19	25	6878,19	50	3629,17	42	2150
32	26	6878,38	23	3629,13	40	2150,34	17	6878,1	49	3629,51	37	2150,20	8	6878,23	6	3629,16	48	2150,8	26	6878,20	36	3629,17	18	2150,8	40	6878,12	24	3629,41	14	2150,41	35	6878,9	52	3629,38	27	2150
30	25	6878,9	43	3629,35	3	2150,39	21	6878,2	45	3629,46	9	2150,25	7	6878,41	37	3629,44	54	2150,21	37	6878,6	8	3629,39	10	2150,39	23	6878,12	51	3629,22	35	2150,53	8	6878,21	30	3629,24	29	2150
24	7	6878,15	54	3629,21	51	2150,15	17	6878,24	25	3629,42	32	2150,32	35	6878,33	9	3629,29	17	2150,48	10	6878,49	6	3629,39	15	2150,31	38	6878,24	32	3629,23	19	2150,41	2	6878,38	15	3629,26	9	2150
6	28	6878,8	23	3629,12	47	2150,51	27	6878,30	4	3629,48	16	2150,35	38	6878,43	44	3629,35	28	2150,3	18	6878,16	13	3629,31	19	2150,2	9	6878,14	38	3629,47	18	2150,24	4	6878,29	54	3629,16	43	2150
11	37	6878,36	50	3629,24	13	2150,41	0	6878,4	22	3629,18	20	2150,54	31	6878,36	5	3629,17	12	2150,22	51	6878,51	23	3629,0	28	2150,49	6	6878,2	52	3629,8	50	2150,6	53	6878,54	24	3629,13	16	2150
29	31	6878,9	24	3629,31	20	2150,39	20	6878,12	42	3629,47	34	2150,15	40	6878,44	11	3629,7	18	2150,8	3	6878,13	16	3629,11	33	2150,54	7	6878,24	53	3629,22	45	2150,23	20	6878,40	14	3629,27	11	2150
41	39	6878,39	46	3629,37	32	2150,3	53	6878,37	3	3629,8	19	2150,33	42	6878,31	9	3629,11	16	2150,16	54	6878,12	25	3629,40	1	2150,4	31	6878,42	0	3629,49	24	2150,35	52	6878,0	38	3629,36	27	2150
2	48	6878,16	23	3629,25	39	2150,39	26	6878,53	42	3629,39	0	2150,51	4	6878,27	11	3629,38	14	2150,48	10	6878,50	32	3629,52	44	2150,20	23	6878,11	34	3629,11	52	2150,32	16	6878,44	48	3629,49	0	2150
40	34	6878,23	36	3629,54	26	2150,26	11	6878,40	34	3629,11	51	2150,11	13	6878,45	10	3629,28	12	2150,34	54	6878,0	24	3629,28	50	2150,45	42	6878,3	17	3629,19	35	2150,45	43	6878,42	43	3629,47	38	2150
4	6	6878,13	9	3629,19	50	2150,16	36	6878,6	20	3629,15	28	2150,43	41	6878,1	4	3629,1	24	2150,30	0	6878,7	37	3629,46	16	2150,53	16	6878,48	16	3629,44	13	2150,52	42	6878,48	44	3629,4	10	2150
9	39	6878,5	2	3629,49	20	2150,12	14	6878,14	18	3629,49	43	2150,41	8	6878,34	22	3629,27	22	2150,35	4	6878,54	27	3629,15	10	2150,27	43	6878,3	33	3629,28	19	2150,47	38	6878,49	29	3629,9	1	2150
37	27	6878,38	16	3629,10	4	2150,13	12	6878,13	17	3629,17	41	2150,4	30	6878,11	33	3629,40	19	2150,23	4	6878,9	22	3629,34	9	2150,27	14	6878,48	21	3629,13	28	2150,21	35	6878,5	35	3629,2	8	2150
45	39	6878,21	5	3629,36	29	2150,47	23	6878,1	10	3629,36	2	2150,7	35	6878,3	15	3629,13	51	2150,10	16	6878,50	53	3629,8	26	2150,19	16	6878,7	42	3629,46	41	2150,29	21	6878,21	0	3629,34	19	2150
21	24	6878,54	45	3629,45	52	2150,6	43	6878,22	50	3629,29	35	2150,15	13	6878,50	9	3629,52	18	2150,28	42	6878,46	5	3629,32	14	2150,30	49	6878,11	7	3629,53	19	2150,12	24	6878,32	47	3629,28	46	2150
22	42	6878,40	26	3629,32	5	2150,36	38	6878,50	42	3629,2	20	2150,45	8	6878,44	20	3629,39	22	2150,11	12	6878,48	3	3629,5	23	2150,45	30	6878,14	28	3629,34	29	2150,10	44	6878,50	31	3629,31	42	2150
40	24	6878,10	46	3629,1	13	2150,12	4	6878,13	49	3629,47	18	2150,44	18	6878,44	42	3629,32	42	2150,42	38	6878,31	27	3629,10	34	2150,16	30	6878,54	14	3629,25	22	2150,22	51	6878,10	14	3629,50	26	2150
54	31	6878,29	38	3629,39	47	2150,38	54	6878,40	49	3629,7	13	2150,18	39	6878,5	41	3629,51	1	2150,53	13	6878,16	30	3629,46	32	2150,30	0	6878,31	15	3629,31	40	2150,31	13	6878,43	19	3629,45	33	2150
52	47	6878,32	39	3629,9	38	2150,4	51	6878,20	23	3629,41	10	2150,44	46	6878,11	14	3629,14	41	2150,15	13	6878,8	26	3629,24	54	2150,40	1	6878,8	2	3629,54	36	2150,24	49	6878,47	1	3629,14	47	2150
6	23	6878,10	40	3629,20	33	2150,2	24	6878,38	15	3629,37	8	2150,23	17	6878,13	16	3629,13	24	2150,29	19	6878,18	45	3629,1	44	2150,19	53	6878,45	54	3629,34	27	2150,3	53	6878,50	49	3629,29	11	2150
45	8	6878,40	42	3629,14	41	2150,4	50	6878,30	16	3629,23	11	2150,29	49	6878,15	19	3629,5	30	2150,3	48	6878,14	29	3629,52	30	2150,18	40	6878,20	51	3629,37	32	2150,39	18	6878,52	35	3629,20	48	2150
50	42	6878,20	53	3629,8	25	2150,9	12	6878,50	17	3629,27	15	2150,40	16	6878,44	32	3629,47	30	2150,49	5	6878,22	47	3629,43	26	2150,52	32	6878,13	0	3629,3	30	2150,12	19	6878,47	11	3629,8	7	2150
9	46	6878,22	6	3629,23	26	2150,15	21	6878,0	16	3629,12	16	2150,42	13	6878,19	0	3629,7	28	2150,24	46	6878,32	35	3629,5	9	2150,20	0	6878,28	22	3629,0	24	2150,28	24	6878,11	51	3629,25	2	2150
30	1	6878,26	29	3629,43	51	2150,22	33	6878,20	35	3629,11	43	2150,40	20	6878,18	12	3629,24	44	2150,43	50	6878,4	48	3629,17	0	2150,26	18	6878,44	0	3629,13	23	2150,24	6	6878,4	22	3629,42	54	2150
36	21	6878,20	51	3629,36	16	2150,18	11	6878,45	41	3629,13	51	2150,23	19	6878,40	3	3629,16	36	2150,53	4	6878,13	28	3629,2	48	2150,23	7	6878,43	29	3629,29	21	2150,12	3	6878,40	23	3629,24	17	2150
23	47	6878,25	44	3629,16	47	2150,22	52	6878,44	0	3629,21	40	2150,14	13	6878,15	19	3629,10	40	2150,1	53	6878,39	24	3629,44	22	2150,44	52	6878,50	8	3629,39	34	2150,0	30	6878,13	20	3629,4	38	2150
43	42	6878,36	39	3629,44	40	2150,5	24	6878,34	44	3629,3	15	2150,37	32	6878,32	12	3629,21	5	2150,41	15	6878,18	32	3629,6	29	2150,10	34	6878,16	40	3629,32	17	2150,1	42	6878,39	36	3629,50	33	2150
23	27	6878,28	12	3629,10	52	2150,8	28	6878,30	10	3629,50	22	2150,27	12	6878,49	23	3629,45	30	2150,11	47	6878,49	54	3629,3	50	2150,16	31	6878,38	42	3629,14	50	2150,6	17	6878,18	27	3629,24	0	2150
38	47	6878,30	20	3629,1	13	2150,34	13	6878,16	36	3629,19	45	2150,40	42	6878,1	31	3629,36	29	2150,47	20	6878,3	18	3629,50	28	2150,42	54	6878,1	6	3629,53	2	2150,28	13	6878,9	34	3629,28	12	2150
52	51	6878,11	7	3629,51	52	2150,17	44	6878,52	15	3629,21	12	2150,51	0	6878,13	46	3629,4	54	2150,10	50	6878,49	24	3629,52	41	2150,9	13	6878,7	33	3629,28	7	2150,39	41	6878,41	47	3629,19	5	2150
33	47	6878,1	50	3629,49	52	2150,44	38	6878,49	16	3629,53	15	2150,14	29	6878,11	32	3629,54	20	2150,12	31	6878,39	45	3629,38	15	2150,15	4	6878,12	3	3629,23	39	2150,12	1	6878,29	47	3629,21	0	2150
33	14	6878,25	47	3629,9	7	2150,12	30	6878,11	4	3629,3	32	2150,39	33	6878,49	32	3629,40	26	2150,42	2	6878,34	18	3629,27	18	2150,6	8	6878,13	11	3629,29	13	2150,1	6	6878,32	11	3629,52	45	2150
28	37	6878,46	39	3629,9	24	2150,2	19	6878,4	16	3629,23	30	2150,14	51	6878,19	20	3629,35	33	2150,38	34	6878,31	20	3629,39	42	2150,33	51	6878,38	51	3629,39	51	2150,43	4	6878,25	43	3629,51	0	2150
20	52	6878,10	22	3629,45	32	2150,6	24	6878,52	23	3629,54	12	2150,33	42	6878,32	48	3629,12	24	2150,37	17	6878,8	15	3629,18	51	2150,35	8	6878,36	51	3629,10	36	2150,44	31	6878,13	31	3629,14	51	2150
42	23	6878,28	26	3629,34	15	2150,52	18	6878,41	23	3629,39	53	2150,37	5	6878,20	19	3629,23	49	2150,51	17	6878,37	40	3629,23	53	2150,47	17	6878,3	38	3629,34	19	2150,12	11	6878,10	6	3629,6	5	2150
11	25	6878,18	10	3629,38	53	2150,53	9	6878,0	28	3629,47	12	2150,17	6	6878,35	36	3629,3	25	2150,27	42	6878,54	29	3629,46	16	2150,17	0	6878,41	53	3629,49	5	2150,51	15	6878,13	33	3629,35	28	2150
10	30	6878,24	54	3629,30	9	2150,8	41	6878,21	17	3629,42	11	2150,32	39	6878,42	51	3629,45	49	2150,41	20	6878,0	9	3629,30	16	2150,47	25	6878,40	49	3629,48	26	2150,31	23	6878,13	20	3629,48	54	2150
52	51	6878,4	42	3629,29	36	2150,30	38	6878,6	46	3629,3	27	2150,51	15	6878,23	46	3629,45	24	2150,45	20	6878,49	22	3629,33	18	2150,0	11	6878,34	14	3629,3	18	2150,4	37	6878,43	0	3629,24	35	2150
46	48	6878,20	39	3629,12	32	2150,12	3	6878,7	4	3629,42	1	2150,42	19	6878,28	46	3629,2	12	2150,35	47	6878,34	30	3629,15	31	2150,29	46	6878,6	44	3629,49	34	2150,33	43	6878,37	26	3629,1	26	2150
37	14	6878,8	4	3629,54	32	2150,2	0	6878,53	24	3629,23	16	2150,35	18	6878,27	52	3629,2	31	2150,12	53	6878,32	34	3629,45	30	2150,11	49	6878,53	42	3629,40	31	2150,24	26	6878,10	46	3629,21	52	2150
40	43	6878,53	10	3629,50	43	2150,17	15	6878,34	2	3629,30	19	2150,7	9	6878,38	10	3629,37	9	2150,1	43	6878,46	14	3629,48	52	2150,32	29	6878,28	30	3629,2	1	2150,32	7	6878,4	46	3629,29	43	2150
0	24	6878,14	27	3629,2	40	2150,3	0	6878,27	24	3629,9	35	2150,22	47	6878,39	18	3629,8	23	2150,8	24	6878,38	6	3629,19	13	2150,4	38	6878,53	10	3629,17	24	2150,29	43	6878,15	27	3629,51	26	2150
5	8	6878,22	35	3629,8	53	2150,16	33	6878,24	22	3629,0	13	2150,39	47	6878,31	13	3629,3	4	2150,16	9	6878,8	21	3629,7	50	2150,45	52	6878,38	5	3629,22	21	2150,22	53	6878,15	22	3629,24	7	2150
32	33	6878,12	31	3629,8	26	2150,41	0	6878,50	15	3629,20	48	2150,5	14	6878,54	52	3629,19	4	2150,22	38	6878,29	41	3629,8	47	2150,48	25	6878,9	11	3629,31	26	2150,2	24	6878,0	5	3629,30	10	2150
31	52	6878,14	12	3629,6	24	2150,35	1	6878,30	22	3629,44	5	2150,42	51	6878,21	19	3629,1	27	2150,39	33	6878,18	35	3629,16	49	2150,8	41	6878,51	12	3629,3	41	2150,46	27	6878,37	13	3629,54	1	2150
41	37	6878,42	26	3629,54	0	2150,5	42	6878,39	25	3629,3	2	2150,14	34	6878,32	51	3629,41	28	2150,20	22	6878,9	36	3629,41	33	2150,50	31	6878,15	50	3629,0	46	2150,31	16	6878,50	51	3629,31	13	2150
20	22	6878,13	8	3629,26	50	2150,51	9	6878,27	3	3629,19	46	2150,13	3	6878,35	44	3629,16	3	2150,46	5	6878,1	33	3629,53	16	2150,45	7	6878,43	15	3629,15	5	2150,18	24	6878,23	18	3629,54	30	2150
21	26	6878,37	52	3629,6	44	2150,8	0	6878,32	35	3629,45	40	2150,23	50	6878,28	11	3629,6	36	2150,54	2	6878,4	28	3629,31	48	2150,4	33	6878,54	10	3629,45	1	2150,5	44	6878,50	20	3629,17	4	2150
25	35	6878,37	40	3629,27	9	2150,41	37	6878,28	46	3629,3	5	2150,40	0	6878,18	53	3629,46	19	2150,29	21	6878,11	38	3629,44	0	2150,28	52	6878,33	8	3629,1	14	2150,10	2	6878,15	25	3629,33	49	2150
0	44	6878,13	36	3629,7	5	2150,36	41	6878,12	39	3629,40	50	2150,13	35	6878,17	16	3629,14	22	2150,32	52	6878,23	5	3629,9	42	2150,24	18	6878,23	1	3629,21	44	2150,51	27	6878,9	39	3629,50	34	2150
28	48	6878,24	0	3629,43	49	2150,49	29	6878,53	21	3629,29	48	2150,38	29	6878,1	36	3629,37	17	2150,39	43	6878,40	54	3629,52	42	2150,18	37	6878,16	4	3629,40	39	2150,0	5	6878,52	45	3629,53	23	2150
15	16	6878,40	42	3629,45	1	2150,29	37	6878,18	39	3629,42	22	2150,13	41	6878,43	2	3629,10	24	2150,35	29	6878,13	47	3629,49	24	2150,5	26	6878,42	39	3629,18	25	2150,23	36	6878,37	14	3629,46	8	2150
53	28	6878,20	44	3629,22	5	2150,35	46	6878,34	49	3629,8	4	2150,7	50	6878,53	30	3629,24	9	2150,48	35	6878,27	51	3629,51	16	2150,21	20	6878,43	11	3629,37	3	2150,40	38	6878,17	49	3629,0	42	2150
28	6	6878,5	51	3629,18	6	2150,12	47	6878,41	25	3629,31	53	2150,7	17	6878,21	12	3629,48	54	2150,25	41	6878,44	48	3629,31	14	2150,46	10	6878,17	38	3629,26	19	2150,13	16	6878,53	28	3629,6	14	2150
21	20	6878,35	41	3629,34	6	2150,19	46	6878,3	38	3629,36	18	2150,16	7	6878,25	3	3629,24	31	2150,53	10	6878,10	42	3629,16	41	2150,28	13	6878,13	10	3629,22	37	2150,46	19	6878,26	2	3629,38	23	2150
52	33	6878,7	35	3629,4	36	2150,46	33	6878,33	20	3629,49	28	2150,22	48	6878,53	47	3629,12	11	2150,23	29	6878,12	8	3629,40	1	2150,4	5	6878,7	45	3629,50	3	2150,38	10	6878,27	36	3629,53	40	2150
19	29	6878,43	42	3629,53	6	2150,18	21	6878,41	53	3629,8	48	2150,9	23	6878,15	12	3629,51	19	2150,32	4	6878,35	48	3629,51	37	2150,15	28	6878,33	27	3629,4	18	2150,20	8	6878,25	6	3629,12	0	2150
43	53	6878,22	15	3629,10	48	2150,30	25	6878,45	43	3629,52	17	2150,15	28	6878,24	9	3629,5	9	2150,10	31	6878,7	20	3629,32	44	2150,38	33	6878,1	11	3629,21	33	2150,36	40	6878,48	46	3629,37	47	2150
19	49	6878,3	16	3629,27	20	2150,16	14	6878,9	36	3629,8	15	2150,12	52	6878,54	25	3629,41	42	2150,46	31	6878,48	50	3629,41	9	2150,3	32	6878,37	49	3629,37	41	2150,14	25	6878,42	35	3629,2	46	2150
11	42	6878,32	24	3629,27	1	2150,16	50	6878,43	1	3629,8	37	2150,24	1	6878,26	35	3629,39	8	2150,19	50	6878,37	35	3629,33	1	2150,2	42	6878,2	30	3629,10	33	2150,30	8	6878,18	44	3629,49	29	2150
12	39	6878,6	3	3629,49	0	2150,28	42	6878,52	34	3629,42	51	2150,14	51	6878,1	12	3629,0	7	2150,26	53	6878,44	52	3629,17	3	2150,29	44	6878,1	39	3629,49	28	2150,1	45	6878,47	51	3629,37	29	2150
39	44	6878,46	13	3629,38	25	2150,23	52	6878,11	8	3629,50	22	2150,1	53	6878,13	50	3629,52	51	2150,41	47	6878,18	20	3629,46	3	2150,36	22	6878,5	20	3629,52	6	2150,30	22	6878,34	6	3629,24	2	2150
47	34	6878,23	18	3629,54	29	2150,22	2	6878,50	16	3629,18	43	2150,39	6	6878,54	22	3629,20	27	2150,33	35	6878,30	28	3629,42	38	2150,45	25	6878,15	18	3629,33	52	2150,3	13	6878,39	15	3629,45	5	2150
53	34	6878,15	30	3629,33	17	2150,25	48	6878,2	23	3629,25	53	2150,16	51	6878,13	6	3629,31	18	2150,43	18	6878,17	45	3629,39	41	2150,41	36	6878,10	26	3629,8	5	2150,41	11	6878,6	44	3629,32	38	2150
4	54	6878,20	11	3629,32	5	2150,54	42	6878,53	45	3629,7	35	2150,16	43	6878,18	33	3629,22	52	2150,25	2	6878,51	6	3629,36	28	2150,15	7	6878,24	2	3629,52	4	2150,22	41	6878,49	51	3629,54	26	2150
23	1	6878,41	8	3629,41	49	2150,54	19	6878,29	27	3629,4	39	2150,13	22	6878,16	9	3629,15	9	2150,21	27	6878,31	38	3629,51	15	2150,28	26	6878,10	53	3629,16	27	2150,34	48	6878,10	41	3629,44	34	2150
42	27	6878,1	46	3629,37	28	2150,39	42	6878,26	48	3629,33	36	2150,21	15	6878,16	17	3629,31	54	2150,47	35	6878,13	20	3629,26	50	2150,47	7	6878,36	20	3629,42	20	2150,8	18	6878,10	1	3629,16	48	2150
13	2	6878,23	22	3629,7	19	2150,2	28	6878,19	11	3629,39	1	2150,53	42	6878,47	37	3629,50	0	2150,15	16	6878,27	31	3629,35	2	2150,34	11	6878,44	20	3629,11	9	2150,16	40	6878,3	24	3629,38	2	2150
24	37	6878,54	0	3629,28	36	2150,30	53	6878,46	36	3629,42	0	2150,2	48	6878,13	5	3629,23	20	2150,19	30	6878,21	24	3629,33	21	2150,36	22	6878,34	25	3629,1	44	2150,43	41	6878,36	53	3629,21	0	2150
2	5	6878,10	3	3629,42	54	2150,26	20	6878,25	18	3629,44	47	2150,35	40	6878,33	46	3629,8	29	2150,46	49	6878,24	47	3629,11	52	2150,4	14	6878,49	29	3629,40	13	2150,32	49	6878,25	28	3629,31	50	2150
19	49	6878,2	37	3629,45	1	2150,43	14	6878,22	12	3629,40	41	2150,50	52	6878,32	51	3629,20	11	2150,52	40	6878,50	54	3629,31	25	2150,48	3	6878,53	4	3629,41	28	2150,10	19	6878,24	25	3629,41	8	2150
0	11	6878,34	25	3629,19	54	2150,38	0	6878,26	20	3629,44	47	2150,24	13	6878,30	34	3629,13	38	2150,9	28	6878,37	44	3629,13	27	2150,41	22	6878,2	38	3629,45	24	2150,5	40	6878,45	52	3629,41	53	2150
46	25	6878,41	49	3629,19	50	2150,40	53	6878,13	51	3629,15	49	2150,46	40	6878,36	15	3629,13	53	2150,33	14	6878,46	34	3629,12	40	2150,48	39	6878,21	6	3629,47	10	2150,13	39	6878,33	23	3629,47	46	2150
32	47	6878,2	37	3629,52	41	2150,20	46	6878,12	9	3629,35	30	2150,8	34	6878,53	32	3629,38	13	2150,54	4	6878,33	34	3629,3	27	2150,41	2	6878,54	21	3629,19	37	2150,5	52	6878,40	19	3629,7	50	2150
51	8	6878,6	22	3629,44	10	2150,39	22	6878,39	36	3629,10	6	2150,26	23	6878,33	21	3629,5	30	2150,18	35	6878,21	22	3629,38	53	2150,40	43	6878,28	31	3629,41	34	2150,38	30	6878,23	38	3629,28	6	2150
19	6	6878,32	17	3629,26	39	2150,31	37	6878,31	21	3629,34	33	2150,35	8	6878,46	39	3629,34	0	2150,29	7	6878,26	54	3629,48	36	2150,37	2	6878,23	7	3629,0	4	2150,0	29	6878,36	46	3629,14	1	2150
39	52	6878,8	16	3629,47	22	2150,45	26	6878,1	12	3629,43	6	2150,3	41	6878,41	54	3629,45	53	2150,19	37	6878,54	45	3629,14	36	2150,47	42	6878,18	53	3629,46	53	2150,48	42	6878,24	51	3629,52	35	2150
28	22	6878,34	20	3629,18	38	2150,7	23	6878,8	28	3629,45	36	2150,30	20	6878,19	46	3629,43	5	2150,30	24	6878,20	21	3629,24	51	2150,44	25	6878,5	18	3629,33	11	2150,11	10	6878,25	5	3629,34	22	2150
28	33	6878,28	46	3629,50	38	2150,19	31	6878,48	27	3629,50	29	2150,8	28	6878,15	33	3629,43	44	2150,29	43	6878,9	21	3629,13	40	2150,1	40	6878,37	43	3629,48	6	2150,20	23	6878,19	28	3629,30	50	2150
11	4	6878,24	9	3629,50	41	2150,28	25	6878,28	50	3629,16	7	2150,53	22	6878,47	37	3629,50	40	2150,5	50	6878,33	9	3629,20	46	2150,40	18	6878,6	42	3629,23	53	2150,10	19	6878,0	34	3629,46	41	2150
5	48	6878,38	22	3629,7	20	2150,49	37	6878,13	10	3629,46	2	2150,37	39	6878,14	51	3629,3	7	2150,5	7	6878,9	35	3629,51	49	2150,36	2	6878,20	40	3629,21	5	2150,31	44	6878,23	27	3629,50	0	2150
22	12	6878,21	49	3629,42	37	2150,17	53	6878,27	45	3629,50	8	2150,13	5	6878,42	24	3629,1	50	2150,11	20	6878,52	42	3629,31	45	2150,3	7	6878,32	52	3629,15	13	2150,39	43	6878,1	51	3629,2	40	2150
30	45	6878,39	35	3629,46	52	2150,33	51	6878,19	3	3629,1	33	2150,30	47	6878,0	6	3629,51	33	2150,26	13	6878,6	11	3629,20	5	2150,50	29	6878,28	22	3629,42	0	2150,12	30	6878,20	37	3629,44	6	2150
7	38	6878,8	3	3629,31	30	2150,38	50	6878,19	23	3629,3	35	2150,15	40	6878,51	45	3629,10	48	2150,5	15	6878,36	33	3629,12	45	2150,8	0	6878,12	24	3629,26	42	2150,29	13	6878,20	36	3629,45	44	2150
30	46	6878,25	44	3629,20	12	2150,27	24	6878,52	2	3629,26	22	2150,21	47	6878,21	49	3629,29	7	2150,38	8	6878,34	23	3629,24	5	2150,27	14	6878,42	6	3629,32	9	2150,33	6	6878,26	1	3629,25	48	2150
11	2	6878,16	3	3629,22	39	2150,21	50	6878,21	17	3629,4	18	2150,34	40	6878,3	34	3629,46	2	2150,35	43	6878,32	48	3629,41	0	2150,26	34	6878,38	0	3629,11	44	2150,21	7	6878,39	42	3629,38	8	2150
47	29	6878,6	34	3629,34	18	2150,21	37	6878,44	41	3629,13	42	2150,20	4	6878,46	17	3629,30	9	2150,26	30	6878,24	23	3629,1	12	2150,52	22	6878,9	42	3629,46	30	2150,49	23	6878,31	37	3629,42	9	2150
53	40	6878,40	38	3629,45	43	2150,19	5	6878,21	27	3629,52	53	2150,34	21	6878,22	21	3629,10	15	2150,46	10	6878,43	28	3629,50	1	2150,3	35	6878,10	21	3629,30	51	2150,37	53	6878,6	19	3629,20	38	2150
26	1	6878,26	22	3629,41	16	2150,1	12	6878,52	51	3629,10	40	2150,31	39	6878,24	37	3629,20	27	2150,23	14	6878,19	5	3629,26	25	2150,10	24	6878,47	7	3629,12	9	2150,30	28	6878,11	13	3629,7	52	2150
2	43	6878,45	33	3629,4	36	2150,13	3	6878,11	6	3629,22	26	2150,37	20	6878,44	2	3629,32	46	2150,13	18	6878,1	18	3629,13	27	2150,8	17	6878,27	18	3629,39	49	2150,49	33	6878,28	30	3629,12	8	2150
34	35	6878,34	29	3629,36	45	2150,29	23	6878,2	44	3629,0	50	2150,0	49	6878,42	29	3629,22	18	2150,42	19	6878,47	19	3629,33	31	2150,24	33	6878,50	8	3629,53	26	2150,3	30	6878,37	27	3629,38	49	2150
26	1	6878,19	48	3629,2	14	2150,33	8	6878,33	10	3629,3	31	2150,46	34	6878,41	27	3629,30	49	2150,5	46	6878,10	23	3629,33	41	2150,17	54	6878,45	2	3629,42	31	2150,29	5	6878,48	41	3629,45	21	2150
4	17	6878,49	35	3629,7	13	2150,26	35	6878,11	17	3629,54	31	2150,34	27	6878,10	12	3629,24	1	2150,7	17	6878,13	41	3629,6	29	2150,20	27	6878,14	3	3629,26	22	2150,22	40	6878,47	12	3629,33	49	2150
26	15	6878,13	8	3629,49	37	2150,31	26	6878,18	54	3629,5	6	2150,39	28	6878,11	15	3629,24	25	2150,27	5	6878,14	36	3629,18	11	2150,46	42	6878,48	13	3629,42	9	2150,54	0	6878,19	49	3629,53	25	2150
27	49	6878,28	38	3629,8	37	2150,51	49	6878,10	16	3629,51	39	2150,3	25	6878,30	43	3629,10	43	2150,4	9	6878,53	27	3629,32	16	2150,38	2	6878,54	5	3629,45	25	2150,32	41	6878,30	32	3629,38	41	2150
12	7	6878,15	5	3629,24	17	2150,36	31	6878,16	27	3629,13	15	2150,54	43	6878,8	16	3629,6	29	2150,41	53	6878,36	31	3629,0	39	2150,14	40	6878,9	26	3629,3	38	2150,52	38	6878,35	38	3629,13	54	2150
49	23	6878,13	24	3629,44	41	2150,34	27	6878,17	32	3629,17	31	2150,41	6	6878,0	34	3629,16	36	2150,5	48	6878,7	36	3629,47	12	2150,18	50	6878,19	44	3629,36	33	2150,17	29	6878,1	21	3629,53	6	2150
30	44	6878,30	25	3629,6	22	2150,11	34	6878,17	24	3629,17	14	2150,41	33	6878,6	26	3629,26	41	2150,45	16	6878,4	10	3629,36	40	2150,4	16	6878,27	49	3629,50	8	2150,23	18	6878,36	38	3629,12	40	2150
40	50	6878,22	44	3629,42	34	2150,2	31	6878,28	37	3629,50	16	2150,24	5	6878,21	49	3629,15	5	2150,35	0	6878,39	22	3629,45	41	2150,33	6	6878,15	11	3629,21	13	2150,13	44	6878,1	7	3629,12	53	2150
5	21	6878,42	39	3629,19	24	2150,32	6	6878,33	2	3629,52	48	2150,43	7	6878,11	34	3629,0	5	2150,38	15	6878,9	15	3629,11	4	2150,25	16	6878,50	9	3629,8	10	2150,12	51	6878,27	1	3629,11	8	2150
8	13	6878,25	22	3629,33	2	2150,52	33	6878,5	24	3629,17	25	2150,17	38	6878,12	46	3629,6	53	2150,38	51	6878,0	52	3629,8	4	2150,51	48	6878,6	18	3629,50	44	2150,45	34	6878,12	40	3629,3	9	2150
17	45	6878,0	47	3629,44	3	2150,47	11	6878,39	7	3629,53	17	2150,32	31	6878,9	24	3629,22	43	2150,40	41	6878,51	35	3629,24	6	2150,51	48	6878,34	10	3629,49	28	2150,29	51	6878,31	44	3629,29	13	2150
21	38	6878,23	43	3629,42	5	2150,28	36	6878,7	39	3629,17	19	2150,11	1	6878,33	50	3629,23	36	2150,6	46	6878,53	45	3629,10	37	2150,39	15	6878,45	52	3629,11	29	2150,2	36	6878,38	8	3629,24	52	2150
0	53	6878,15	40	3629,8	37	2150,53	3	6878,30	43	3629,5	18	2150,22	9	6878,27	37	3629,39	27	2150,45	54	6878,31	50	3629,45	33	2150,20	13	6878,27	49	3629,14	22	2150,36	34	6878,1	30	3629,51	22	2150
53	52	6878,12	31	3629,4	34	2150,51	49	6878,48	38	3629,3	25	2150,7	32	6878,7	16	3629,23	38	2150,48	21	6878,9	51	3629,6	47	2150,18	19	6878,10	50	3629,51	47	2150,1	17	6878,38	14	3629,27	36	2150
6	34	6878,5	24	3629,29	35	2150,20	24	6878,51	22	3629,35	46	2150,40	18	6878,45	52	3629,8	40	2150,29	1	6878,27	32	3629,10	15	2150,25	23	6878,0	46	3629,52	6	2150,30	2	6878,27	2	3629,20	6	2150
7	43	6878,8	50	3629,27	22	2150,31	26	6878,2	17	3629,37	18	2150,12	35	6878,49	51	3629,22	30	2150,38	44	6878,51	12	3629,5	44	2150,40	42	6878,32	8	3629,11	13	2150,15	22	6878,52	31	3629,36	52	2150
51	12	6878,12	11	3629,27	49	2150,4	52	6878,41	12	3629,29	43	2150,44	27	6878,40	53	3629,4	50	2150,41	33	6878,45	16	3629,31	53	2150,6	41	6878,27	21	3629,40	48	2150,8	25	6878,3	48	3629,17	27	2150
45	42	6878,45	43	3629,12	23	2150,13	19	6878,29	33	3629,8	36	2150,48	23	6878,15	20	3629,15	5	2150,33	53	6878,5	2	3629,41	53	2150,15	50	6878,1	15	3629,54	9	2150,18	5	6878,35	27	3629,14	38	2150
22	9	6878,25	0	3629,0	36	2150,27	5	6878,40	51	3629,45	53	2150,33	19	6878,21	53	3629,18	20	2150,19	12	6878,30	22	3629,51	28	2150,36	39	6878,21	10	3629,42	17	2150,23	24	6878,8	45	3629,46	11	2150
32	4	6878,2	15	3629,35	48	2150,21	26	6878,36	12	3629,40	50	2150,8	24	6878,26	23	3629,16	27	2150,36	49	6878,18	45	3629,51	54	2150,51	31	6878,41	0	3629,51	16	2150,52	13	6878,42	21	3629,37	12	2150
43	11	6878,20	41	3629,4	11	2150,35	47	6878,39	53	3629,8	49	2150,6	37	6878,50	54	3629,30	4	2150,48	54	6878,19	23	3629,13	11	2150,14	27	6878,25	43	3629,44	41	2150,50	19	6878,47	13	3629,0	16	2150
36	15	6878,29	53	3629,26	39	2150,27	3	6878,11	47	3629,19	45	2150,24	2	6878,8	24	3629,5	45	2150,20	18	6878,5	37	3629,48	11	2150,2	31	6878,23	9	3629,13	52	2150,36	2	6878,33	17	3629,28	12	2150
44	51	6878,39	54	3629,24	11	2150,49	17	6878,8	15	3629,17	50	2150,36	45	6878,22	42	3629,43	37	2150,26	32	6878,47	22	3629,10	13	2150,26	47	6878,2	54	3629,40	10	2150,27	47	6878,30	2	3629,52	2	2150
47	36	6878,54	5	3629,5	26	2150,53	27	6878,48	39	3629,40	24	2150,21	0	6878,25	33	3629,37	50	2150,9	15	6878,6	35	3629,16	13	2150,11	43	6878,25	48	3629,1	13	2150,10	16	6878,49	26	3629,38	44	2150
28	10	6878,31	16	3629,6	31	2150,16	48	6878,2	48	3629,53	52	2150,27	5	6878,4	1	3629,1	53	2150,41	31	6878,31	48	3629,6	17	2150,38	33	6878,53	45	3629,5	22	2150,18	21	6878,26	35	3629,54	7	2150
33	6	6878,47	35	3629,24	40	2150,16	2	6878,31	11	3629,5	36	2150,6	32	6878,42	54	3629,5	45	2150,37	5	6878,53	14	3629,0	17	2150,20	49	6878,0	41	3629,5	49	2150,27	24	6878,17	34	3629,38	3	2150
0	40	6878,19	0	3629,42	4	2150,31	54	6878,5	32	3629,48	13	2150,38	15	6878,18	27	3629,47	5	2150,43	37	6878,11	8	3629,18	40	2150,17	6	6878,44	15	3629,40	36	2150,16	7	6878,34	33	3629,16	48	2150
51	4	6878,41	10	3629,34	8	2150,1	50	6878,23	15	3629,32	22	2150,31	27	6878,44	10	3629,33	8	2150,37	22	6878,45	51	3629,25	3	2150,49	41	6878,46	35	3629,18	20	2150,36	47	6878,23	35	3629,53	12	2150
4	22	6878,36	12	3629,46	0	2150,51	26	6878,24	50	3629,2	10	2150,44	28	6878,16	18	3629,20	41	2150,30	10	6878,6	41	3629,0	20	2150,21	20	6878,2	45	3629,41	29	2150,0	29	6878,34	1	3629,9	45	2150
7	14	6878,10	30	3629,28	16	2150,14	38	6878,22	13	3629,19	13	2150,14	3	6878,17	0	3629,10	49	2150,6	39	6878,28	8	3629,8	46	2150,4	52	6878,32	30	3629,45	3	2150,50	52	6878,3	19	3629,44	14	2150
27	22	6878,22	8	3629,34	48	2150,48	8	6878,26	36	3629,41	33	2150,48	27	6878,48	1	3629,18	40	2150,9	19	6878,22	46	3629,52	41	2150,48	25	6878,4	21	3629,37	32	2150,21	42	6878,48	20	3629,4	46	2150
41	0	6878,7	24	3629,51	7	2150,26	11	6878,43	23	3629,24	16	2150,9	19	6878,48	20	3629,31	8	2150,28	38	6878,18	35	3629,8	43	2150,17	52	6878,20	18	3629,30	52	2150,27	6	6878,13	28	3629,2	33	2150
43	1	6878,36	16	3629,50	33	2150,6	41	6878,45	35	3629,47	40	2150,33	44	6878,39	6	3629,52	7	2150,16	22	6878,35	9	3629,45	27	2150,50	28	6878,50	26	3629,27	12	2150,46	36	6878,50	54	3629,15	36	2150
45	14	6878,5	18	3629,38	18	2150,21	23	6878,8	17	3629,31	14	2150,4	27	6878,0	30	3629,51	32	2150,35	23	6878,27	36	3629,39	21	2150,38	1	6878,15	37	3629,20	39	2150,7	51	6878,22	23	3629,40	35	2150
0	38	6878,1	13	3629,54	3	2150,27	6	6878,46	50	3629,34	12	2150,46	50	6878,42	24	3629,29	39	2150,48	23	6878,8	23	3629,54	53	2150,38	20	6878,27	53	3629,34	32	2150,51	0	6878,23	37	3629,42	49	2150
27	14	6878,28	8	3629,43	23	2150,53	9	6878,8	33	3629,16	4	2150,37	30	6878,20	50	3629,31	41	2150,32	30	6878,28	47	3629,28	25	2150,18	11	6878,3	46	3629,3	54	2150,17	14	6878,5	14	3629,25	10	2150
25	44	6878,52	8	3629,41	51	2150,29	44	6878,19	48	3629,50	18	2150,29	44	6878,3	14	3629,52	32	2150,9	22	6878,54	14	3629,21	14	2150,52	16	6878,0	45	3629,49	23	2150,15	1	6878,53	54	3629,32	17	2150
31	6	6878,36	30	3629,53	12	2150,37	8	6878,14	6	3629,27	4	2150,39	50	6878,6	35	3629,5	12	2150,18	10	6878,23	49	3629,10	25	2150,43	21	6878,49	37	3629,7	33	2150,30	17	6878,53	43	3629,1	42	2150
54	52	6878,28	33	3629,5	1	2150,52	30	6878,12	16	3629,33	31	2150,48	7	6878,9	32	3629,34	21	2150,42	30	6878,53	49	3629,33	21	2150,19	48	6878,30	1	3629,44	13	2150,47	21	6878,41	25	3629,3	20	2150
19	27	6878,26	21	3629,9	54	2150,24	38	6878,18	48	3629,8	11	2150,35	8	6878,7	15	3629,32	9	2150,17	2	6878,11	49	3629,30	53	2150,18	45	6878,11	47	3629,33	47	2150,53	7	6878,38	39	3629,46	8	2150
31	39	6878,31	46	3629,30	1	2150,40	21	6878,48	37	3629,28	51	2150,18	43	6878,13	31	3629,33	13	2150,8	1	6878,5	53	3629,19	40	2150,40	37	6878,54	40	3629,20	23	2150,24	53	6878,53	39	3629,39	15	2150
33	8	6878,8	10	3629,46	30	2150,39	34	6878,54	28	3629,3	25	2150,15	33	6878,47	34	3629,44	32	2150,49	25	6878,45	41	3629,28	16	2150,14	50	6878,51	41	3629,34	24	2150,44	51	6878,37	8	3629,28	7	2150
18	48	6878,30	13	3629,16	0	2150,52	6	6878,38	14	3629,51	14	2150,46	7	6878,53	13	3629,51	0	2150,11	30	6878,23	12	3629,24	1	2150,50	45	6878,30	37	3629,32	11	2150,16	38	6878,15	17	3629,6	1	2150
49	23	6878,5	12	3629,53	35	2150,13	18	6878,54	36	3629,44	22	2150,15	50	6878,14	32	3629,15	26	2150,50	19	6878,33	44	3629,52	33	2150,23	28	6878,52	36	3629,27	47	2150,13	44	6878,24	5	3629,40	23	2150
10	3	6878,15	12	3629,12	53	2150,35	19	6878,1	5	3629,36	10	2150,4	21	6878,26	11	3629,11	48	2150,10	48	6878,42	49	3629,1	26	2150,16	49	6878,11	34	3629,6	37	2150,15	30	6878,24	51	3629,35	34	2150
34	13	6878,15	7	3629,24	28	2150,49	38	6878,10	28	3629,3	18	2150,21	35	6878,8	17	3629,30	15	2150,23	43	6878,22	5	3629,54	20	2150,38	27	6878,32	8	3629,43	50	2150,51	26	6878,41	44	3629,44	54	2150
32	37	6878,20	26	3629,16	10	2150,18	46	6878,31	19	3629,33	20	2150,49	33	6878,22	30	3629,19	15	2150,1	16	6878,12	22	3629,18	28	2150,11	13	6878,46	34	3629,33	35	2150,35	40	6878,15	36	3629,44	7	2150
13	19	6878,11	32	3629,26	40	2150,43	34	6878,35	19	3629,48	44	2150,17	16	6878,18	48	3629,0	15	2150,35	27	6878,15	20	3629,42	3	2150,25	27	6878,22	17	3629,7	30	2150,15	53	6878,15	26	3629,13	10	2150
23	35	6878,39	20	3629,35	40	2150,42	50	6878,14	52	3629,48	6	2150,35	39	6878,26	9	3629,14	3	2150,14	20	6878,36	11	3629,29	39	2150,32	43	6878,49	29	3629,41	15	2150,4	29	6878,12	26	3629,50	51	2150
53	18	6878,4	5	3629,14	44	2150,27	50	6878,39	31	3629,4	25	2150,14	53	6878,10	4	3629,1	5	2150,22	28	6878,0	19	3629,45	46	2150,35	38	6878,23	54	3629,30	11	2150,45	39	6878,41	10	3629,45	8	2150
38	46	6878,21	50	3629,45	34	2150,27	10	6878,10	31	3629,26	46	2150,1	49	6878,43	18	3629,50	36	2150,17	26	6878,47	46	3629,8	9	2150,42	38	6878,20	28	3629,12	13	2150,31	44	6878,48	22	3629,51	43	2150
10	31	6878,37	36	3629,36	9	2150,11	35	6878,5	11	3629,10	45	2150,31	42	6878,15	9	3629,9	5	2150,6	53	6878,35	10	3629,50	15	2150,26	22	6878,19	2	3629,46	26	2150,17	2	6878,20	29	3629,2	3	2150
43	48	6878,51	39	3629,45	21	2150,39	30	6878,14	10	3629,12	30	2150,22	0	6878,31	10	3629,33	2	2150,8	29	6878,8	0	3629,0	41	2150,34	33	6878,18	31	3629,38	23	2150,15	44	6878,4	27	3629,17	50	2150
0	50	6878,36	13	3629,7	21	2150,10	0	6878,17	28	3629,42	31	2150,5	16	6878,43	50	3629,35	50	2150,26	4	6878,35	14	3629,1	24	2150,28	6	6878,24	7	3629,53	8	2150,47	43	6878,37	54	3629,41	35	2150
5	20	6878,4	54	3629,17	46	2150,12	38	6878,42	44	3629,0	8	2150,13	25	6878,22	24	3629,18	38	2150,26	9	6878,38	12	3629,52	25	2150,44	4	6878,13	24	3629,33	39	2150,25	41	6878,23	24	3629,25	28	2150
13	18	6878,3	0	3629,43	39	2150,49	12	6878,29	4	3629,23	54	2150,24	53	6878,2	12	3629,22	23	2150,23	6	6878,50	0	3629,5	23	2150,39	3	6878,0	20	3629,39	37	2150,31	11	6878,42	19	3629,27	28	2150
31	18	6878,30	5	3629,49	51	2150,24	18	6878,1	15	3629,7	25	2150,21	44	6878,19	35	3629,20	48	2150,29	45	6878,45	20	3629,44	16	2150,0	18	6878,33	0	3629,47	16	2150,44	2	6878,1	29	3629,21	22	2150
13	1	6878,26	27	3629,52	48	2150,35	24	6878,23	50	3629,47	49	2150,15	8	6878,7	53	3629,22	31	2150,54	45	6878,39	9	3629,9	50	2150,1	35	6878,15	29	3629,40	0	2150,51	30	6878,14	8	3629,15	31	2150
33	16	6878,35	52	3629,9	27	2150,54	9	6878,10	42	3629,54	46	2150,17	42	6878,11	5	3629,7	9	2150,39	20	6878,29	23	3629,8	38	2150,5	42	6878,42	25	3629,35	9	2150,3	36	6878,52	11	3629,4	5	2150
25	46	6878,12	20	3629,41	19	2150,22	38	6878,41	26	3629,25	29	2150,32	33	6878,43	7	3629,15	19	2150,46	49	6878,13	54	3629,29	26	2150,36	41	6878,47	16	3629,10	25	2150,46	12	6878,20	42	3629,50	27	2150
20	22	6878,38	29	3629,35	49	2150,27	30	6878,22	50	3629,10	19	2150,36	12	6878,2	53	3629,27	5	2150,45	38	6878,35	50	3629,24	16	2150,24	4	6878,6	41	3629,10	52	2150,10	24	6878,29	24	3629,52	23	2150
10	15	6878,36	18	3629,14	47	2150,25	33	6878,2	30	3629,28	47	2150,29	21	6878,39	15	3629,50	24	2150,14	7	6878,4	45	3629,16	11	2150,9	35	6878,25	11	3629,29	2	2150,45	29	6878,27	2	3629,26	13	2150
30	9	6878,37	31	3629,29	11	2150,2	15	6878,28	15	3629,10	6	2150,26	31	6878,52	19	3629,46	9	2150,11	44	6878,37	5	3629,49	50	2150,9	13	6878,47	19	3629,5	30	2150,24	5	6878,47	13	3629,8	4	2150
27	13	6878,21	35	3629,21	37	2150,22	38	6878,10	3	3629,26	27	2150,13	10	6878,19	39	3629,51	37	2150,42	13	6878,39	29	3629,23	40	2150,13	27	6878,44	0	3629,35	32	2150,17	0	6878,46	14	3629,8	48	2150
27	6	6878,47	6	3629,35	29	2150,47	31	6878,3	50	3629,46	51	2150,42	26	6878,42	23	3629,39	15	2150,22	18	6878,40	45	3629,31	28	2150,30	22	6878,13	3	3629,27	25	2150,52	4	6878,10	2	3629,37	28	2150
23	31	6878,23	13	3629,31	28	2150,49	29	6878,39	43	3629,45	19	2150,47	31	6878,53	14	3629,34	19	2150,28	9	6878,15	14	3629,54	49	2150,11	20	6878,16	38	3629,21	17	2150,21	10	6878,9	15	3629,25	12	2150
13	6	6878,26	3	3629,41	53	2150,26	38	6878,48	21	3629,27	43	2150,3	12	6878,53	5	3629,15	8	2150,4	53	6878,24	27	3629,25	10	2150,16	44	6878,48	2	3629,48	23	2150,22	34	6878,16	49	3629,33	11	2150
12	54	6878,38	42	3629,5	43	2150,21	35	6878,11	51	3629,50	18	2150,50	46	6878,52	31	3629,12	1	2150,17	9	6878,18	42	3629,50	32	2150,16	39	6878,6	10	3629,21	36	2150,3	37	6878,32	47	3629,44	18	2150
5	41	6878,10	21	3629,16	40	2150,20	49	6878,15	19	3629,41	11	2150,46	5	6878,32	7	3629,8	31	2150,13	45	6878,54	41	3629,25	24	2150,21	18	6878,42	2	3629,9	12	2150,1	23	6878,37	53	3629,50	23	2150
51	40	6878,33	45	3629,48	1	2150,8	43	6878,51	0	3629,41	4	2150,4	21	6878,42	0	3629,47	14	2150,0	18	6878,45	36	3629,25	6	2150,18	52	6878,25	39	3629,35	26	2150,35	37	6878,46	33	3629,25	7	2150
51	10	6878,12	0	3629,31	30	2150,4	41	6878,0	7	3629,5	34	2150,30	10	6878,50	40	3629,21	52	2150,13	38	6878,52	8	3629,4	51	2150,38	22	6878,48	50	3629,38	41	2150,5	40	6878,2	38	3629,9	2	2150
46	44	6878,36	19	3629,51	2	2150,13	21	6878,10	53	3629,16	0	2150,12	43	6878,4	12	3629,41	39	2150,22	32	6878,39	48	3629,7	35	2150,47	38	6878,36	3	3629,19	35	2150,53	30	6878,15	5	3629,49	2	2150
4	11	6878,19	32	3629,44	43	2150,26	7	6878,33	14	3629,41	52	2150,5	20	6878,45	54	3629,35	47	2150,18	23	6878,51	38	3629,12	46	2150,27	24	6878,17	45	3629,23	27	2150,52	43	6878,31	10	3629,34	24	2150
43	5	6878,43	54	3629,38	35	2150,29	45	6878,11	31	3629,52	45	2150,11	41	6878,33	30	3629,8	11	2150,31	20	6878,6	23	3629,23	16	2150,54	39	6878,10	33	3629,17	9	2150,44	28	6878,11	2	3629,24	41	2150
31	25	6878,16	22	3629,15	40	2150,12	19	6878,34	44	3629,12	24	2150,54	25	6878,36	30	3629,30	14	2150,22	53	6878,8	36	3629,35	41	2150,31	39	6878,51	40	3629,54	1	2150,44	36	6878,0	48	3629,39	48	2150
16	44	6878,12	34	3629,18	24	2150,24	54	6878,18	16	3629,24	47	2150,22	32	6878,18	1	3629,9	41	2150,14	3	6878,7	30	3629,50	4	2150,38	44	6878,13	17	3629,40	43	2150,54	28	6878,54	50	3629,49	47	2150
41	13	6878,54	22	3629,31	23	2150,45	43	6878,51	36	3629,14	21	2150,0	47	6878,2	37	3629,11	7	2150,54	47	6878,47	18	3629,41	16	2150,39	42	6878,38	23	3629,28	11	2150,32	26	6878,37	40	3629,46	27	2150
31	35	6878,5	17	3629,38	45	2150,41	21	6878,48	35	3629,20	36	2150,10	42	6878,32	24	3629,33	53	2150,51	29	6878,6	15	3629,8	11	2150,46	23	6878,21	45	3629,7	33	2150,52	8	6878,41	50	3629,33	30	2150
11	30	6878,42	41	3629,36	13	2150,51	53	6878,42	35	3629,2	48	2150,38	14	6878,27	22	3629,41	17	2150,11	26	6878,34	10	3629,24	2	2150,32	15	6878,10	46	3629,3	35	2150,45	21	6878,26	29	3629,52	16	2150
40	19	6878,37	15	3629,4	2	2150,19	17	6878,33	46	3629,10	18	2150,27	28	6878,54	30	3629,6	24	2150,9	23	6878,51	38	3629,48	18	2150,17	14	6878,8	14	3629,36	6	2150,53	27	6878,34	27	3629,53	3	2150
30	38	6878,17	42	3629,54	41	2150,17	0	6878,3	30	3629,33	52	2150,15	19	6878,10	6	3629,44	42	2150,18	53	6878,0	28	3629,45	32	2150,45	30	6878,40	47	3629,27	49	2150,23	50	6878,34	25	3629,36	1	2150
34	12	6878,36	15	3629,9	48	2150,14	52	6878,19	54	3629,6	32	2150,8	16	6878,37	13	3629,44	7	2150,18	38	6878,10	3	3629,23	35	2150,46	2	6878,40	41	3629,15	39	2150,45	43	6878,32	2	3629,48	29	2150
24	42	6878,47	20	3629,3	36	2150,43	46	6878,40	34	3629,4	9	2150,8	41	6878,5	28	3629,19	17	2150,10	51	6878,29	22	3629,28	4	2150,46	52	6878,37	51	3629,9	20	2150,31	6	6878,52	47	3629,29	18	2150
37	38	6878,35	24	3629,40	49	2150,1	7	6878,28	24	3629,50	52	2150,54	3	6878,19	27	3629,10	54	2150,44	3	6878,10	17	3629,17	18	2150,37	32	6878,9	20	3629,38	54	2150,41	13	6878,27	26	3629,24	34	2150
19	38	6878,36	12	3629,4	23	2150,39	0	6878,47	8	3629,8	6	2150,12	5	6878,13	22	3629,46	2	2150,50	40	6878,44	27	3629,18	11	2150,54	21	6878,1	28	3629,27	53	2150,40	15	6878,31	50	3629,1	23	2150
10	29	6878,30	53	3629,50	10	2150,21	28	6878,20	1	3629,34	43	2150,38	45	6878,2	34	3629,44	7	2150,22	44	6878,18	8	3629,45	51	2150,21	39	6878,37	47	3629,27	8	2150,0	24	6878,51	8	3629,48	33	2150
8	30	6878,8	14	3629,36	16	2150,54	32	6878,33	16	3629,25	45	2150,47	5	6878,32	38	3629,1	34	2150,20	3	6878,17	53	3629,33	28	2150,50	41	6878,28	26	3629,38	44	2150,45	53	6878,24	15	3629,3	45	2150
25	41	6878,37	21	3629,35	41	2150,44	10	6878,5	11	3629,53	48	2150,9	23	6878,1	11	3629,36	41	2150,36	30	6878,1	34	3629,32	50	2150,4	26	6878,10	9	3629,15	25	2150,40	43	6878,39	3	3629,48	40	2150
40	49	6878,31	8	3629,26	23	2150,42	27	6878,25	29	3629,18	38	2150,50	17	6878,21	15	3629,21	26	2150,34	6	6878,12	14	3629,45	40	2150,12	14	6878,12	17	3629,28	7	2150,47	54	6878,30	43	3629,7	34	2150
21	9	6878,40	10	3629,38	6	2150,2	51	6878,51	2	3629,14	1	2150,10	7	6878,0	29	3629,53	26	2150,54	47	6878,15	33	3629,37	29	2150,48	34	6878,1	27	3629,43	0	2150,49	19	6878,18	15	3629,42	45	2150
42	19	6878,42	49	3629,9	5	2150,8	45	6878,22	1	3629,50	35	2150,28	48	6878,34	14	3629,37	13	2150,31	16	6878,1	30	3629,13	1	2150,38	51	6878,22	39	3629,53	11	2150,51	18	6878,54	50	3629,23	30	2150
10	20	6878,10	3	3629,53	19	2150,8	47	6878,39	13	3629,13	52	2150,20	38	6878,32	48	3629,44	39	2150,37	54	6878,1	29	3629,37	16	2150,25	44	6878,43	48	3629,25	11	2150,9	12	6878,52	38	3629,21	29	2150
4	47	6878,26	32	3629,30	4	2150,16	22	6878,2	48	3629,5	50	2150,29	22	6878,16	5	3629,28	34	2150,1	50	6878,41	39	3629,2	47	2150,54	40	6878,52	5	3629,12	50	2150,53	6	6878,35	13	3629,52	8	2150
41	19	6878,0	51	3629,4	18	2150,31	5	6878,13	12	3629,35	8	2150,42	37	6878,39	1	3629,24	1	2150,12	49	6878,22	29	3629,51	1	2150,8	39	6878,27	20	3629,51	48	2150,38	43	6878,18	3	3629,29	4	2150
18	54	6878,21	42	3629,19	26	2150,47	33	6878,52	53	3629,6	12	2150,50	25	6878,52	39	3629,3	17	2150,37	36	6878,50	45	3629,12	46	2150,9	7	6878,37	10	3629,43	3	2150,42	40	6878,42	31	3629,1	16	2150
22	49	6878,30	15	3629,14	34	2150,46	51	6878,17	26	3629,37	7	2150,17	13	6878,26	10	3629,38	45	2150,14	8	6878,39	14	3629,1	48	2150,17	29	6878,3	15	3629,23	36	2150,36	54	6878,25	9	3629,21	34	2150
43	10	6878,49	51	3629,19	18	2150,20	43	6878,32	33	3629,44	25	2150,33	34	6878,16	1	3629,26	37	2150,21	38	6878,3	43	3629,43	29	2150,52	14	6878,0	53	3629,18	45	2150,11	48	6878,22	10	3629,36	16	2150
49	1	6878,39	24	3629,36	43	2150,32	46	6878,27	49	3629,50	18	2150,34	39	6878,45	22	3629,27	49	2150,32	36	6878,1	38	3629,53	3	2150,54	15	6878,44	49	3629,22	15	2150,47	50	6878,39	53	3629,29	10	2150
37	21	6878,47	49	3629,45	11	2150,38	19	6878,43	48	3629,23	15	2150,26	49	6878,41	7	3629,24	14	2150,45	39	6878,53	1	3629,20	41	2150,1	18	6878,21	18	3629,5	11	2150,12	22	6878,54	9	3629,7	21	2150
7	40	6878,8	10	3629,52	42	2150,9	51	6878,40	46	3629,54	26	2150,37	15	6878,14	23	3629,18	37	2150,4	32	6878,7	18	3629,32	51	2150,33	42	6878,44	38	3629,25	45	2150,53	14	6878,28	3	3629,14	38	2150
21	31	6878,29	14	3629,30	7	2150,20	6	6878,19	54	3629,2	25	2150,40	47	6878,50	32	3629,53	4	2150,20	19	6878,7	54	3629,26	30	2150,2	1	6878,45	0	3629,34	39	2150,54	44	6878,54	50	3629,49	45	2150
28	33	6878,37	12	3629,38	29	2150,21	31	6878,41	44	3629,20	9	2150,54	26	6878,20	31	3629,9	48	2150,54	33	6878,18	45	3629,12	14	2150,43	32	6878,14	37	3629,15	44	2150,18	40	6878,9	4	3629,35	43	2150
50	25	6878,24	13	3629,31	20	2150,48	29	6878,18	49	3629,13	36	2150,20	4	6878,20	50	3629,3	36	2150,29	5	6878,50	1	3629,3	33	2150,53	12	6878,23	34	3629,40	45	2150,36	43	6878,19	26	3629,27	34	2150
1	52	6878,48	14	3629,22	26	2150,41	6	6878,47	48	3629,15	32	2150,27	36	6878,36	25	3629,4	31	2150,43	24	6878,29	27	3629,13	35	2150,53	28	6878,54	14	3629,37	48	2150,29	49	6878,47	44	3629,31	3	2150
17	46	6878,42	10	3629,51	54	2150,21	28	6878,16	15	3629,47	0	2150,25	5	6878,43	45	3629,44	51	2150,10	50	6878,25	33	3629,9	22	2150,12	45	6878,1	46	3629,31	52	2150,9	32	6878,42	52	3629,24	45	2150
25	8	6878,44	50	3629,35	32	2150,29	39	6878,33	19	3629,39	21	2150,17	36	6878,6	11	3629,38	35	2150,29	45	6878,10	21	3629,5	42	2150,5	49	6878,28	12	3629,47	53	2150,2	48	6878,49	39	3629,38	29	2150
49	47	6878,19	45	3629,27	19	2150,14	5	6878,5	1	3629,27	13	2150,23	28	6878,47	7	3629,29	4	2150,0	25	6878,1	39	3629,46	18	2150,54	31	6878,26	47	3629,36	13	2150,35	9	6878,30	48	3629,43	49	2150
48	46	6878,22	45	3629,24	20	2150,32	27	6878,52	34	3629,34	42	2150,38	15	6878,3	29	3629,7	54	2150,5	30	6878,35	38	3629,2	39	2150,44	4	6878,4	48	3629,51	44	2150,45	40	6878,18	53	3629,1	46	2150
17	54	6878,16	42	3629,48	53	2150,21	20	6878,46	28	3629,50	36	2150,42	0	6878,20	22	3629,51	44	2150,52	29	6878,0	31	3629,1	54	2150,15	40	6878,49	22	3629,24	44	2150,40	6	6878,1	12	3629,22	25	2150
19	48	6878,13	43	3629,0	15	2150,27	47	6878,19	17	3629,10	15	2150,4	47	6878,37	39	3629,15	7	2150,1	37	6878,2	41	3629,8	22	2150,32	44	6878,50	1	3629,25	9	2150,26	42	6878,16	22	3629,45	54	2150
51	39	6878,32	38	3629,11	21	2150,22	46	6878,30	12	3629,41	12	2150,24	46	6878,45	53	3629,9	51	2150,49	34	6878,31	4	3629,11	7	2150,46	20	6878,25	13	3629,24	51	2150,20	52	6878,27	21	3629,18	30	2150
31	11	6878,32	13	3629,1	14	2150,46	18	6878,33	50	3629,33	15	2150,54	39	6878,11	39	3629,28	17	2150,54	10	6878,12	42	3629,19	0	2150,45	9	6878,38	43	3629,51	38	2150,1	30	6878,6	34	3629,26	51	2150
42	41	6878,5	41	3629,47	10	2150,52	37	6878,29	38	3629,52	30	2150,38	7	6878,21	3	3629,22	44	2150,37	19	6878,42	0	3629,50	10	2150,0	49	6878,47	27	3629,1	40	2150,31	24	6878,38	46	3629,35	34	2150
9	40	6878,12	48	3629,21	35	2150,38	2	6878,41	19	3629,8	38	2150,31	19	6878,31	29	3629,21	42	2150,28	3	6878,7	21	3629,28	21	2150,29	15	6878,24	25	3629,8	24	2150,21	27	6878,51	23	3629,38	6	2150
19	2	6878,34	30	3629,4	11	2150,16	8	6878,16	50	3629,20	27	2150,40	34	6878,47	6	3629,13	0	2150,42	20	6878,23	31	3629,26	7	2150,52	16	6878,33	15	3629,13	17	2150,48	13	6878,45	34	3629,54	36	2150
1	51	6878,51	15	3629,31	11	2150,23	39	6878,24	18	3629,12	48	2150,26	21	6878,53	33	3629,37	17	2150,34	45	6878,49	21	3629,8	3	2150,17	52	6878,42	40	3629,42	33	2150,51	23	6878,33	10	3629,33	46	2150
46	11	6878,18	45	3629,25	52	2150,4	12	6878,6	11	3629,49	27	2150,4	36	6878,3	28	3629,2	5	2150,17	52	6878,26	2	3629,22	0	2150,17	34	6878,2	15	3629,18	15	2150,23	6	6878,25	53	3629,16	50	2150
36	0	6878,26	36	3629,44	46	2150,47	33	6878,35	43	3629,39	12	2150,0	37	6878,28	1	3629,1	15	2150,17	33	6878,53	40	3629,34	24	2150,51	23	6878,44	52	3629,53	15	2150,51	36	6878,23	26	3629,33	42	2150
46	9	6878,28	6	3629,11	31	2150,22	30	6878,46	3	3629,37	32	2150,18	47	6878,8	38	3629,39	48	2150,11	24	6878,31	44	3629,40	7	2150,28	19	6878,42	5	3629,41	5	2150,18	10	6878,34	40	3629,21	48	2150
31	39	6878,9	38	3629,24	10	2150,32	54	6878,1	32	3629,22	51	2150,41	39	6878,53	0	3629,12	48	2150,40	0	6878,49	36	3629,36	18	2150,48	4	6878,15	7	3629,9	25	2150,4	35	6878,11	54	3629,0	29	2150
16	30	6878,30	46	3629,38	27	2150,1	23	6878,42	14	3629,15	17	2150,15	46	6878,44	50	3629,2	23	2150,1	51	6878,8	5	3629,11	24	2150,53	5	6878,14	6	3629,50	22	2150,22	15	6878,21	22	3629,52	0	2150
45	11	6878,8	6	3629,24	16	2150,32	21	6878,22	24	3629,48	15	2150,13	40	6878,15	28	3629,37	39	2150,52	26	6878,49	23	3629,49	37	2150,27	16	6878,10	53	3629,54	44	2150,10	44	6878,41	36	3629,16	22	2150
26	5	6878,2	29	3629,6	17	2150,2	44	6878,33	41	3629,43	38	2150,43	28	6878,6	9	3629,2	45	2150,13	14	6878,28	23	3629,24	11	2150,39	29	6878,47	52	3629,32	17	2150,8	46	6878,25	18	3629,54	40	2150
31	22	6878,13	20	3629,44	29	2150,14	7	6878,10	46	3629,38	54	2150,8	45	6878,38	7	3629,49	52	2150,8	36	6878,23	12	3629,10	51	2150,25	2	6878,49	18	3629,13	25	2150,5	35	6878,26	23	3629,21	27	2150
49	18	6878,44	14	3629,27	35	2150,26	24	6878,2	28	3629,30	20	2150,24	52	6878,16	19	3629,23	17	2150,31	32	6878,25	9	3629,22	52	2150,5	34	6878,1	33	3629,36	16	2150,50	9	6878,15	40	3629,21	25	2150
34	8	6878,53	45	3629,33	48	2150,3	22	6878,36	43	3629,2	7	2150,14	18	6878,36	6	3629,25	41	2150,2	4	6878,41	42	3629,26	25	2150,52	46	6878,10	22	3629,15	40	2150,25	27	6878,11	8	3629,47	28	2150
0	47	6878,36	5	3629,8	47	2150,53	25	6878,12	37	3629,8	19	2150,21	23	6878,47	32	3629,39	12	2150,32	1	6878,42	41	3629,29	13	2150,53	25	6878,51	11	3629,28	4	2150,6	35	6878,28	49	3629,39	9	2150
38	2	6878,17	29	3629,20	15	2150,8	43	6878,19	32	3629,7	2	2150,9	31	6878,46	39	3629,46	40	2150,54	31	6878,17	12	3629,2	49	2150,47	6	6878,47	20	3629,13	16	2150,30	14	6878,45	47	3629,25	53	2150
12	49	6878,12	15	3629,47	46	2150,52	6	6878,44	15	3629,9	50	2150,26	19	6878,17	2	3629,6	7	2150,28	41	6878,52	54	3629,9	17	2150,12	50	6878,36	1	3629,26	45	2150,33	10	6878,19	6	3629,20	39	2150
14	30	6878,28	37	3629,12	24	2150,35	31	6878,28	13	3629,3	52	2150,38	25	6878,20	19	3629,51	18	2150,51	40	6878,24	51	3629,16	27	2150,52	0	6878,37	45	3629,28	41	2150,44	47	6878,9	14	3629,47	18	2150
29	3	6878,35	32	3629,38	36	2150,9	26	6878,38	34	3629,36	35	2150,18	43	6878,51	29	3629,17	38	2150,19	49	6878,4	2	3629,36	44	2150,14	49	6878,47	48	3629,39	42	2150,1	35	6878,28	24	3629,13	0	2150
5	32	6878,41	11	3629,7	37	2150,31	11	6878,12	14	3629,32	33	2150,21	54	6878,9	15	3629,44	38	2150,25	2	6878,28	22	3629,53	51	2150,17	21	6878,2	27	3629,8	47	2150,30	18	6878,11	52	3629,47	26	2150
12	0	6878,5	1	3629,44	2	2150,3	54	6878,24	51	3629,22	20	2150,15	4	6878,14	6	3629,15	13	2150,54	45	6878,15	41	3629,43	37	2150,12	46	6878,50	34	3629,4	11	2150,20	28	6878,1	8	3629,16	24	2150
27	21	6878,23	7	3629,54	53	2150,46	22	6878,48	9	3629,28	22	2150,45	19	6878,39	46	3629,5	11	2150,54	11	6878,15	9	3629,46	23	2150,21	0	6878,1	26	3629,25	42	2150,39	18	6878,5	25	3629,24	54	2150
6	39	6878,49	44	3629,39	5	2150,21	52	6878,49	35	3629,29	8	2150,39	51	6878,36	44	3629,24	43	2150,18	23	6878,31	33	3629,0	12	2150,34	46	6878,4	0	3629,52	34	2150,34	46	6878,24	39	3629,45	43	2150
37	29	6878,15	3	3629,4	51	2150,17	1	6878,43	31	3629,20	6	2150,8	25	6878,9	32	3629,50	47	2150,34	11	6878,48	50	3629,30	35	2150,4	11	6878,0	34	3629,25	24	2150,17	33	6878,51	46	3629,49	22	2150
46	40	6878,11	4	3629,31	11	2150,45	44	6878,29	26	3629,37	5	2150,46	1	6878,9	18	3629,15	22	2150,43	36	6878,18	25	3629,40	5	2150,8	42	6878,0	54	3629,0	10	2150,13	39	6878,18	0	3629,43	40	2150
8	6	6878,0	42	3629,53	17	2150,33	15	6878,34	53	3629,21	29	2150,8	50	6878,13	26	3629,22	7	2150,8	37	6878,31	3	3629,48	15	2150,3	5	6878,22	44	3629,4	20	2150,8	32	6878,13	34	3629,8	7	2150
45	36	6878,33	51	3629,46	40	2150,6	4	6878,51	48	3629,10	12	2150,46	9	6878,5	37	3629,40	26	2150,20	35	6878,48	36	3629,3	28	2150,9	21	6878,1	43	3629,33	30	2150,36	54	6878,35	3	3629,42	45	2150
3	28	6878,18	15	3629,1	16	2150,54	50	6878,26	52	3629,6	35	2150,48	11	6878,4	18	3629,3	40	2150,26	47	6878,12	49	3629,46	34	2150,34	54	6878,32	47	3629,25	32	2150,26	41	6878,38	51	3629,22	26	2150
11	14	6878,4	23	3629,2	24	2150,51	39	6878,25	2	3629,51	5	2150,29	28	6878,8	40	3629,27	9	2150,8	4	6878,20	0	3629,7	14	2150,25	11	6878,23	29	3629,54	44	2150,26	27	6878,52	40	3629,26	42	2150
7	24	6878,45	53	3629,5	21	2150,11	8	6878,47	6	3629,18	14	2150,32	5	6878,27	6	3629,25	22	2150,2	37	6878,28	8	3629,9	20	2150,54	23	6878,13	38	3629,43	3	2150,31	9	6878,10	23	3629,42	21	2150
27	14	6878,14	13	3629,51	6	2150,54	24	6878,51	33	3629,16	7	2150,35	54	6878,21	45	3629,13	52	2150,10	5	6878,22	34	3629,11	38	2150,36	47	6878,30	2	3629,31	52	2150,42	12	6878,15	27	3629,24	4	2150
34	43	6878,47	31	3629,25	27	2150,5	11	6878,24	30	3629,53	34	2150,43	46	6878,53	15	3629,12	18	2150,31	49	6878,29	24	3629,52	1	2150,19	16	6878,1	39	3629,40	30	2150,44	38	6878,30	24	3629,37	10	2150
5	46	6878,40	39	3629,33	16	2150,49	4	6878,50	44	3629,0	50	2150,5	43	6878,6	53	3629,5	14	2150,12	1	6878,49	10	3629,20	41	2150,36	5	6878,3	15	3629,13	18	2150,6	32	6878,37	42	3629,12	9	2150
34	27	6878,26	33	3629,10	25	2150,21	6	6878,32	44	3629,39	49	2150,18	8	6878,26	21	3629,15	49	2150,3	39	6878,16	5	3629,46	19	2150,15	10	6878,51	13	3629,32	4	2150,48	27	6878,19	34	3629,2	12	2150
23	39	6878,54	37	3629,9	10	2150,28	53	6878,11	40	3629,32	37	2150,49	38	6878,22	6	3629,35	51	2150,37	17	6878,28	39	3629,18	38	2150,23	43	6878,8	12	3629,19	33	2150,34	12	6878,29	18	3629,52	21	2150
19	6	6878,21	43	3629,53	4	2150,35	1	6878,54	42	3629,43	25	2150,0	37	6878,14	54	3629,39	38	2150,7	2	6878,37	43	3629,33	35	2150,9	14	6878,6	27	3629,33	17	2150,18	24	6878,9	41	3629,45	2	2150
51	5	6878,33	41	3629,12	9	2150,6	18	6878,16	4	3629,15	9	2150,25	1	6878,14	8	3629,52	36	2150,18	50	6878,48	21	3629,1	17	2150,16	17	6878,41	44	3629,52	20	2150,14	21	6878,51	6	3629,52	9	2150
2	46	6878,51	42	3629,41	24	2150,16	47	6878,33	7	3629,24	12	2150,50	26	6878,42	20	3629,5	0	2150,3	6	6878,35	5	3629,14	42	2150,48	8	6878,5	27	3629,48	27	2150,34	33	6878,11	45	3629,38	48	2150
24	4	6878,11	7	3629,27	18	2150,21	41	6878,30	2	3629,20	40	2150,52	19	6878,20	35	3629,7	29	2150,49	39	6878,9	17	3629,32	52	2150,46	49	6878,41	23	3629,29	40	2150,33	18	6878,3	16	3629,37	8	2150
31	47	6878,28	3	3629,24	30	2150,11	9	6878,5	26	3629,33	51	2150,0	13	6878,27	50	3629,39	23	2150,23	1	6878,7	29	3629,51	13	2150,36	11	6878,31	33	3629,36	37	2150,8	30	6878,27	35	3629,11	39	2150
29	14	6878,24	54	3629,6	35	2150,11	4	6878,19	40	3629,15	51	2150,44	1	6878,40	50	3629,2	20	2150,48	3	6878,48	30	3629,34	52	2150,4	28	6878,25	22	3629,37	16	2150,29	2	6878,10	48	3629,42	41	2150
37	15	6878,11	5	3629,15	37	2150,21	39	6878,8	24	3629,52	26	2150,47	13	6878,44	34	3629,3	21	2150,3	12	6878,53	9	3629,5	18	2150,14	50	6878,1	40	3629,30	16	2150,50	45	6878,42	5	3629,24	17	2150
11	42	6878,5	24	3629,10	14	2150,43	22	6878,27	43	3629,3	44	2150,52	35	6878,32	15	3629,3	28	2150,34	53	6878,35	34	3629,43	37	2150,52	1	6878,17	50	3629,29	4	2150,42	0	6878,13	50	3629,37	27	2150
39	26	6878,6	9	3629,27	7	2150,17	9	6878,9	20	3629,54	32	2150,22	27	6878,53	30	3629,30	34	2150,27	4	6878,23	38	3629,47	1	2150,25	39	6878,35	24	3629,52	24	2150,10	14	6878,53	8	3629,25	12	2150
43	18	6878,50	44	3629,31	44	2150,46	45	6878,30	43	3629,12	24	2150,9	45	6878,2	6	3629,4	35	2150,38	50	6878,44	5	3629,18	30	2150,21	23	6878,2	49	3629,53	54	2150,22	47	6878,20	3	3629,37	34	2150
22	25	6878,16	46	3629,10	27	2150,27	20	6878,18	11	3629,34	9	2150,19	22	6878,43	50	3629,43	50	2150,16	46	6878,54	8	3629,42	4	2150,16	20	6878,42	26	3629,12	10	2150,48	8	6878,8	35	3629,42	53	2150
34	49	6878,18	25	3629,19	20	2150,39	28	6878,2	20	3629,8	26	2150,32	20	6878,53	4	3629,11	20	2150,31	19	6878,20	51	3629,5	39	2150,14	0	6878,43	20	3629,22	30	2150,53	42	6878,45	2	3629,40	41	2150
32	53	6878,9	24	3629,3	53	2150,21	48	6878,26	14	3629,3	7	2150,38	13	6878,16	50	3629,19	50	2150,50	23	6878,39	20	3629,28	30	2150,12	38	6878,19	14	3629,21	15	2150,32	3	6878,33	4	3629,52	51	2150
14	45	6878,10	25	3629,51	1	2150,0	26	6878,41	45	3629,16	52	2150,6	10	6878,30	6	3629,34	33	2150,3	0	6878,28	49	3629,24	37	2150,18	2	6878,36	8	3629,34	5	2150,22	0	6878,32	18	3629,34	37	2150
54	23	6878,15	32	3629,51	31	2150,19	18	6878,40	17	3629,10	14	2150,22	9	6878,27	16	3629,29	27	2150,43	24	6878,4	20	3629,36	49	2150,41	21	6878,48	25	3629,47	18	2150,37	22	6878,48	51	3629,8	25	2150
28	36	6878,0	6	3629,12	47	2150,37	31	6878,32	21	3629,41	42	2150,36	29	6878,50	24	3629,22	50	2150,44	51	6878,46	40	3629,0	14	2150,53	48	6878,46	9	3629,45	7	2150,24	43	6878,10	28	3629,30	24	2150
35	1	6878,32	37	3629,2	41	2150,9	30	6878,50	23	3629,36	22	2150,46	23	6878,36	45	3629,29	48	2150,13	3	6878,48	29	3629,53	6	2150,21	29	6878,51	26	3629,27	28	2150,34	20	6878,8	20	3629,4	50	2150
50	23	6878,44	49	3629,29	36	2150,47	35	6878,9	7	3629,21	22	2150,22	10	6878,8	1	3629,12	32	2150,12	18	6878,32	44	3629,52	20	2150,17	3	6878,12	46	3629,4	20	2150,49	6	6878,51	36	3629,54	42	2150
4	45	6878,17	22	3629,10	49	2150,34	38	6878,30	24	3629,33	40	2150,7	5	6878,26	14	3629,4	29	2150,34	33	6878,34	52	3629,12	48	2150,39	28	6878,30	20	3629,32	4	2150,14	9	6878,52	17	3629,41	11	2150
35	30	6878,19	29	3629,49	12	2150,22	24	6878,31	46	3629,27	2	2150,49	6	6878,23	11	3629,14	9	2150,27	42	6878,17	18	3629,10	46	2150,1	46	6878,22	7	3629,28	12	2150,12	40	6878,31	6	3629,3	37	2150
20	42	6878,38	12	3629,4	14	2150,25	15	6878,17	46	3629,39	10	2150,38	8	6878,31	36	3629,43	47	2150,15	12	6878,20	6	3629,41	10	2150,1	24	6878,29	53	3629,35	0	2150,24	53	6878,52	22	3629,41	7	2150
26	16	6878,20	45	3629,9	19	2150,40	25	6878,48	31	3629,26	36	2150,51	16	6878,50	22	3629,23	4	2150,24	29	6878,37	23	3629,54	11	2150,2	27	6878,3	11	3629,11	40	2150,6	40	6878,2	42	3629,3	47	2150
20	11	6878,15	12	3629,35	27	2150,38	20	6878,30	24	3629,0	34	2150,53	46	6878,6	11	3629,30	32	2150,33	47	6878,5	25	3629,2	16	2150,19	54	6878,31	41	3629,23	5	2150,29	18	6878,17	11	3629,45	53	2150
30	15	6878,13	28	3629,41	20	2150,27	37	6878,12	18	3629,53	6	2150,26	48	6878,14	44	3629,30	33	2150,12	49	6878,50	45	3629,33	20	2150,16	41	6878,45	18	3629,48	32	2150,26	30	6878,28	39	3629,53	18	2150
1	25	6878,27	31	3629,33	45	2150,32	1	6878,35	39	3629,39	14	2150,8	34	6878,0	39	3629,45	16	2150,6	0	6878,4	19	3629,7	28	2150,51	54	6878,8	50	3629,21	0	2150,12	36	6878,36	31	3629,33	17	2150
40	3	6878,37	41	3629,22	24	2150,15	37	6878,50	34	3629,18	14	2150,23	18	6878,41	36	3629,8	33	2150,16	51	6878,13	11	3629,11	34	2150,44	30	6878,14	36	3629,13	26	2150,52	37	6878,20	54	3629,49	10	2150
11	14	6878,29	33	3629,24	10	2150,1	31	6878,9	49	3629,28	29	2150,9	3	6878,36	9	3629,37	23	2150,4	21	6878,23	7	3629,48	17	2150,11	54	6878,8	11	3629,31	3	2150,34	22	6878,53	8	3629,26	39	2150
26	53	6878,21	27	3629,13	21	2150,9	48	6878,12	39	3629,0	49	2150,21	27	6878,2	16	3629,15	30	2150,34	52	6878,29	14	3629,10	45	2150,3	24	6878,40	27	3629,40	22	2150,27	34	6878,42	3	3629,24	34	2150
1	8	6878,25	23	3629,5	43	2150,12	48	6878,29	44	3629,3	12	2150,6	11	6878,41	43	3629,11	23	2150,11	30	6878,50	27	3629,9	31	2150,38	13	6878,51	41	3629,5	20	2150,25	51	6878,35	51	3629,18	3	2150
26	45	6878,2	23	3629,49	34	2150,16	36	6878,11	37	3629,23	49	2150,27	26	6878,44	21	3629,38	39	2150,42	10	6878,17	1	3629,25	42	2150,41	5	6878,47	24	3629,51	10	2150,46	49	6878,5	18	3629,0	16	2150
24	21	6878,40	44	3629,16	21	2150,35	44	6878,26	36	3629,11	48	2150,19	37	6878,39	10	3629,37	51	2150,54	17	6878,10	6	3629,18	48	2150,17	21	6878,11	13	3629,50	31	2150,41	17	6878,2	11	3629,36	29	2150
10	12	6878,29	37	3629,25	52	2150,23	11	6878,46	8	3629,42	53	2150,48	54	6878,32	14	3629,35	22	2150,19	26	6878,53	24	3629,15	2	2150,19	42	6878,22	46	3629,30	7	2150,36	7	6878,32	52	3629,1	43	2150
22	16	6878,26	50	3629,40	54	2150,5	13	6878,26	12	3629,25	21	2150,53	21	6878,17	49	3629,10	51	2150,48	54	6878,4	12	3629,42	22	2150,4	45	6878,43	39	3629,17	4	2150,30	42	6878,11	51	3629,37	28	2150
48	1	6878,35	11	3629,14	43	2150,2	41	6878,54	37	3629,42	28	2150,17	43	6878,19	25	3629,10	21	2150,22	11	6878,29	48	3629,17	34	2150,53	16	6878,52	9	3629,44	28	2150,13	32	6878,31	38	3629,45	2	2150
38	53	6878,30	5	3629,7	51	2150,24	10	6878,53	20	3629,41	24	2150,11	33	6878,32	26	3629,30	9	2150,2	53	6878,8	15	3629,16	22	2150,40	27	6878,30	32	3629,51	33	2150,29	32	6878,33	17	3629,51	16	2150
17	6	6878,51	5	3629,45	2	2150,1	43	6878,47	33	3629,19	50	2150,19	22	6878,45	50	3629,17	4	2150,38	11	6878,4	27	3629,23	3	2150,28	13	6878,17	41	3629,27	24	2150,10	26	6878,41	52	3629,0	7	2150
51	49	6878,27	46	3629,32	34	2150,1	21	6878,30	45	3629,15	9	2150,17	43	6878,45	33	3629,45	40	2150,14	22	6878,49	26	3629,24	4	2150,39	54	6878,11	33	3629,49	25	2150,30	1	6878,13	21	3629,16	21	2150
49	51	6878,7	3	3629,7	16	2150,41	16	6878,45	14	3629,41	3	2150,9	20	6878,18	28	3629,3	45	2150,36	45	6878,28	54	3629,20	3	2150,36	51	6878,25	49	3629,22	10	2150,43	46	6878,27	15	3629,27	16	2150
4	0	6878,19	20	3629,17	50	2150,24	3	6878,33	41	3629,12	23	2150,22	24	6878,18	40	3629,53	16	2150,16	49	6878,48	40	3629,40	54	2150,33	15	6878,17	53	3629,48	2	2150,14	47	6878,4	15	3629,38	17	2150
0	51	6878,13	34	3629,1	45	2150,34	2	6878,24	40	3629,5	6	2150,54	5	6878,35	53	3629,5	17	2150,21	15	6878,54	5	3629,6	48	2150,48	32	6878,3	7	3629,26	12	2150,40	44	6878,1	26	3629,34	14	2150
27	28	6878,23	49	3629,52	54	2150,25	45	6878,15	4	3629,21	1	2150,11	44	6878,22	36	3629,13	16	2150,4	46	6878,37	28	3629,17	30	2150,43	8	6878,12	41	3629,5	25	2150,19	15	6878,46	42	3629,4	27	2150
24	20	6878,45	48	3629,40	24	2150,3	53	6878,41	24	3629,39	29	2150,10	46	6878,35	2	3629,16	52	2150,11	20	6878,20	47	3629,47	38	2150,45	33	6878,48	19	3629,16	33	2150,17	49	6878,48	25	3629,31	38	2150
13	11	6878,5	15	3629,54	18	2150,26	27	6878,39	22	3629,11	8	2150,44	1	6878,27	31	3629,23	49	2150,23	43	6878,21	7	3629,15	37	2150,28	14	6878,19	45	3629,6	30	2150,43	0	6878,23	43	3629,48	0	2150
1	46	6878,34	35	3629,2	19	2150,48	5	6878,45	54	3629,52	26	2150,40	44	6878,10	50	3629,20	8	2150,2	23	6878,28	44	3629,13	34	2150,34	5	6878,42	1	3629,48	10	2150,7	40	6878,13	28	3629,32	33	2150
18	49	6878,31	46	3629,34	24	2150,42	43	6878,0	34	3629,0	33	2150,32	42	6878,3	10	3629,49	38	2150,39	16	6878,46	9	3629,18	27	2150,6	33	6878,22	16	3629,27	22	2150,38	13	6878,15	22	3629,47	38	2150
35	40	6878,1	12	3629,3	34	2150,30	9	6878,3	34	3629,6	39	2150,18	5	6878,12	0	3629,48	39	2150,11	16	6878,49	1	3629,36	29	2150,18	9	6878,12	50	3629,42	36	2150,52	33	6878,30	0	3629,17	32	2150
27	28	6878,7	42	3629,20	41	2150,51	27	6878,21	19	3629,41	11	2150,15	0	6878,2	15	3629,8	28	2150,16	39	6878,40	27	3629,23	50	2150,9	23	6878,50	28	3629,25	6	2150,42	17	6878,0	1	3629,3	1	2150
49	2	6878,18	5	3629,44	17	2150,17	3	6878,29	20	3629,38	18	2150,27	49	6878,47	29	3629,25	31	2150,15	31	6878,19	25	3629,29	47	2150,7	24	6878,21	14	3629,11	50	2150,28	9	6878,17	42	3629,7	31	2150
14	21	6878,7	3	3629,9	45	2150,52	10	6878,23	43	3629,24	34	2150,21	5	6878,7	27	3629,49	24	2150,20	28	6878,49	44	3629,49	24	2150,52	44	6878,43	47	3629,12	30	2150,16	24	6878,35	11	3629,16	11	2150
29	3	6878,8	6	3629,38	2	2150,28	50	6878,52	53	3629,31	43	2150,3	42	6878,5	23	3629,53	2	2150,44	53	6878,7	48	3629,45	6	2150,52	29	6878,51	30	3629,26	25	2150,7	20	6878,48	40	3629,50	13	2150
6	16	6878,44	7	3629,2	41	2150,0	40	6878,9	35	3629,26	47	2150,50	9	6878,36	41	3629,45	0	2150,7	39	6878,53	9	3629,25	11	2150,53	11	6878,27	12	3629,33	17	2150,36	13	6878,1	9	3629,5	33	2150
13	1	6878,34	11	3629,11	0	2150,40	20	6878,24	10	3629,18	48	2150,30	26	6878,21	40	3629,15	24	2150,1	52	6878,3	21	3629,38	25	2150,26	28	6878,9	36	3629,27	33	2150,3	30	6878,10	21	3629,11	29	2150
30	21	6878,34	46	3629,48	14	2150,20	22	6878,16	46	3629,20	40	2150,45	32	6878,15	2	3629,22	14	2150,53	12	6878,51	15	3629,23	22	2150,3	45	6878,38	33	3629,2	34	2150,44	6	6878,23	54	3629,1	6	2150
37	15	6878,54	25	3629,52	6	2150,27	1	6878,30	39	3629,0	28	2150,10	27	6878,2	12	3629,10	8	2150,12	22	6878,5	41	3629,49	45	2150,23	50	6878,36	7	3629,3	53	2150,46	26	6878,30	45	3629,20	45	2150
12	11	6878,50	39	3629,10	8	2150,8	42	6878,48	52	3629,6	25	2150,32	9	6878,27	3	3629,45	3	2150,9	5	6878,45	25	3629,14	2	2150,10	11	6878,27	41	3629,42	44	2150,36	33	6878,29	3	3629,18	28	2150
37	6	6878,13	47	3629,50	1	2150,21	31	6878,26	13	3629,30	3	2150,45	37	6878,50	8	3629,40	27	2150,49	36	6878,15	51	3629,16	18	2150,15	27	6878,2	25	3629,12	2	2150,25	35	6878,11	12	3629,35	15	2150
6	21	6878,17	38	3629,36	34	2150,25	40	6878,26	43	3629,27	5	2150,14	3	6878,11	15	3629,29	8	2150,31	8	6878,47	48	3629,32	27	2150,23	53	6878,4	16	3629,46	19	2150,18	54	6878,25	47	3629,17	33	2150
49	2	6878,16	30	3629,42	3	2150,34	29	6878,40	27	3629,32	15	2150,25	9	6878,30	15	3629,34	40	2150,11	28	6878,30	12	3629,20	13	2150,46	43	6878,36	32	3629,37	51	2150,2	40	6878,36	34	3629,9	39	2150
4	8	6878,50	37	3629,50	14	2150,33	15	6878,26	47	3629,17	25	2150,40	4	6878,25	6	3629,21	40	2150,31	24	6878,44	5	3629,21	48	2150,49	2	6878,12	24	3629,12	40	2150,10	22	6878,21	15	3629,53	12	2150
42	37	6878,46	24	3629,28	29	2150,22	23	6878,32	13	3629,3	41	2150,16	52	6878,24	2	3629,14	35	2150,54	47	6878,1	5	3629,51	14	2150,38	48	6878,5	12	3629,21	14	2150,34	8	6878,12	43	3629,22	23	2150
25	49	6878,52	46	3629,47	28	2150,21	50	6878,29	16	3629,10	50	2150,43	44	6878,52	35	3629,23	18	2150,1	29	6878,37	18	3629,44	33	2150,54	40	6878,25	1	3629,10	20	2150,2	31	6878,21	41	3629,42	33	2150
6	17	6878,38	37	3629,40	52	2150,50	13	6878,38	31	3629,42	1	2150,46	27	6878,22	25	3629,47	12	2150,42	3	6878,30	49	3629,34	16	2150,9	26	6878,31	4	3629,32	9	2150,1	54	6878,53	0	3629,6	26	2150
42	10	6878,41	44	3629,33	22	2150,10	30	6878,17	34	3629,15	42	2150,29	24	6878,46	35	3629,15	4	2150,14	6	6878,49	12	3629,36	45	2150,1	40	6878,29	45	3629,20	29	2150,16	53	6878,25	3	3629,33	21	2150
33	16	6878,45	48	3629,30	7	2150,54	44	6878,32	51	3629,35	18	2150,34	7	6878,16	39	3629,11	23	2150,11	17	6878,47	54	3629,9	23	2150,47	3	6878,35	10	3629,25	28	2150,54	42	6878,45	39	3629,43	6	2150
15	30	6878,20	9	3629,34	43	2150,30	34	6878,34	15	3629,3	17	2150,41	40	6878,10	17	3629,7	23	2150,36	30	6878,1	32	3629,32	26	2150,14	52	6878,34	48	3629,52	35	2150,19	21	6878,8	54	3629,4	48	2150
54	38	6878,43	6	3629,21	32	2150,40	23	6878,28	39	3629,14	32	2150,24	7	6878,50	4	3629,49	41	2150,49	35	6878,49	46	3629,14	43	2150,12	3	6878,39	37	3629,9	14	2150,21	7	6878,44	32	3629,17	46	2150
53	39	6878,5	35	3629,2	24	2150,6	9	6878,42	10	3629,4	0	2150,12	51	6878,31	23	3629,13	9	2150,10	32	6878,50	44	3629,51	25	2150,15	25	6878,24	45	3629,13	48	2150,37	2	6878,39	29	3629,42	32	2150
25	50	6878,8	38	3629,11	53	2150,20	37	6878,32	35	3629,36	6	2150,9	41	6878,44	37	3629,50	5	2150,18	54	6878,40	7	3629,39	37	2150,11	6	6878,38	47	3629,45	18	2150,13	31	6878,45	0	3629,6	45	2150
17	31	6878,2	51	3629,38	14	2150,5	2	6878,42	44	3629,8	21	2150,1	28	6878,3	15	3629,7	27	2150,15	21	6878,14	33	3629,47	2	2150,32	14	6878,40	27	3629,30	1	2150,44	12	6878,35	25	3629,7	36	2150
54	34	6878,19	28	3629,26	35	2150,49	39	6878,38	26	3629,11	42	2150,34	23	6878,49	33	3629,24	51	2150,54	3	6878,37	25	3629,14	51	2150,35	9	6878,29	17	3629,47	9	2150,47	39	6878,34	19	3629,34	53	2150
30	21	6878,10	8	3629,12	29	2150,37	49	6878,25	30	3629,27	6	2150,4	13	6878,32	5	3629,41	50	2150,8	30	6878,50	34	3629,51	36	2150,16	10	6878,50	14	3629,16	9	2150,42	45	6878,45	0	3629,28	53	2150
28	49	6878,24	23	3629,23	32	2150,53	44	6878,52	42	3629,35	18	2150,43	2	6878,32	52	3629,9	36	2150,35	11	6878,54	53	3629,44	1	2150,44	26	6878,30	20	3629,28	25	2150,2	0	6878,42	30	3629,54	0	2150
3	24	6878,21	4	3629,5	23	2150,19	35	6878,29	34	3629,1	3	2150,16	18	6878,45	43	3629,51	16	2150,32	26	6878,7	51	3629,41	16	2150,6	25	6878,36	45	3629,40	1	2150,4	18	6878,9	51	3629,37	44	2150
39	35	6878,52	53	3629,45	3	2150,49	17	6878,33	10	3629,45	2	2150,12	35	6878,51	53	3629,49	38	2150,41	5	6878,53	52	3629,37	15	2150,14	23	6878,31	38	3629,3	20	2150,19	45	6878,51	18	3629,32	54	2150
50	8	6878,12	36	3629,53	4	2150,46	24	6878,19	24	3629,35	16	2150,32	42	6878,25	49	3629,46	22	2150,47	4	6878,4	28	3629,1	19	2150,29	49	6878,44	9	3629,54	17	2150,49	13	6878,12	43	3629,32	27	2150
13	32	6878,25	22	3629,3	42	2150,8	16	6878,40	44	3629,2	40	2150,19	47	6878,0	12	3629,8	40	2150,23	12	6878,49	17	3629,5	3	2150,30	27	6878,44	25	3629,47	0	2150,2	48	6878,10	13	3629,11	24	2150
38	10	6878,17	15	3629,11	34	2150,29	33	6878,9	20	3629,16	7	2150,30	52	6878,13	30	3629,34	32	2150,30	14	6878,7	43	3629,47	20	2150,37	3	6878,50	35	3629,47	4	2150,40	45	6878,3	52	3629,32	48	2150
17	46	6878,23	44	3629,7	22	2150,26	31	6878,21	17	3629,31	0	2150,5	50	6878,51	44	3629,49	42	2150,27	11	6878,29	0	3629,5	0	2150,12	52	6878,12	10	3629,22	15	2150,24	31	6878,41	43	3629,31	35	2150
14	54	6878,47	1	3629,45	10	2150,49	31	6878,51	31	3629,27	14	2150,16	13	6878,33	35	3629,22	51	2150,8	18	6878,48	40	3629,1	10	2150,41	11	6878,40	49	3629,54	14	2150,48	32	6878,41	40	3629,20	33	2150
53	48	6878,47	36	3629,46	38	2150,48	36	6878,49	9	3629,20	39	2150,27	53	6878,7	6	3629,7	11	2150,50	13	6878,5	54	3629,23	15	2150,1	11	6878,50	14	3629,15	17	2150,20	37	6878,19	8	3629,11	49	2150
22	12	6878,35	21	3629,19	45	2150,19	25	6878,43	39	3629,42	48	2150,20	34	6878,29	51	3629,28	42	2150,19	49	6878,52	44	3629,15	28	2150,14	43	6878,26	0	3629,37	25	2150,35	43	6878,19	38	3629,5	52	2150
1	28	6878,47	35	3629,42	19	2150,37	54	6878,17	11	3629,48	18	2150,6	15	6878,47	37	3629,17	50	2150,21	32	6878,42	35	3629,37	3	2150,7	42	6878,9	48	3629,17	25	2150,1	48	6878,29	18	3629,35	25	2150
44	40	6878,24	13	3629,39	37	2150,47	43	6878,44	7	3629,37	27	2150,8	18	6878,33	11	3629,37	45	2150,20	4	6878,14	0	3629,2	28	2150,26	1	6878,44	43	3629,24	25	2150,13	22	6878,27	43	3629,15	52	2150
36	1	6878,34	3	3629,8	35	2150,53	50	6878,29	51	3629,51	15	2150,10	16	6878,37	38	3629,35	25	2150,2	3	6878,39	30	3629,9	44	2150,37	27	6878,3	34	3629,34	2	2150,22	11	6878,51	22	3629,52	26	2150
34	0	6878,4	40	3629,30	38	2150,16	45	6878,54	6	3629,18	54	2150,19	17	6878,54	23	3629,8	43	2150,18	4	6878,12	45	3629,36	31	2150,34	1	6878,23	8	3629,15	35	2150,42	36	6878,51	20	3629,45	30	2150
13	14	6878,6	37	3629,2	30	2150,48	38	6878,8	39	3629,16	22	2150,32	44	6878,20	28	3629,20	0	2150,11	47	6878,42	38	3629,16	24	2150,38	34	6878,21	40	3629,50	24	2150,43	33	6878,38	29	3629,49	30	2150
7	34	6878,32	9	3629,23	16	2150,16	22	6878,50	13	3629,10	23	2150,27	14	6878,3	31	3629,33	30	2150,42	49	6878,46	12	3629,4	14	2150,7	41	6878,33	43	3629,40	11	2150,39	31	6878,27	26	3629,23	11	2150
0	54	6878,5	17	3629,43	38	2150,20	54	6878,46	24	3629,31	23	2150,37	22	6878,30	4	3629,53	8	2150,7	10	6878,18	38	3629,10	54	2150,1	40	6878,26	16	3629,43	8	2150,25	1	6878,17	0	3629,38	21	2150
35	24	6878,44	14	3629,16	14	2150,43	16	6878,6	26	3629,7	27	2150,47	29	6878,43	27	3629,15	31	2150,32	41	6878,28	5	3629,43	3	2150,0	52	6878,3	21	3629,22	36	2150,44	36	6878,24	19	3629,14	5	2150
50	21	6878,36	4	3629,18	26	2150,48	29	6878,43	13	3629,11	25	2150,4	29	6878,19	14	3629,12	3	2150,21	54	6878,18	33	3629,29	3	2150,34	37	6878,28	18	3629,47	33	2150,50	51	6878,45	51	3629,54	4	2150
3	24	6878,38	26	3629,16	49	2150,18	54	6878,45	28	3629,19	15	2150,36	18	6878,20	43	3629,22	36	2150,3	54	6878,39	41	3629,21	16	2150,47	20	6878,35	7	3629,2	21	2150,10	46	6878,2	53	3629,19	50	2150
22	16	6878,36	43	3629,39	10	2150,34	19	6878,3	42	3629,32	4	2150,37	39	6878,38	24	3629,5	23	2150,30	17	6878,8	37	3629,25	35	2150,3	39	6878,41	21	3629,38	22	2150,49	48	6878,34	38	3629,28	52	2150
14	9	6878,16	1	3629,24	1	2150,36	45	6878,49	17	3629,38	3	2150,3	7	6878,15	54	3629,47	26	2150,34	44	6878,26	46	3629,50	24	2150,54	38	6878,23	24	3629,6	29	2150,13	10	6878,32	4	3629,39	32	2150
45	14	6878,44	4	3629,52	18	2150,24	53	6878,48	37	3629,6	0	2150,50	33	6878,52	21	3629,47	22	2150,34	1	6878,47	15	3629,27	5	2150,37	14	6878,35	41	3629,17	23	2150,35	31	6878,17	31	3629,11	40	2150
18	35	6878,49	54	3629,27	40	2150,11	6	6878,4	5	3629,28	47	2150,35	47	6878,3	43	3629,26	32	2150,16	38	6878,46	15	3629,32	52	2150,1	16	6878,10	46	3629,22	1	2150,53	33	6878,35	45	3629,15	39	2150
33	50	6878,5	40	3629,42	22	2150,26	17	6878,14	2	3629,8	54	2150,27	39	6878,25	34	3629,44	40	2150,45	7	6878,35	26	3629,36	32	2150,31	8	6878,54	7	3629,5	48	2150,33	9	6878,39	29	3629,9	52	2150
7	1	6878,49	38	3629,43	2	2150,7	49	6878,11	22	3629,34	17	2150,15	7	6878,41	53	3629,45	8	2150,37	8	6878,14	48	3629,0	15	2150,27	9	6878,48	42	3629,5	54	2150,43	48	6878,20	6	3629,49	18	2150
27	8	6878,22	6	3629,49	13	2150,16	49	6878,12	14	3629,29	40	2150,27	44	6878,17	39	3629,28	47	2150,33	37	6878,50	47	3629,42	38	2150,43	34	6878,32	11	3629,37	22	2150,31	37	6878,40	5	3629,23	5	2150
40	15	6878,0	14	3629,10	3	2150,30	23	6878,11	38	3629,24	51	2150,30	39	6878,13	8	3629,18	39	2150,10	54	6878,31	17	3629,13	6	2150,34	33	6878,3	27	3629,35	13	2150,28	47	6878,49	36	3629,21	43	2150
3	33	6878,22	26	3629,39	26	2150,6	41	6878,1	9	3629,35	20	2150,49	24	6878,19	4	3629,12	32	2150,6	9	6878,25	2	3629,26	53	2150,29	13	6878,10	18	3629,27	11	2150,39	16	6878,15	2	3629,13	11	2150
9	13	6878,20	2	3629,0	36	2150,2	14	6878,31	2	3629,31	54	2150,44	35	6878,10	36	3629,35	25	2150,24	49	6878,39	28	3629,30	7	2150,20	54	6878,17	23	3629,26	50	2150,5	26	6878,24	8	3629,28	3	2150
15	7	6878,18	34	3629,21	24	2150,2	0	6878,24	42	3629,46	25	2150,28	54	6878,54	1	3629,31	4	2150,30	26	6878,12	34	3629,46	6	2150,17	54	6878,51	8	3629,11	9	2150,18	36	6878,53	21	3629,16	28	2150
50	34	6878,43	2	3629,27	8	2150,5	22	6878,42	13	3629,40	53	2150,9	45	6878,8	13	3629,3	21	2150,36	40	6878,42	54	3629,27	30	2150,39	4	6878,3	8	3629,20	25	2150,34	44	6878,5	8	3629,45	11	2150
26	14	6878,8	23	3629,18	29	2150,2	19	6878,38	50	3629,31	8	2150,22	42	6878,1	49	3629,1	33	2150,8	13	6878,20	30	3629,54	53	2150,24	40	6878,45	25	3629,17	18	2150,26	9	6878,25	8	3629,33	47	2150
12	8	6878,9	16	3629,42	4	2150,44	45	6878,20	16	3629,4	21	2150,46	35	6878,33	38	3629,36	44	2150,12	5	6878,13	27	3629,16	12	2150,31	34	6878,39	42	3629,24	36	2150,24	23	6878,16	22	3629,37	47	2150
29	48	6878,13	25	3629,39	41	2150,31	25	6878,21	37	3629,34	32	2150,5	41	6878,46	21	3629,54	19	2150,23	4	6878,46	48	3629,53	44	2150,1	51	6878,4	1	3629,8	5	2150,18	17	6878,23	7	3629,2	38	2150
51	54	6878,14	44	3629,36	20	2150,33	43	6878,1	11	3629,49	47	2150,50	0	6878,32	44	3629,8	51	2150,48	52	6878,31	29	3629,54	33	2150,31	44	6878,6	23	3629,13	4	2150,45	47	6878,37	49	3629,9	2	2150
54	40	6878,43	34	3629,0	25	2150,28	21	6878,41	0	3629,47	17	2150,1	28	6878,17	13	3629,25	35	2150,9	33	6878,35	30	3629,23	3	2150,41	32	6878,32	29	3629,12	8	2150,22	53	6878,40	33	3629,13	20	2150
47	7	6878,9	50	3629,20	25	2150,1	4	6878,33	9	3629,51	54	2150,0	38	6878,39	14	3629,3	23	2150,43	3	6878,4	23	3629,41	16	2150,52	5	6878,4	9	3629,4	13	2150,26	46	6878,6	47	3629,45	13	2150
48	24	6878,8	20	3629,7	27	2150,19	4	6878,47	14	3629,17	19	2150,16	25	6878,33	47	3629,24	9	2150,28	33	6878,31	6	3629,9	43	2150,16	13	6878,23	14	3629,48	54	2150,36	39	6878,24	17	3629,27	8	2150
33	38	6878,54	16	3629,11	24	2150,11	22	6878,42	19	3629,15	46	2150,26	54	6878,39	25	3629,49	16	2150,31	12	6878,11	17	3629,1	9	2150,50	41	6878,4	42	3629,38	44	2150,3	14	6878,53	7	3629,31	3	2150
49	47	6878,14	32	3629,39	11	2150,19	2	6878,17	27	3629,15	19	2150,3	7	6878,33	40	3629,12	49	2150,52	5	6878,15	24	3629,37	11	2150,24	14	6878,23	24	3629,10	45	2150,35	38	6878,9	6	3629,53	9	2150
51	28	6878,36	6	3629,11	51	2150,20	6	6878,41	34	3629,23	13	2150,21	14	6878,37	21	3629,2	17	2150,34	20	6878,14	51	3629,0	24	2150,39	40	6878,9	44	3629,44	17	2150,23	52	6878,28	46	3629,6	44	2150
13	32	6878,31	52	3629,14	45	2150,26	25	6878,29	2	3629,30	14	2150,37	53	6878,53	16	3629,27	54	2150,48	42	6878,8	16	3629,37	5	2150,21	14	6878,34	6	3629,47	27	2150,33	10	6878,54	12	3629,34	7	2150
1	24	6878,49	43	3629,16	29	2150,33	1	6878,29	9	3629,31	24	2150,33	25	6878,13	49	3629,41	13	2150,52	4	6878,12	7	3629,44	20	2150,33	9	6878,25	39	3629,21	17	2150,47	54	6878,26	25	3629,24	37	2150
52	29	6878,9	25	3629,52	14	2150,54	44	6878,32	28	3629,5	31	2150,11	13	6878,53	42	3629,39	36	2150,3	40	6878,31	54	3629,13	10	2150,37	48	6878,7	39	3629,7	54	2150,28	38	6878,15	2	3629,11	25	2150
5	9	6878,22	44	3629,54	35	2150,20	38	6878,19	48	3629,11	43	2150,10	4	6878,53	2	3629,11	44	2150,31	21	6878,20	17	3629,38	14	2150,30	19	6878,47	9	3629,22	0	2150,27	35	6878,46	54	3629,28	46	2150
33	10	6878,3	12	3629,27	34	2150,47	8	6878,6	52	3629,33	49	2150,34	35	6878,19	6	3629,15	50	2150,42	34	6878,47	43	3629,30	52	2150,28	20	6878,52	51	3629,53	40	2150,28	1	6878,47	52	3629,47	50	2150
14	6	6878,3	1	3629,20	13	2150,25	50	6878,8	39	3629,40	30	2150,38	25	6878,39	4	3629,7	1	2150,34	43	6878,11	39	3629,54	1	2150,8	34	6878,19	10	3629,2	13	2150,10	29	6878,11	19	3629,38	25	2150
44	23	6878,45	53	3629,2	32	2150,34	35	6878,7	49	3629,50	21	2150,39	48	6878,10	32	3629,22	35	2150,12	50	6878,38	32	3629,15	32	2150,5	45	6878,52	38	3629,47	49	2150,0	20	6878,52	49	3629,1	34	2150
15	11	6878,36	21	3629,14	54	2150,22	13	6878,16	9	3629,26	38	2150,21	14	6878,24	43	3629,45	48	2150,52	42	6878,9	33	3629,31	27	2150,10	31	6878,54	1	3629,51	41	2150,13	7	6878,7	52	3629,33	53	2150
37	45	6878,22	6	3629,44	29	2150,34	42	6878,35	1	3629,2	24	2150,24	35	6878,15	7	3629,0	9	2150,17	30	6878,15	27	3629,27	19	2150,48	24	6878,30	39	3629,38	2	2150,8	24	6878,52	51	3629,54	11	2150
9	23	6878,48	27	3629,53	15	2150,29	32	6878,46	15	3629,7	49	2150,6	4	6878,1	46	3629,36	11	2150,32	7	6878,44	15	3629,18	26	2150,11	5	6878,1	22	3629,40	31	2150,0	35	6878,36	8	3629,20	34	2150
3	5	6878,5	44	3629,35	41	2150,32	28	6878,52	34	3629,25	30	2150,34	9	6878,46	4	3629,1	14	2150,17	12	6878,54	27	3629,54	10	2150,16	24	6878,38	11	3629,21	54	2150,44	1	6878,12	43	3629,42	30	2150
26	11	6878,18	47	3629,18	39	2150,7	23	6878,25	15	3629,7	54	2150,0	10	6878,36	21	3629,38	36	2150,40	42	6878,11	18	3629,19	46	2150,35	37	6878,43	37	3629,54	50	2150,45	38	6878,21	11	3629,52	30	2150
16	13	6878,0	22	3629,17	51	2150,17	27	6878,17	34	3629,46	39	2150,45	53	6878,8	19	3629,29	51	2150,12	52	6878,26	36	3629,42	38	2150,0	29	6878,52	46	3629,35	47	2150,19	12	6878,34	31	3629,6	8	2150
1	28	6878,34	41	3629,16	45	2150,40	9	6878,49	43	3629,28	8	2150,34	16	6878,30	25	3629,16	46	2150,34	12	6878,21	10	3629,12	20	2150,6	4	6878,11	40	3629,42	2	2150,53	16	6878,29	12	3629,33	52	2150
45	1	6878,49	26	3629,42	15	2150,19	52	6878,36	41	3629,43	13	2150,36	52	6878,11	31	3629,41	5	2150,47	5	6878,5	4	3629,20	37	2150,27	30	6878,35	48	3629,29	40	2150,44	19	6878,21	2	3629,24	29	2150
46	43	6878,29	36	3629,29	16	2150,8	36	6878,38	9	3629,24	43	2150,50	16	6878,44	14	3629,36	27	2150,37	18	6878,42	30	3629,40	1	2150,16	15	6878,6	49	3629,8	45	2150,32	47	6878,1	8	3629,45	30	2150
21	5	6878,38	5	3629,31	22	2150,36	27	6878,4	27	3629,36	26	2150,2	10	6878,32	1	3629,17	20	2150,6	11	6878,21	22	3629,12	38	2150,5	1	6878,42	26	3629,42	18	2150,34	17	6878,51	7	3629,25	29	2150
33	21	6878,20	40	3629,44	4	2150,44	10	6878,3	4	3629,5	51	2150,29	12	6878,48	34	3629,12	45	2150,12	19	6878,0	44	3629,43	14	2150,2	49	6878,21	49	3629,0	36	2150,34	16	6878,3	22	3629,5	8	2150
45	4	6878,34	48	3629,37	9	2150,7	24	6878,15	20	3629,32	47	2150,20	6	6878,20	21	3629,20	18	2150,36	42	6878,54	37	3629,45	42	2150,7	16	6878,7	21	3629,11	28	2150,25	36	6878,51	31	3629,43	48	2150
31	32	6878,0	6	3629,11	44	2150,18	39	6878,12	24	3629,12	33	2150,6	53	6878,15	18	3629,8	44	2150,7	34	6878,23	50	3629,12	10	2150,42	2	6878,13	54	3629,21	19	2150,24	11	6878,50	38	3629,36	40	2150
31	19	6878,45	6	3629,2	6	2150,26	0	6878,26	48	3629,31	5	2150,16	43	6878,8	25	3629,38	25	2150,2	32	6878,34	5	3629,9	19	2150,20	41	6878,39	54	3629,9	24	2150,32	30	6878,3	38	3629,21	47	2150
45	8	6878,39	52	3629,11	26	2150,28	13	6878,21	47	3629,35	20	2150,40	24	6878,8	49	3629,23	36	2150,36	5	6878,7	23	3629,19	20	2150,47	6	6878,38	42	3629,38	43	2150,49	12	6878,39	3	3629,10	36	2150
54	33	6878,0	46	3629,48	22	2150,12	21	6878,32	40	3629,27	28	2150,21	40	6878,53	25	3629,41	43	2150,5	25	6878,5	18	3629,19	42	2150,27	17	6878,24	43	3629,4	39	2150,38	43	6878,53	1	3629,0	47	2150
48	25	6878,38	25	3629,9	42	2150,46	22	6878,48	47	3629,46	25	2150,40	4	6878,40	54	3629,30	12	2150,23	47	6878,9	28	3629,43	32	2150,8	44	6878,9	6	3629,44	23	2150,2	12	6878,50	43	3629,51	24	2150
4	1	6878,46	44	3629,49	51	2150,45	43	6878,52	14	3629,29	30	2150,10	32	6878,24	32	3629,54	17	2150,44	31	6878,37	36	3629,52	19	2150,45	24	6878,5	24	3629,10	6	2150,29	27	6878,51	45	3629,3	54	2150
20	53	6878,36	50	3629,19	15	2150,25	27	6878,35	3	3629,28	43	2150,14	4	6878,43	48	3629,12	11	2150,32	45	6878,46	4	3629,37	16	2150,29	14	6878,24	21	3629,29	6	2150,53	26	6878,15	11	3629,26	20	2150
28	2	6878,0	5	3629,25	14	2150,27	19	6878,18	52	3629,7	51	2150,54	0	6878,9	22	3629,42	35	2150,9	7	6878,13	10	3629,39	26	2150,13	6	6878,34	8	3629,50	38	2150,6	38	6878,33	52	3629,30	42	2150
35	26	6878,48	1	3629,19	35	2150,21	54	6878,0	8	3629,40	1	2150,4	16	6878,3	39	3629,9	23	2150,33	21	6878,2	11	3629,53	49	2150,34	3	6878,4	29	3629,28	15	2150,4	18	6878,6	11	3629,47	13	2150
41	29	6878,5	11	3629,30	51	2150,29	10	6878,14	18	3629,44	7	2150,13	38	6878,1	41	3629,52	31	2150,38	37	6878,8	24	3629,31	28	2150,14	25	6878,18	11	3629,53	46	2150,8	22	6878,40	10	3629,28	15	2150
22	39	6878,18	42	3629,31	54	2150,6	23	6878,52	8	3629,8	27	2150,34	35	6878,31	12	3629,13	0	2150,7	50	6878,9	46	3629,48	26	2150,0	9	6878,51	21	3629,53	37	2150,31	5	6878,25	32	3629,42	16	2150
49	28	6878,13	31	3629,18	19	2150,47	5	6878,52	13	3629,1	5	2150,52	50	6878,41	0	3629,19	15	2150,26	4	6878,23	38	3629,33	43	2150,54	19	6878,46	21	3629,52	29	2150,31	19	6878,27	5	3629,24	0	2150
39	46	6878,6	40	3629,0	13	2150,27	7	6878,14	36	3629,10	3	2150,20	35	6878,44	5	3629,35	41	2150,48	33	6878,20	10	3629,6	19	2150,35	50	6878,14	39	3629,19	49	2150,54	14	6878,36	6	3629,46	24	2150
0	19	6878,34	2	3629,6	41	2150,48	50	6878,34	22	3629,30	23	2150,27	38	6878,33	42	3629,51	6	2150,54	29	6878,39	22	3629,23	11	2150,23	30	6878,24	13	3629,29	52	2150,53	3	6878,25	38	3629,18	49	2150
37	22	6878,46	17	3629,7	54	2150,18	9	6878,39	51	3629,2	27	2150,24	28	6878,50	7	3629,17	10	2150,18	38	6878,23	38	3629,27	33	2150,39	23	6878,53	17	3629,35	51	2150,46	9	6878,47	13	3629,15	19	2150
21	33	6878,49	12	3629,49	6	2150,17	39	6878,48	41	3629,33	28	2150,40	51	6878,46	32	3629,32	4	2150,45	9	6878,44	35	3629,2	42	2150,9	3	6878,27	4	3629,23	20	2150,46	18	6878,45	13	3629,37	32	2150
48	44	6878,44	2	3629,7	1	2150,40	17	6878,7	40	3629,30	40	2150,12	50	6878,21	26	3629,3	19	2150,48	46	6878,12	35	3629,24	48	2150,38	26	6878,34	13	3629,19	6	2150,32	33	6878,26	13	3629,42	9	2150
40	23	6878,41	25	3629,33	43	2150,46	43	6878,5	51	3629,52	39	2150,23	47	6878,14	54	3629,54	5	2150,47	12	6878,35	34	3629,44	18	2150,4	7	6878,29	24	3629,7	37	2150,11	7	6878,14	42	3629,15	23	2150
16	8	6878,1	54	3629,36	48	2150,19	28	6878,25	7	3629,23	44	2150,44	20	6878,8	34	3629,3	2	2150,37	43	6878,15	29	3629,3	33	2150,24	53	6878,0	52	3629,45	3	2150,33	2	6878,47	40	3629,51	0	2150
5	3	6878,16	33	3629,40	15	2150,4	10	6878,38	6	3629,20	50	2150,48	27	6878,42	12	3629,24	37	2150,1	11	6878,53	19	3629,13	40	2150,45	49	6878,43	45	3629,15	39	2150,2	4	6878,8	18	3629,15	7	2150
25	47	6878,52	37	3629,23	42	2150,3	12	6878,35	26	3629,39	15	2150,6	44	6878,34	41	3629,14	29	2150,26	8	6878,42	4	3629,7	15	2150,51	24	6878,47	7	3629,53	8	2150,36	41	6878,51	16	3629,36	14	2150
31	52	6878,44	45	3629,52	42	2150,30	50	6878,20	16	3629,25	23	2150,44	35	6878,40	26	3629,14	13	2150,34	36	6878,42	29	3629,22	31	2150,49	43	6878,42	37	3629,49	30	2150,47	46	6878,45	49	3629,4	19	2150
32	7	6878,26	54	3629,39	4	2150,46	35	6878,27	24	3629,0	25	2150,28	11	6878,23	49	3629,47	31	2150,26	19	6878,34	51	3629,43	49	2150,36	50	6878,41	10	3629,8	0	2150,8	54	6878,17	5	3629,2	33	2150
34	22	6878,36	2	3629,43	4	2150,48	36	6878,15	39	3629,4	50	2150,45	28	6878,39	44	3629,47	32	2150,40	4	6878,32	36	3629,12	44	2150,18	39	6878,39	4	3629,14	4	2150,32	4	6878,30	40	3629,41	28	2150
32	28	6878,33	12	3629,10	24	2150,25	6	6878,33	48	3629,19	36	2150,43	16	6878,15	43	3629,5	46	2150,51	16	6878,24	42	3629,52	13	2150,53	48	6878,33	25	3629,33	15	2150,16	14	6878,27	7	3629,23	15	2150
21	9	6878,46	53	3629,8	4	2150,13	42	6878,6	19	3629,40	39	2150,26	31	6878,25	3	3629,54	5	2150,14	52	6878,2	8	3629,29	45	2150,1	26	6878,8	53	3629,37	18	2150,41	10	6878,34	4	3629,16	11	2150
5	47	6878,51	36	3629,6	16	2150,40	54	6878,47	53	3629,5	19	2150,38	12	6878,21	8	3629,38	45	2150,16	29	6878,37	22	3629,40	13	2150,39	44	6878,3	32	3629,32	11	2150,22	10	6878,46	34	3629,38	30	2150
37	11	6878,47	27	3629,8	34	2150,36	17	6878,7	25	3629,40	2	2150,40	23	6878,8	50	3629,49	0	2150,22	43	6878,24	22	3629,2	21	2150,38	54	6878,4	31	3629,28	18	2150,45	15	6878,45	29	3629,21	16	2150
24	50	6878,3	5	3629,16	41	2150,8	40	6878,19	33	3629,28	24	2150,48	54	6878,33	38	3629,6	18	2150,0	27	6878,30	9	3629,52	53	2150,39	2	6878,12	22	3629,19	42	2150,21	52	6878,48	38	3629,27	11	2150
36	16	6878,34	7	3629,10	23	2150,4	33	6878,31	11	3629,34	45	2150,6	54	6878,15	11	3629,39	20	2150,35	17	6878,34	43	3629,4	13	2150,30	51	6878,4	38	3629,7	17	2150,21	53	6878,42	39	3629,1	11	2150
50	23	6878,11	0	3629,9	10	2150,31	2	6878,11	27	3629,39	19	2150,29	0	6878,50	29	3629,26	2	2150,23	3	6878,46	42	3629,19	41	2150,50	14	6878,28	4	3629,28	9	2150,5	38	6878,32	38	3629,4	22	2150
14	44	6878,13	53	3629,48	49	2150,28	26	6878,23	32	3629,28	37	2150,7	0	6878,28	44	3629,7	36	2150,14	17	6878,50	42	3629,24	37	2150,44	42	6878,20	28	3629,35	37	2150,28	13	6878,51	29	3629,47	9	2150
41	49	6878,54	46	3629,17	0	2150,12	51	6878,22	50	3629,38	4	2150,6	53	6878,18	10	3629,40	25	2150,35	8	6878,53	9	3629,18	8	2150,13	46	6878,42	14	3629,6	23	2150,7	40	6878,15	41	3629,29	54	2150
10	38	6878,22	41	3629,3	44	2150,47	34	6878,11	19	3629,54	31	2150,17	18	6878,30	22	3629,49	20	2150,27	15	6878,32	53	3629,45	50	2150,48	40	6878,19	47	3629,45	41	2150,40	2	6878,32	44	3629,13	38	2150
23	7	6878,39	42	3629,6	10	2150,8	33	6878,49	11	3629,33	35	2150,1	3	6878,8	2	3629,20	49	2150,7	25	6878,15	42	3629,36	35	2150,11	40	6878,0	41	3629,33	38	2150,44	45	6878,48	21	3629,19	18	2150
18	38	6878,40	0	3629,24	2	2150,13	3	6878,12	16	3629,2	0	2150,3	54	6878,6	2	3629,21	48	2150,24	2	6878,46	4	3629,28	53	2150,12	1	6878,43	27	3629,43	1	2150,47	26	6878,52	5	3629,37	13	2150
26	6	6878,27	23	3629,19	32	2150,47	1	6878,9	10	3629,9	36	2150,2	53	6878,20	50	3629,10	22	2150,10	52	6878,10	40	3629,33	4	2150,4	32	6878,29	23	3629,18	4	2150,28	35	6878,16	43	3629,30	20	2150
30	35	6878,20	42	3629,36	22	2150,26	44	6878,19	6	3629,1	43	2150,0	42	6878,31	7	3629,45	16	2150,43	44	6878,23	35	3629,16	38	2150,0	19	6878,24	2	3629,44	7	2150,49	11	6878,45	19	3629,53	16	2150
33	8	6878,22	34	3629,48	27	2150,43	30	6878,33	31	3629,33	29	2150,50	51	6878,38	8	3629,37	14	2150,14	1	6878,41	4	3629,54	2	2150,18	38	6878,16	40	3629,19	45	2150,0	6	6878,43	28	3629,13	12	2150
31	9	6878,18	33	3629,18	36	2150,21	26	6878,36	38	3629,42	15	2150,38	9	6878,11	18	3629,40	34	2150,1	33	6878,5	29	3629,30	54	2150,29	10	6878,38	37	3629,53	33	2150,52	0	6878,1	30	3629,6	27	2150
30	29	6878,52	25	3629,44	34	2150,12	44	6878,40	43	3629,5	1	2150,41	7	6878,4	26	3629,21	41	2150,35	13	6878,33	47	3629,39	30	2150,48	25	6878,10	2	3629,3	9	2150,12	7	6878,5	44	3629,14	7	2150
28	39	6878,18	14	3629,25	24	2150,14	19	6878,49	8	3629,5	16	2150,19	35	6878,23	19	3629,18	14	2150,18	13	6878,49	35	3629,19	44	2150,54	1	6878,25	10	3629,46	30	2150,17	52	6878,12	16	3629,6	36	2150
22	53	6878,53	22	3629,11	6	2150,44	38	6878,33	37	3629,19	15	2150,3	32	6878,1	24	3629,3	34	2150,6	40	6878,13	31	3629,9	23	2150,50	9	6878,42	15	3629,1	54	2150,20	34	6878,30	50	3629,51	7	2150
25	49	6878,50	29	3629,48	42	2150,44	8	6878,43	4	3629,43	23	2150,38	13	6878,16	22	3629,13	34	2150,4	7	6878,34	19	3629,0	11	2150,10	42	6878,2	18	3629,27	50	2150,51	9	6878,21	18	3629,6	32	2150
44	40	6878,24	50	3629,37	16	2150,48	19	6878,5	51	3629,50	47	2150,32	4	6878,1	6	3629,12	25	2150,34	3	6878,51	1	3629,43	19	2150,30	10	6878,51	11	3629,13	11	2150,23	54	6878,40	20	3629,30	32	2150
12	23	6878,52	49	3629,46	54	2150,0	19	6878,31	17	3629,0	35	2150,29	45	6878,16	21	3629,2	52	2150,2	40	6878,12	31	3629,53	31	2150,38	32	6878,2	17	3629,52	42	2150,20	50	6878,24	53	3629,3	40	2150
46	4	6878,2	3	3629,34	6	2150,3	29	6878,36	5	3629,30	7	2150,21	9	6878,40	31	3629,0	36	2150,8	37	6878,38	47	3629,15	18	2150,13	31	6878,25	32	3629,13	12	2150,34	46	6878,0	12	3629,44	30	2150
35	25	6878,30	1	3629,35	12	2150,12	39	6878,7	3	3629,47	42	2150,40	32	6878,45	35	3629,24	21	2150,38	20	6878,11	31	3629,49	19	2150,16	22	6878,31	51	3629,25	38	2150,50	28	6878,35	24	3629,36	4	2150
54	51	6878,30	51	3629,21	36	2150,0	33	6878,39	32	3629,34	45	2150,15	50	6878,53	8	3629,5	22	2150,3	25	6878,32	54	3629,34	49	2150,22	16	6878,42	40	3629,9	50	2150,2	29	6878,29	42	3629,16	53	2150
24	34	6878,15	20	3629,36	51	2150,49	0	6878,53	39	3629,22	43	2150,17	36	6878,15	7	3629,54	39	2150,17	35	6878,39	52	3629,35	9	2150,53	38	6878,39	49	3629,11	5	2150,49	35	6878,14	44	3629,25	0	2150
29	25	6878,30	39	3629,52	24	2150,9	8	6878,8	25	3629,4	41	2150,44	2	6878,30	41	3629,47	26	2150,28	14	6878,7	32	3629,22	13	2150,19	29	6878,32	10	3629,37	32	2150,1	25	6878,0	27	3629,10	35	2150
24	13	6878,47	23	3629,25	42	2150,23	53	6878,39	19	3629,10	39	2150,33	23	6878,38	3	3629,24	49	2150,18	46	6878,7	0	3629,39	37	2150,43	46	6878,10	43	3629,44	38	2150,41	15	6878,49	12	3629,53	8	2150
46	1	6878,12	32	3629,3	12	2150,12	45	6878,40	46	3629,40	4	2150,35	3	6878,5	20	3629,17	14	2150,46	53	6878,36	6	3629,47	2	2150,2	33	6878,5	20	3629,13	42	2150,2	36	6878,3	34	3629,53	6	2150
13	20	6878,37	2	3629,36	9	2150,38	13	6878,0	48	3629,17	26	2150,52	13	6878,19	0	3629,28	13	2150,41	52	6878,5	17	3629,51	42	2150,14	22	6878,25	34	3629,9	20	2150,46	49	6878,38	23	3629,50	10	2150
31	53	6878,18	28	3629,29	46	2150,49	12	6878,39	42	3629,10	52	2150,15	31	6878,16	36	3629,45	32	2150,29	17	6878,19	16	3629,49	11	2150,27	23	6878,6	52	3629,5	31	2150,37	49	6878,19	27	3629,6	24	2150
0	21	6878,16	40	3629,25	24	2150,2	50	6878,32	53	3629,5	2	2150,54	37	6878,47	20	3629,30	36	2150,9	2	6878,39	14	3629,14	5	2150,33	28	6878,16	13	3629,6	49	2150,37	36	6878,39	42	3629,20	52	2150
22	50	6878,0	19	3629,37	32	2150,42	45	6878,3	52	3629,1	49	2150,37	1	6878,31	21	3629,38	7	2150,42	31	6878,43	31	3629,2	34	2150,23	17	6878,43	52	3629,19	20	2150,23	3	6878,21	9	3629,52	17	2150
28	5	6878,50	8	3629,18	54	2150,3	41	6878,33	27	3629,3	15	2150,47	7	6878,41	17	3629,48	43	2150,54	1	6878,23	54	3629,7	47	2150,49	14	6878,21	11	3629,37	26	2150,31	47	6878,9	1	3629,41	24	2150
8	2	6878,20	18	3629,47	7	2150,46	9	6878,37	12	3629,35	39	2150,48	43	6878,5	30	3629,53	52	2150,42	24	6878,2	49	3629,20	7	2150,39	42	6878,30	54	3629,15	16	2150,3	42	6878,9	1	3629,48	42	2150
36	17	6878,1	10	3629,35	6	2150,30	6	6878,29	26	3629,33	21	2150,12	15	6878,23	42	3629,54	32	2150,49	41	6878,29	50	3629,37	50	2150,36	11	6878,37	53	3629,3	15	2150,28	18	6878,29	7	3629,14	43	2150
9	2	6878,52	12	3629,20	17	2150,8	0	6878,39	36	3629,23	11	2150,2	24	6878,24	25	3629,28	26	2150,17	40	6878,2	28	3629,37	27	2150,40	44	6878,13	6	3629,12	53	2150,50	11	6878,17	29	3629,16	42	2150
2	50	6878,29	43	3629,40	28	2150,31	44	6878,24	30	3629,15	24	2150,14	40	6878,35	2	3629,27	38	2150,47	15	6878,8	21	3629,1	46	2150,7	3	6878,46	39	3629,54	3	2150,1	37	6878,29	1	3629,13	2	2150
54	9	6878,31	25	3629,11	43	2150,27	36	6878,23	27	3629,14	16	2150,39	24	6878,38	31	3629,1	38	2150,26	40	6878,8	5	3629,19	11	2150,43	26	6878,11	0	3629,48	54	2150,3	17	6878,42	44	3629,47	45	2150
18	40	6878,31	45	3629,27	48	2150,20	40	6878,24	5	3629,10	31	2150,22	31	6878,5	25	3629,2	16	2150,50	49	6878,7	6	3629,5	33	2150,38	13	6878,35	31	3629,11	20	2150,50	1	6878,8	13	3629,34	46	2150
9	17	6878,21	54	3629,47	39	2150,40	15	6878,48	38	3629,0	45	2150,4	27	6878,37	10	3629,11	45	2150,27	43	6878,14	43	3629,28	50	2150,20	34	6878,33	27	3629,5	41	2150,22	43	6878,28	29	3629,4	8	2150
33	18	6878,25	20	3629,38	49	2150,9	50	6878,21	16	3629,46	0	2150,15	29	6878,4	30	3629,26	33	2150,1	10	6878,54	31	3629,9	6	2150,36	1	6878,38	9	3629,5	22	2150,3	2	6878,52	41	3629,54	5	2150
3	47	6878,2	14	3629,10	32	2150,44	53	6878,4	18	3629,25	19	2150,48	9	6878,24	51	3629,33	9	2150,28	11	6878,22	1	3629,6	38	2150,32	19	6878,0	20	3629,32	4	2150,45	29	6878,39	31	3629,27	37	2150
36	29	6878,29	21	3629,6	28	2150,37	23	6878,30	31	3629,35	20	2150,20	47	6878,40	48	3629,47	46	2150,26	13	6878,43	50	3629,45	33	2150,54	35	6878,22	3	3629,22	8	2150,10	13	6878,12	1	3629,26	27	2150
9	49	6878,34	27	3629,25	39	2150,17	20	6878,7	39	3629,47	39	2150,24	2	6878,14	20	3629,22	21	2150,30	22	6878,4	49	3629,6	53	2150,32	20	6878,15	41	3629,36	19	2150,38	49	6878,27	25	3629,11	50	2150
48	30	6878,48	17	3629,27	5	2150,41	22	6878,48	47	3629,16	0	2150,6	18	6878,48	28	3629,38	4	2150,28	26	6878,33	2	3629,24	21	2150,29	14	6878,17	12	3629,33	10	2150,54	52	6878,34	31	3629,40	50	2150
22	0	6878,32	51	3629,0	15	2150,44	21	6878,37	34	3629,34	25	2150,25	36	6878,15	1	3629,50	11	2150,7	0	6878,28	11	3629,22	37	2150,48	11	6878,21	42	3629,45	16	2150,20	16	6878,37	26	3629,39	9	2150
10	34	6878,43	44	3629,6	54	2150,22	54	6878,46	31	3629,40	1	2150,21	37	6878,20	46	3629,2	15	2150,54	47	6878,50	6	3629,11	7	2150,40	43	6878,17	6	3629,44	3	2150,15	19	6878,6	28	3629,26	39	2150
24	5	6878,32	8	3629,16	1	2150,19	16	6878,13	25	3629,44	12	2150,16	15	6878,35	52	3629,10	54	2150,6	32	6878,30	31	3629,22	42	2150,20	2	6878,41	9	3629,40	48	2150,27	1	6878,38	24	3629,32	24	2150
41	18	6878,5	7	3629,27	33	2150,17	49	6878,4	54	3629,22	39	2150,29	2	6878,20	3	3629,14	6	2150,47	21	6878,9	39	3629,49	50	2150,48	21	6878,33	44	3629,1	20	2150,9	23	6878,27	22	3629,14	44	2150
53	34	6878,17	54	3629,25	2	2150,38	51	6878,53	46	3629,0	33	2150,35	54	6878,18	49	3629,16	3	2150,21	47	6878,20	11	3629,28	44	2150,54	17	6878,35	46	3629,33	51	2150,26	50	6878,53	40	3629,13	11	2150
23	50	6878,2	5	3629,7	32	2150,38	1	6878,23	42	3629,17	15	2150,32	51	6878,17	9	3629,25	20	2150,34	15	6878,26	32	3629,52	42	2150,23	20	6878,54	28	3629,45	3	2150,48	22	6878,12	41	3629,43	50	2150
23	17	6878,23	1	3629,7	44	2150,13	37	6878,44	49	3629,2	17	2150,42	26	6878,44	11	3629,38	8	2150,50	38	6878,45	22	3629,11	10	2150,8	50	6878,43	33	3629,13	15	2150,16	27	6878,0	51	3629,37	1	2150
8	3	6878,33	47	3629,28	26	2150,33	24	6878,42	23	3629,29	20	2150,5	29	6878,40	5	3629,3	11	2150,50	32	6878,7	44	3629,45	12	2150,39	27	6878,31	6	3629,13	14	2150,21	34	6878,19	5	3629,3	8	2150
23	50	6878,6	32	3629,21	35	2150,36	19	6878,2	16	3629,41	18	2150,47	29	6878,40	26	3629,29	52	2150,35	5	6878,1	54	3629,5	10	2150,46	23	6878,10	2	3629,13	18	2150,49	11	6878,17	43	3629,0	41	2150
23	32	6878,23	17	3629,15	7	2150,26	42	6878,18	50	3629,22	52	2150,46	15	6878,32	39	3629,54	3	2150,4	30	6878,54	17	3629,47	24	2150,7	37	6878,52	29	3629,54	1	2150,3	34	6878,33	49	3629,30	33	2150
44	52	6878,0	41	3629,16	5	2150,49	11	6878,10	7	3629,47	20	2150,54	20	6878,30	47	3629,31	39	2150,12	39	6878,25	4	3629,49	27	2150,42	40	6878,48	35	3629,17	45	2150,2	49	6878,49	39	3629,11	1	2150
25	46	6878,41	0	3629,43	39	2150,54	10	6878,45	29	3629,43	3	2150,46	35	6878,27	29	3629,14	49	2150,19	53	6878,31	7	3629,23	4	2150,24	48	6878,50	20	3629,23	45	2150,15	14	6878,44	31	3629,8	15	2150
7	35	6878,18	14	3629,39	6	2150,39	18	6878,30	53	3629,9	11	2150,8	7	6878,48	0	3629,32	8	2150,0	14	6878,50	48	3629,1	10	2150,11	15	6878,51	1	3629,42	9	2150,29	16	6878,24	29	3629,7	1	2150
46	35	6878,16	9	3629,8	46	2150,6	30	6878,10	24	3629,14	15	2150,29	34	6878,35	16	3629,9	35	2150,27	41	6878,50	30	3629,28	29	2150,36	0	6878,32	26	3629,46	42	2150,20	6	6878,46	7	3629,52	2	2150
3	34	6878,54	14	3629,45	2	2150,10	3	6878,54	28	3629,15	13	2150,11	13	6878,40	4	3629,40	30	2150,53	21	6878,43	36	3629,10	4	2150,34	39	6878,35	17	3629,26	13	2150,43	29	6878,16	8	3629,10	54	2150
32	5	6878,45	42	3629,46	15	2150,41	40	6878,18	29	3629,16	8	2150,15	14	6878,28	45	3629,48	34	2150,36	18	6878,23	12	3629,39	42	2150,33	20	6878,26	46	3629,39	2	2150,52	38	6878,11	10	3629,12	47	2150
42	13	6878,22	23	3629,27	12	2150,27	45	6878,50	6	3629,15	50	2150,37	49	6878,29	45	3629,25	29	2150,38	24	6878,47	36	3629,41	37	2150,49	23	6878,24	42	3629,32	25	2150,15	0	6878,40	44	3629,25	15	2150
31	8	6878,30	19	3629,28	21	2150,24	44	6878,11	38	3629,51	33	2150,38	47	6878,45	3	3629,52	41	2150,22	49	6878,17	4	3629,8	52	2150,10	2	6878,4	18	3629,31	20	2150,11	32	6878,32	7	3629,26	27	2150
1	43	6878,15	2	3629,30	33	2150,27	16	6878,53	26	3629,52	30	2150,43	15	6878,22	11	3629,22	18	2150,50	2	6878,37	11	3629,37	23	2150,20	17	6878,13	21	3629,12	44	2150,48	38	6878,12	26	3629,24	27	2150
19	35	6878,51	17	3629,43	47	2150,17	22	6878,48	28	3629,5	51	2150,0	35	6878,32	47	3629,39	29	2150,32	0	6878,44	23	3629,16	38	2150,32	43	6878,46	11	3629,6	1	2150,8	22	6878,47	44	3629,33	44	2150
5	52	6878,36	5	3629,30	16	2150,2	32	6878,31	8	3629,12	28	2150,40	1	6878,25	42	3629,0	10	2150,52	44	6878,48	42	3629,12	35	2150,51	32	6878,42	38	3629,8	53	2150,40	24	6878,5	6	3629,31	43	2150
20	37	6878,5	40	3629,9	35	2150,5	13	6878,12	2	3629,54	4	2150,51	11	6878,44	45	3629,19	32	2150,31	28	6878,27	28	3629,41	37	2150,39	33	6878,7	42	3629,52	5	2150,14	50	6878,10	19	3629,28	13	2150
27	22	6878,24	36	3629,28	16	2150,27	33	6878,51	41	3629,51	20	2150,14	29	6878,48	20	3629,39	4	2150,23	27	6878,33	45	3629,44	9	2150,29	31	6878,28	44	3629,24	11	2150,39	11	6878,8	18	3629,10	30	2150
38	15	6878,4	29	3629,0	20	2150,32	8	6878,10	19	3629,2	10	2150,18	47	6878,49	52	3629,9	51	2150,15	52	6878,9	47	3629,49	30	2150,18	27	6878,37	14	3629,19	12	2150,21	4	6878,39	8	3629,15	54	2150
17	26	6878,53	37	3629,9	20	2150,1	30	6878,51	25	3629,17	27	2150,20	1	6878,26	2	3629,46	15	2150,18	29	6878,10	14	3629,54	32	2150,29	3	6878,22	45	3629,33	22	2150,3	39	6878,29	14	3629,43	40	2150
5	48	6878,48	6	3629,38	37	2150,45	5	6878,38	19	3629,48	29	2150,39	36	6878,31	7	3629,5	6	2150,3	49	6878,52	12	3629,18	31	2150,19	48	6878,43	54	3629,17	13	2150,3	30	6878,19	45	3629,43	0	2150
21	1	6878,14	7	3629,14	2	2150,41	32	6878,32	36	3629,53	31	2150,15	27	6878,36	0	3629,21	22	2150,48	49	6878,39	40	3629,24	53	2150,37	34	6878,19	49	3629,47	20	2150,50	33	6878,10	0	3629,30	41	2150
18	25	6878,49	36	3629,36	9	2150,23	30	6878,27	47	3629,7	38	2150,42	5	6878,22	1	3629,51	36	2150,33	35	6878,25	31	3629,16	28	2150,21	36	6878,20	48	3629,30	35	2150,9	54	6878,7	26	3629,37	32	2150
8	32	6878,22	52	3629,18	33	2150,4	15	6878,16	46	3629,32	34	2150,29	12	6878,28	42	3629,26	45	2150,21	34	6878,24	20	3629,36	45	2150,26	36	6878,17	6	3629,5	43	2150,37	6	6878,40	36	3629,7	51	2150
44	45	6878,2	4	3629,29	52	2150,41	26	6878,35	39	3629,0	29	2150,32	15	6878,31	36	3629,21	22	2150,37	12	6878,41	34	3629,3	10	2150,19	45	6878,24	28	3629,26	6	2150,38	22	6878,28	43	3629,17	14	2150
45	18	6878,32	16	3629,46	1	2150,17	8	6878,28	11	3629,44	38	2150,28	14	6878,29	8	3629,6	45	2150,8	19	6878,11	16	3629,21	43	2150,16	14	6878,1	6	3629,53	8	2150,46	11	6878,16	48	3629,8	9	2150
21	1	6878,49	9	3629,39	44	2150,16	40	6878,5	38	3629,0	40	2150,19	49	6878,25	28	3629,25	13	2150,46	0	6878,38	11	3629,28	17	2150,8	15	6878,28	30	3629,5	34	2150,28	33	6878,19	54	3629,8	7	2150
47	32	6878,22	30	3629,37	15	2150,28	39	6878,30	48	3629,48	30	2150,50	27	6878,21	24	3629,23	52	2150,22	52	6878,41	52	3629,15	7	2150,31	5	6878,7	53	3629,38	32	2150,45	10	6878,53	54	3629,44	15	2150
45	50	6878,18	48	3629,14	43	2150,45	24	6878,39	10	3629,52	54	2150,18	42	6878,21	41	3629,0	46	2150,53	37	6878,50	18	3629,50	6	2150,6	45	6878,17	12	3629,17	37	2150,18	22	6878,45	52	3629,22	46	2150
11	53	6878,15	41	3629,44	15	2150,10	12	6878,38	37	3629,5	29	2150,25	18	6878,44	4	3629,42	43	2150,8	51	6878,34	14	3629,41	43	2150,53	11	6878,25	9	3629,5	36	2150,42	15	6878,15	35	3629,44	46	2150
40	15	6878,8	38	3629,40	49	2150,15	23	6878,7	21	3629,10	29	2150,10	29	6878,43	26	3629,27	42	2150,2	27	6878,6	49	3629,18	39	2150,25	18	6878,48	8	3629,8	41	2150,43	50	6878,3	20	3629,47	23	2150
49	23	6878,3	0	3629,36	27	2150,37	11	6878,11	51	3629,45	3	2150,23	54	6878,39	24	3629,15	12	2150,3	52	6878,26	40	3629,5	9	2150,23	4	6878,41	16	3629,13	47	2150,8	53	6878,1	39	3629,50	28	2150
19	28	6878,41	29	3629,39	1	2150,21	31	6878,44	1	3629,20	11	2150,40	14	6878,43	35	3629,13	20	2150,23	16	6878,32	30	3629,46	0	2150,45	1	6878,1	16	3629,49	0	2150,26	29	6878,12	44	3629,5	52	2150
45	48	6878,11	4	3629,19	38	2150,6	5	6878,15	1	3629,46	22	2150,40	30	6878,12	23	3629,32	40	2150,28	39	6878,50	36	3629,8	40	2150,53	28	6878,15	9	3629,50	14	2150,37	29	6878,36	40	3629,13	33	2150
32	2	6878,51	15	3629,31	29	2150,45	21	6878,19	32	3629,38	22	2150,36	22	6878,9	33	3629,39	37	2150,4	39	6878,10	23	3629,26	43	2150,39	52	6878,1	16	3629,37	48	2150,4	35	6878,36	38	3629,27	10	2150
25	19	6878,51	29	3629,39	32	2150,32	20	6878,25	13	3629,35	15	2150,41	5	6878,23	42	3629,24	41	2150,10	37	6878,35	33	3629,35	43	2150,53	30	6878,12	36	3629,6	20	2150,30	5	6878,32	19	3629,25	52	2150
