2	23	6878,24	21	3629,5	21	2150,27	10	6878,3	13	3629,19	26	2150,25	19	6878,19	6	3629,15	25	2150,24	25	6878,8	27	3629,21	20	2150,4	12	6878,11	7	3629,6	14	2150,13	11	6878,14	3	3629,1	18	2150
0	7	6878,26	17	3629,16	5	2150,3	8	6878,28	21	3629,20	2	2150,20	11	6878,21	26	3629,14	18	2150,21	5	6878,17	16	3629,3	20	2150,11	21	6878,8	28	3629,16	14	2150,2	15	6878,17	12	3629,18	20	2150
24	9	6878,17	13	3629,5	4	2150,11	19	6878,12	17	3629,14	10	2150,14	6	6878,7	1	3629,21	14	2150,17	13	6878,8	22	3629,18	22	2150,19	25	6878,25	11	3629,17	16	2150,21	1	6878,27	16	3629,28	27	2150
15	19	6878,10	26	3629,15	16	2150,2	17	6878,20	26	3629,9	27	2150,5	14	6878,12	7	3629,0	2	2150,7	24	6878,4	9	3629,8	2	2150,6	3	6878,9	8	3629,4	28	2150,9	17	6878,12	17	3629,22	23	2150
20	17	6878,26	18	3629,28	9	2150,22	25	6878,28	2	3629,13	23	2150,21	10	6878,28	24	3629,10	26	2150,20	9	6878,16	2	3629,16	6	2150,26	2	6878,16	24	3629,8	26	2150,3	28	6878,20	7	3629,8	13	2150
1	9	6878,27	5	3629,14	6	2150,19	10	6878,6	14	3629,17	18	2150,2	25	6878,6	8	3629,23	4	2150,13	17	6878,4	2	3629,6	10	2150,22	3	6878,3	25	3629,28	0	2150,0	21	6878,15	16	3629,5	19	2150
19	15	6878,10	24	3629,22	23	2150,7	27	6878,18	16	3629,5	9	2150,8	6	6878,6	18	3629,8	4	2150,9	11	6878,20	18	3629,21	2	2150,21	2	6878,13	7	3629,27	1	2150,10	14	6878,7	15	3629,20	7	2150
1	10	6878,20	27	3629,13	9	2150,2	9	6878,3	2	3629,20	19	2150,25	10	6878,13	15	3629,25	9	2150,8	10	6878,23	6	3629,4	12	2150,10	2	6878,17	19	3629,17	15	2150,0	13	6878,1	16	3629,1	5	2150
6	3	6878,6	10	3629,1	10	2150,12	5	6878,20	6	3629,17	21	2150,28	12	6878,21	25	3629,25	21	2150,16	2	6878,21	20	3629,27	24	2150,12	18	6878,3	6	3629,17	0	2150,6	10	6878,20	6	3629,1	7	2150
18	7	6878,21	17	3629,11	16	2150,26	4	6878,7	24	3629,15	10	2150,28	4	6878,14	8	3629,24	19	2150,21	10	6878,13	14	3629,17	28	2150,13	6	6878,13	0	3629,13	21	2150,17	1	6878,24	28	3629,2	20	2150
25	5	6878,3	24	3629,21	23	2150,17	23	6878,15	16	3629,4	19	2150,11	12	6878,9	5	3629,14	17	2150,1	17	6878,0	23	3629,27	2	2150,26	17	6878,26	7	3629,2	5	2150,6	10	6878,1	14	3629,2	28	2150
23	13	6878,10	18	3629,28	25	2150,21	9	6878,26	27	3629,3	12	2150,16	18	6878,10	1	3629,15	9	2150,1	7	6878,9	15	3629,22	3	2150,0	14	6878,10	17	3629,24	9	2150,19	6	6878,4	2	3629,2	27	2150
3	25	6878,7	10	3629,22	7	2150,9	19	6878,7	8	3629,20	7	2150,6	24	6878,14	19	3629,21	27	2150,23	3	6878,14	12	3629,25	10	2150,5	18	6878,15	4	3629,4	5	2150,28	19	6878,8	16	3629,8	2	2150
7	17	6878,10	21	3629,7	4	2150,16	0	6878,27	12	3629,23	12	2150,9	21	6878,9	24	3629,6	26	2150,27	3	6878,5	7	3629,22	0	2150,4	1	6878,21	19	3629,26	6	2150,9	25	6878,18	2	3629,2	18	2150
8	5	6878,7	24	3629,27	14	2150,9	8	6878,6	20	3629,24	0	2150,27	16	6878,25	19	3629,22	7	2150,15	23	6878,2	0	3629,3	14	2150,10	15	6878,15	23	3629,5	28	2150,11	19	6878,8	12	3629,26	24	2150
4	24	6878,23	2	3629,1	7	2150,19	14	6878,3	22	3629,8	26	2150,5	27	6878,9	22	3629,27	26	2150,22	7	6878,14	21	3629,12	5	2150,28	24	6878,14	23	3629,3	6	2150,4	21	6878,27	25	3629,23	17	2150
18	14	6878,19	10	3629,16	11	2150,11	18	6878,0	3	3629,15	19	2150,6	1	6878,23	15	3629,10	21	2150,0	6	6878,22	2	3629,9	1	2150,12	24	6878,8	7	3629,24	1	2150,4	7	6878,12	7	3629,21	10	2150
1	10	6878,26	22	3629,12	22	2150,9	22	6878,17	5	3629,12	10	2150,27	28	6878,11	19	3629,11	24	2150,28	23	6878,25	14	3629,5	6	2150,14	8	6878,13	12	3629,19	23	2150,22	20	6878,24	7	3629,20	1	2150
5	4	6878,6	2	3629,7	12	2150,9	2	6878,27	25	3629,1	0	2150,15	5	6878,12	20	3629,13	3	2150,20	27	6878,28	18	3629,27	12	2150,1	24	6878,23	11	3629,3	1	2150,12	3	6878,5	24	3629,5	17	2150
27	11	6878,13	28	3629,4	6	2150,10	16	6878,19	9	3629,0	24	2150,20	11	6878,22	1	3629,13	25	2150,17	9	6878,16	24	3629,24	15	2150,6	23	6878,8	25	3629,15	17	2150,1	24	6878,11	12	3629,10	27	2150
19	13	6878,26	5	3629,17	16	2150,5	10	6878,24	21	3629,14	17	2150,9	12	6878,4	14	3629,16	25	2150,13	26	6878,23	27	3629,23	14	2150,2	19	6878,0	11	3629,16	27	2150,28	11	6878,6	17	3629,17	3	2150
6	3	6878,24	22	3629,22	17	2150,0	2	6878,5	23	3629,9	25	2150,6	11	6878,3	2	3629,11	19	2150,10	22	6878,16	4	3629,15	20	2150,27	0	6878,2	15	3629,27	17	2150,22	4	6878,11	0	3629,2	20	2150
1	17	6878,2	21	3629,28	6	2150,14	28	6878,23	15	3629,19	9	2150,16	2	6878,18	25	3629,5	28	2150,14	24	6878,23	4	3629,19	3	2150,5	10	6878,0	25	3629,26	15	2150,7	9	6878,7	5	3629,11	8	2150
19	18	6878,19	17	3629,11	10	2150,17	15	6878,0	15	3629,15	4	2150,27	6	6878,18	5	3629,19	2	2150,22	8	6878,2	5	3629,7	27	2150,28	3	6878,24	28	3629,14	23	2150,10	13	6878,1	17	3629,5	18	2150
2	3	6878,20	4	3629,9	26	2150,26	22	6878,10	17	3629,14	18	2150,13	17	6878,14	9	3629,22	3	2150,17	12	6878,17	24	3629,9	11	2150,26	21	6878,13	1	3629,1	22	2150,18	13	6878,24	5	3629,20	25	2150
26	3	6878,3	25	3629,3	11	2150,2	11	6878,25	27	3629,14	18	2150,5	21	6878,12	3	3629,4	1	2150,0	14	6878,2	18	3629,15	4	2150,18	13	6878,13	7	3629,11	22	2150,13	9	6878,25	23	3629,15	7	2150
8	13	6878,18	15	3629,10	24	2150,19	16	6878,21	15	3629,16	18	2150,3	24	6878,6	12	3629,15	24	2150,24	22	6878,0	19	3629,17	25	2150,25	27	6878,28	0	3629,25	3	2150,2	16	6878,4	7	3629,5	14	2150
5	23	6878,22	17	3629,5	9	2150,2	7	6878,5	12	3629,17	23	2150,2	21	6878,13	6	3629,8	18	2150,10	7	6878,1	9	3629,4	21	2150,8	14	6878,10	5	3629,21	28	2150,2	1	6878,25	11	3629,11	19	2150
10	16	6878,2	23	3629,1	13	2150,8	17	6878,15	10	3629,22	28	2150,1	27	6878,26	28	3629,27	25	2150,17	0	6878,19	0	3629,23	15	2150,15	6	6878,25	16	3629,1	21	2150,10	9	6878,9	8	3629,21	28	2150
15	9	6878,27	10	3629,8	18	2150,19	23	6878,11	20	3629,17	18	2150,11	23	6878,14	28	3629,18	3	2150,21	11	6878,22	6	3629,17	15	2150,19	7	6878,9	5	3629,1	21	2150,12	4	6878,17	5	3629,17	19	2150
26	25	6878,18	28	3629,14	1	2150,0	26	6878,22	19	3629,12	25	2150,20	15	6878,10	28	3629,17	21	2150,28	5	6878,25	2	3629,22	7	2150,10	16	6878,20	2	3629,2	21	2150,18	9	6878,11	27	3629,14	19	2150
22	16	6878,10	1	3629,7	11	2150,25	5	6878,11	23	3629,12	16	2150,0	16	6878,2	13	3629,19	21	2150,19	15	6878,11	9	3629,24	5	2150,25	28	6878,8	5	3629,25	1	2150,27	20	6878,19	14	3629,10	25	2150
9	6	6878,28	20	3629,22	15	2150,11	14	6878,26	5	3629,5	21	2150,16	0	6878,16	9	3629,24	8	2150,0	23	6878,24	15	3629,12	27	2150,14	17	6878,22	5	3629,8	26	2150,16	9	6878,26	10	3629,27	13	2150
9	21	6878,5	9	3629,28	23	2150,7	12	6878,8	16	3629,25	23	2150,23	13	6878,22	1	3629,4	26	2150,24	27	6878,18	14	3629,9	19	2150,9	14	6878,24	17	3629,18	11	2150,18	14	6878,17	23	3629,14	20	2150
12	15	6878,6	11	3629,22	6	2150,15	5	6878,11	23	3629,13	8	2150,0	20	6878,6	7	3629,14	16	2150,21	24	6878,4	22	3629,7	18	2150,4	27	6878,5	1	3629,2	1	2150,2	4	6878,18	28	3629,15	28	2150
25	15	6878,16	26	3629,25	13	2150,15	3	6878,13	23	3629,21	13	2150,16	0	6878,1	15	3629,14	18	2150,3	4	6878,5	22	3629,18	26	2150,18	23	6878,13	11	3629,23	24	2150,12	24	6878,23	17	3629,15	21	2150
25	13	6878,15	5	3629,27	24	2150,26	14	6878,23	18	3629,16	3	2150,20	1	6878,7	20	3629,26	13	2150,11	14	6878,7	3	3629,21	3	2150,6	4	6878,18	26	3629,5	11	2150,8	9	6878,10	4	3629,19	23	2150
18	19	6878,26	5	3629,25	16	2150,13	17	6878,1	12	3629,10	14	2150,7	21	6878,28	13	3629,20	13	2150,3	27	6878,2	21	3629,17	10	2150,21	27	6878,26	19	3629,24	2	2150,3	25	6878,1	5	3629,6	9	2150
13	21	6878,21	22	3629,6	21	2150,6	5	6878,20	22	3629,1	0	2150,7	20	6878,20	1	3629,12	14	2150,6	21	6878,5	27	3629,28	20	2150,10	18	6878,4	8	3629,9	22	2150,19	22	6878,24	23	3629,17	13	2150
7	16	6878,22	19	3629,9	23	2150,15	19	6878,20	16	3629,6	18	2150,27	9	6878,8	17	3629,1	26	2150,24	8	6878,18	21	3629,11	17	2150,4	12	6878,16	7	3629,27	22	2150,18	24	6878,0	3	3629,6	23	2150
15	20	6878,27	28	3629,4	8	2150,1	2	6878,18	17	3629,21	23	2150,14	5	6878,27	17	3629,14	19	2150,0	17	6878,26	27	3629,19	9	2150,18	27	6878,8	10	3629,19	3	2150,14	1	6878,13	7	3629,25	27	2150
4	20	6878,27	20	3629,17	19	2150,10	11	6878,5	26	3629,11	25	2150,22	13	6878,0	12	3629,15	16	2150,25	3	6878,4	18	3629,10	11	2150,13	22	6878,13	16	3629,7	27	2150,2	12	6878,1	9	3629,20	18	2150
10	7	6878,15	27	3629,20	19	2150,19	27	6878,10	12	3629,5	2	2150,7	0	6878,14	5	3629,21	19	2150,10	2	6878,2	22	3629,19	13	2150,2	15	6878,20	26	3629,3	6	2150,1	11	6878,19	8	3629,11	23	2150
22	20	6878,1	7	3629,8	13	2150,19	13	6878,0	8	3629,28	22	2150,13	20	6878,19	13	3629,2	3	2150,10	24	6878,25	14	3629,9	8	2150,14	19	6878,0	25	3629,14	15	2150,9	12	6878,25	11	3629,3	7	2150
15	21	6878,3	22	3629,27	0	2150,24	20	6878,10	4	3629,12	17	2150,20	5	6878,12	8	3629,13	17	2150,23	7	6878,7	22	3629,28	8	2150,6	24	6878,12	6	3629,26	15	2150,5	11	6878,12	1	3629,22	16	2150
19	14	6878,1	15	3629,1	25	2150,18	10	6878,3	6	3629,9	7	2150,10	28	6878,25	3	3629,25	28	2150,21	18	6878,24	15	3629,26	24	2150,22	15	6878,28	0	3629,1	17	2150,1	9	6878,25	10	3629,15	16	2150
13	4	6878,19	11	3629,8	19	2150,12	8	6878,4	24	3629,5	15	2150,22	1	6878,3	11	3629,9	24	2150,4	12	6878,25	4	3629,19	21	2150,7	5	6878,8	11	3629,19	10	2150,18	14	6878,18	20	3629,11	19	2150
20	7	6878,1	11	3629,10	27	2150,8	16	6878,20	3	3629,12	18	2150,17	12	6878,4	10	3629,26	4	2150,1	15	6878,21	8	3629,26	27	2150,7	17	6878,24	26	3629,18	20	2150,26	8	6878,3	1	3629,19	23	2150
27	28	6878,2	3	3629,27	1	2150,16	6	6878,3	8	3629,16	5	2150,3	23	6878,9	15	3629,19	28	2150,6	8	6878,22	16	3629,28	12	2150,7	11	6878,18	27	3629,23	15	2150,4	1	6878,3	16	3629,21	23	2150
24	20	6878,19	12	3629,23	24	2150,16	11	6878,12	22	3629,21	22	2150,23	17	6878,6	18	3629,0	16	2150,10	13	6878,28	17	3629,1	27	2150,27	26	6878,21	15	3629,21	12	2150,2	11	6878,8	2	3629,8	11	2150
13	25	6878,23	0	3629,3	4	2150,22	7	6878,17	9	3629,16	13	2150,24	15	6878,22	11	3629,23	28	2150,11	1	6878,21	26	3629,3	16	2150,1	0	6878,13	23	3629,19	8	2150,8	28	6878,14	2	3629,2	1	2150
24	1	6878,11	14	3629,15	7	2150,27	13	6878,22	3	3629,7	4	2150,25	28	6878,21	20	3629,0	3	2150,3	12	6878,15	9	3629,6	10	2150,4	3	6878,24	9	3629,2	3	2150,20	12	6878,18	9	3629,14	1	2150
20	27	6878,28	6	3629,15	25	2150,0	7	6878,8	12	3629,16	27	2150,27	16	6878,14	12	3629,10	12	2150,18	0	6878,24	5	3629,19	15	2150,7	21	6878,28	19	3629,19	28	2150,0	25	6878,13	28	3629,2	15	2150
10	24	6878,26	21	3629,16	1	2150,14	15	6878,21	22	3629,6	24	2150,2	16	6878,28	11	3629,14	3	2150,25	13	6878,13	24	3629,26	23	2150,9	5	6878,1	5	3629,27	5	2150,20	19	6878,0	2	3629,21	16	2150
11	18	6878,25	17	3629,25	19	2150,5	27	6878,14	10	3629,28	4	2150,28	27	6878,10	16	3629,10	8	2150,7	23	6878,1	14	3629,10	2	2150,1	19	6878,17	24	3629,5	17	2150,25	17	6878,6	24	3629,10	14	2150
23	14	6878,4	12	3629,27	22	2150,20	27	6878,26	22	3629,12	10	2150,15	5	6878,3	5	3629,19	4	2150,6	26	6878,23	4	3629,20	15	2150,24	2	6878,5	27	3629,6	25	2150,14	8	6878,20	7	3629,26	3	2150
25	2	6878,26	15	3629,1	20	2150,22	25	6878,14	22	3629,5	16	2150,8	6	6878,0	3	3629,0	21	2150,12	23	6878,5	15	3629,19	9	2150,11	17	6878,25	18	3629,24	9	2150,19	13	6878,0	28	3629,24	12	2150
25	17	6878,19	4	3629,9	25	2150,11	9	6878,3	19	3629,2	14	2150,9	18	6878,22	13	3629,23	12	2150,17	2	6878,16	2	3629,7	8	2150,10	7	6878,10	1	3629,27	10	2150,16	3	6878,2	3	3629,2	22	2150
0	1	6878,19	15	3629,12	21	2150,23	8	6878,21	26	3629,27	18	2150,0	3	6878,4	10	3629,24	26	2150,3	16	6878,2	3	3629,0	10	2150,8	12	6878,9	25	3629,16	19	2150,3	13	6878,26	11	3629,20	4	2150
5	20	6878,12	27	3629,28	9	2150,16	5	6878,16	5	3629,13	19	2150,15	12	6878,14	10	3629,0	25	2150,9	24	6878,14	27	3629,16	24	2150,12	10	6878,25	9	3629,6	4	2150,14	20	6878,27	28	3629,12	0	2150
25	13	6878,14	7	3629,3	1	2150,1	5	6878,21	1	3629,22	8	2150,11	4	6878,4	27	3629,17	6	2150,13	8	6878,10	22	3629,18	19	2150,0	24	6878,0	4	3629,3	17	2150,6	17	6878,14	26	3629,1	19	2150
19	12	6878,11	7	3629,3	6	2150,23	17	6878,22	23	3629,12	22	2150,3	8	6878,0	21	3629,0	3	2150,28	6	6878,15	4	3629,12	23	2150,11	10	6878,15	1	3629,7	18	2150,0	10	6878,17	25	3629,23	13	2150
16	11	6878,15	3	3629,7	0	2150,27	5	6878,11	18	3629,22	9	2150,18	21	6878,5	21	3629,16	3	2150,19	3	6878,10	5	3629,20	8	2150,13	20	6878,18	26	3629,25	4	2150,0	21	6878,15	9	3629,10	11	2150
24	7	6878,9	16	3629,24	12	2150,26	9	6878,2	28	3629,1	28	2150,8	27	6878,14	27	3629,8	18	2150,28	6	6878,14	7	3629,18	16	2150,14	2	6878,0	14	3629,16	18	2150,26	24	6878,27	15	3629,21	25	2150
9	24	6878,28	15	3629,5	27	2150,19	24	6878,7	13	3629,22	16	2150,27	10	6878,6	20	3629,19	26	2150,8	1	6878,4	12	3629,8	13	2150,13	17	6878,15	13	3629,16	25	2150,4	23	6878,8	16	3629,13	26	2150
17	25	6878,21	5	3629,6	8	2150,23	14	6878,11	18	3629,8	25	2150,18	5	6878,2	27	3629,0	15	2150,27	0	6878,21	1	3629,4	26	2150,5	19	6878,12	4	3629,20	7	2150,13	9	6878,26	0	3629,23	17	2150
9	11	6878,5	16	3629,5	22	2150,9	25	6878,16	24	3629,9	2	2150,6	17	6878,2	17	3629,26	24	2150,15	6	6878,14	3	3629,25	5	2150,17	20	6878,24	21	3629,15	26	2150,17	11	6878,18	22	3629,2	12	2150
25	17	6878,21	1	3629,3	7	2150,3	9	6878,27	23	3629,21	19	2150,23	5	6878,11	23	3629,4	1	2150,21	6	6878,7	11	3629,7	13	2150,22	10	6878,9	17	3629,10	6	2150,3	16	6878,0	19	3629,15	2	2150
2	3	6878,25	23	3629,19	26	2150,28	15	6878,13	1	3629,13	8	2150,24	18	6878,11	3	3629,2	23	2150,3	4	6878,3	1	3629,28	20	2150,21	5	6878,20	18	3629,16	12	2150,6	15	6878,7	11	3629,28	9	2150
18	9	6878,6	12	3629,23	0	2150,8	10	6878,6	19	3629,8	5	2150,3	24	6878,11	25	3629,12	17	2150,2	12	6878,2	20	3629,26	24	2150,7	19	6878,13	28	3629,3	2	2150,10	22	6878,25	0	3629,2	1	2150
2	9	6878,17	1	3629,20	23	2150,22	5	6878,23	1	3629,20	14	2150,25	0	6878,4	5	3629,0	3	2150,2	9	6878,12	14	3629,3	21	2150,24	1	6878,16	11	3629,13	0	2150,4	6	6878,6	3	3629,20	15	2150
0	16	6878,23	14	3629,26	22	2150,15	1	6878,1	13	3629,24	17	2150,25	1	6878,6	21	3629,7	15	2150,12	13	6878,18	10	3629,26	17	2150,9	27	6878,12	14	3629,27	17	2150,24	1	6878,22	14	3629,27	2	2150
27	3	6878,11	6	3629,14	18	2150,0	16	6878,5	9	3629,4	14	2150,17	0	6878,8	17	3629,22	1	2150,23	18	6878,27	1	3629,6	7	2150,16	13	6878,17	15	3629,17	18	2150,9	16	6878,24	8	3629,4	17	2150
11	28	6878,12	9	3629,9	20	2150,13	12	6878,2	15	3629,16	23	2150,20	11	6878,5	16	3629,18	13	2150,9	7	6878,25	20	3629,16	8	2150,17	23	6878,21	27	3629,1	26	2150,9	27	6878,0	5	3629,24	1	2150
13	23	6878,26	7	3629,0	11	2150,1	5	6878,5	28	3629,22	10	2150,22	17	6878,23	0	3629,12	6	2150,17	24	6878,11	4	3629,14	9	2150,22	25	6878,20	22	3629,28	24	2150,15	26	6878,18	13	3629,13	2	2150
11	13	6878,21	1	3629,13	18	2150,4	20	6878,3	2	3629,5	4	2150,18	7	6878,27	13	3629,13	20	2150,17	6	6878,11	9	3629,14	7	2150,0	1	6878,17	9	3629,18	4	2150,2	14	6878,26	9	3629,23	12	2150
5	12	6878,9	4	3629,8	12	2150,21	9	6878,17	21	3629,20	7	2150,12	8	6878,6	23	3629,14	13	2150,5	6	6878,11	24	3629,14	28	2150,2	0	6878,7	11	3629,1	19	2150,21	20	6878,9	14	3629,26	5	2150
1	23	6878,14	7	3629,28	25	2150,8	14	6878,21	24	3629,23	4	2150,8	26	6878,26	14	3629,16	5	2150,22	13	6878,6	1	3629,23	1	2150,28	3	6878,18	24	3629,27	6	2150,23	18	6878,2	1	3629,2	18	2150
14	27	6878,4	20	3629,1	11	2150,6	24	6878,14	9	3629,19	25	2150,12	21	6878,26	11	3629,2	0	2150,27	11	6878,18	19	3629,5	20	2150,26	13	6878,2	22	3629,10	23	2150,20	4	6878,0	14	3629,9	22	2150
23	27	6878,5	12	3629,0	1	2150,0	22	6878,11	28	3629,17	16	2150,18	22	6878,17	16	3629,28	7	2150,24	21	6878,14	9	3629,11	8	2150,9	27	6878,14	6	3629,19	1	2150,3	28	6878,12	6	3629,5	15	2150
27	4	6878,0	17	3629,14	2	2150,14	27	6878,15	22	3629,16	6	2150,6	1	6878,4	23	3629,25	0	2150,20	27	6878,26	9	3629,16	15	2150,12	9	6878,6	23	3629,16	1	2150,11	25	6878,17	9	3629,17	25	2150
8	21	6878,8	2	3629,14	25	2150,26	0	6878,1	26	3629,5	20	2150,7	8	6878,14	19	3629,21	20	2150,8	4	6878,20	9	3629,17	5	2150,14	10	6878,9	18	3629,14	12	2150,24	11	6878,18	25	3629,18	5	2150
4	10	6878,5	24	3629,20	17	2150,9	14	6878,4	24	3629,25	16	2150,3	16	6878,2	27	3629,19	26	2150,9	24	6878,19	7	3629,19	20	2150,21	16	6878,28	21	3629,22	5	2150,27	12	6878,17	12	3629,26	17	2150
6	17	6878,0	1	3629,16	4	2150,5	25	6878,1	24	3629,19	11	2150,15	23	6878,13	14	3629,16	9	2150,0	5	6878,27	22	3629,14	15	2150,26	11	6878,28	6	3629,16	21	2150,15	2	6878,11	19	3629,5	22	2150
9	3	6878,19	6	3629,16	17	2150,28	23	6878,23	18	3629,3	25	2150,7	19	6878,3	21	3629,13	18	2150,4	20	6878,24	9	3629,0	17	2150,4	20	6878,27	20	3629,13	28	2150,25	21	6878,9	13	3629,17	8	2150
16	13	6878,15	28	3629,20	23	2150,2	19	6878,18	3	3629,20	18	2150,8	20	6878,24	7	3629,28	26	2150,21	20	6878,24	13	3629,12	19	2150,18	26	6878,6	14	3629,17	12	2150,12	11	6878,21	12	3629,2	8	2150
16	2	6878,0	12	3629,12	6	2150,11	7	6878,7	4	3629,0	21	2150,23	22	6878,2	24	3629,24	8	2150,13	1	6878,11	23	3629,28	21	2150,18	25	6878,6	1	3629,6	21	2150,27	3	6878,19	14	3629,4	1	2150
8	13	6878,3	11	3629,7	13	2150,15	26	6878,11	23	3629,25	20	2150,11	24	6878,24	2	3629,9	21	2150,26	7	6878,20	10	3629,6	3	2150,9	14	6878,14	21	3629,21	20	2150,27	26	6878,9	0	3629,16	14	2150
27	16	6878,13	20	3629,9	4	2150,1	18	6878,25	23	3629,20	15	2150,19	4	6878,16	5	3629,8	18	2150,4	22	6878,11	27	3629,24	7	2150,12	26	6878,21	2	3629,13	8	2150,26	4	6878,27	8	3629,7	21	2150
21	27	6878,5	18	3629,21	14	2150,23	21	6878,7	26	3629,24	20	2150,5	0	6878,5	27	3629,26	20	2150,5	18	6878,12	4	3629,20	13	2150,2	24	6878,17	5	3629,18	19	2150,15	20	6878,18	14	3629,5	4	2150
15	25	6878,3	11	3629,20	17	2150,23	11	6878,26	21	3629,0	14	2150,0	17	6878,12	4	3629,24	10	2150,13	17	6878,5	3	3629,1	7	2150,21	6	6878,27	16	3629,9	16	2150,14	11	6878,15	20	3629,27	24	2150
13	27	6878,2	11	3629,25	27	2150,12	3	6878,12	0	3629,20	8	2150,27	3	6878,6	2	3629,27	12	2150,24	15	6878,16	13	3629,3	6	2150,13	24	6878,26	14	3629,24	15	2150,9	7	6878,28	6	3629,24	4	2150
9	25	6878,14	10	3629,16	0	2150,4	0	6878,18	2	3629,27	14	2150,5	15	6878,27	17	3629,28	13	2150,16	15	6878,28	20	3629,12	8	2150,20	24	6878,12	28	3629,13	19	2150,9	24	6878,15	21	3629,2	10	2150
26	14	6878,17	8	3629,0	17	2150,16	7	6878,1	9	3629,21	27	2150,26	15	6878,22	8	3629,27	19	2150,6	5	6878,25	18	3629,15	11	2150,18	0	6878,2	13	3629,11	16	2150,24	3	6878,7	26	3629,3	7	2150
1	16	6878,11	15	3629,11	19	2150,5	2	6878,10	25	3629,21	14	2150,25	27	6878,25	0	3629,6	28	2150,16	2	6878,2	6	3629,3	4	2150,11	3	6878,23	28	3629,1	24	2150,19	14	6878,0	28	3629,9	18	2150
4	11	6878,19	24	3629,3	22	2150,13	27	6878,0	5	3629,6	3	2150,2	19	6878,2	23	3629,6	15	2150,16	9	6878,20	8	3629,14	26	2150,8	10	6878,5	0	3629,23	18	2150,23	4	6878,24	3	3629,6	15	2150
20	7	6878,27	16	3629,9	4	2150,27	0	6878,11	23	3629,25	24	2150,15	3	6878,26	3	3629,25	10	2150,3	19	6878,25	4	3629,20	10	2150,13	22	6878,2	0	3629,3	4	2150,10	19	6878,14	5	3629,25	0	2150
11	21	6878,19	11	3629,26	28	2150,2	16	6878,17	28	3629,6	18	2150,7	5	6878,27	23	3629,18	15	2150,7	0	6878,27	1	3629,5	8	2150,16	5	6878,11	26	3629,26	28	2150,6	24	6878,10	0	3629,27	8	2150
10	0	6878,8	27	3629,13	11	2150,24	23	6878,11	19	3629,20	1	2150,13	3	6878,3	19	3629,22	24	2150,2	27	6878,10	15	3629,18	27	2150,5	24	6878,7	17	3629,12	4	2150,10	4	6878,21	26	3629,5	15	2150
0	17	6878,1	19	3629,8	20	2150,19	11	6878,26	3	3629,23	0	2150,9	28	6878,9	1	3629,27	5	2150,20	9	6878,12	1	3629,1	14	2150,28	13	6878,24	27	3629,20	6	2150,15	3	6878,1	26	3629,23	25	2150
16	5	6878,19	28	3629,13	4	2150,23	2	6878,2	15	3629,25	21	2150,17	8	6878,21	13	3629,16	14	2150,23	17	6878,5	0	3629,19	26	2150,14	23	6878,2	23	3629,14	15	2150,8	6	6878,23	12	3629,20	9	2150
27	20	6878,18	25	3629,2	27	2150,1	15	6878,28	6	3629,17	23	2150,0	13	6878,1	22	3629,21	26	2150,14	12	6878,19	8	3629,28	12	2150,9	0	6878,14	26	3629,23	2	2150,24	18	6878,28	23	3629,12	5	2150
8	13	6878,13	25	3629,20	2	2150,20	13	6878,28	21	3629,13	18	2150,21	11	6878,21	18	3629,8	3	2150,5	4	6878,20	12	3629,24	27	2150,7	24	6878,27	6	3629,9	4	2150,18	3	6878,21	15	3629,11	18	2150
12	28	6878,1	24	3629,18	15	2150,27	4	6878,16	14	3629,19	23	2150,15	18	6878,28	1	3629,17	21	2150,15	6	6878,24	25	3629,4	23	2150,5	18	6878,25	26	3629,24	13	2150,2	13	6878,11	21	3629,3	10	2150
25	10	6878,12	27	3629,16	12	2150,28	22	6878,24	7	3629,9	24	2150,16	25	6878,23	0	3629,10	1	2150,14	25	6878,7	9	3629,18	5	2150,2	21	6878,12	17	3629,3	0	2150,6	3	6878,6	0	3629,28	19	2150
28	12	6878,27	6	3629,6	7	2150,14	0	6878,7	20	3629,16	22	2150,6	4	6878,14	23	3629,27	9	2150,7	11	6878,12	9	3629,22	20	2150,21	7	6878,17	3	3629,1	3	2150,16	5	6878,18	5	3629,26	14	2150
26	21	6878,1	0	3629,23	0	2150,26	16	6878,18	17	3629,26	6	2150,22	17	6878,20	26	3629,4	13	2150,0	22	6878,26	28	3629,26	12	2150,15	19	6878,8	13	3629,27	9	2150,15	12	6878,5	2	3629,2	27	2150
18	23	6878,18	17	3629,18	21	2150,8	18	6878,6	13	3629,2	22	2150,21	4	6878,5	23	3629,15	10	2150,15	24	6878,14	26	3629,23	12	2150,15	1	6878,26	16	3629,26	19	2150,28	19	6878,22	20	3629,14	16	2150
15	1	6878,21	13	3629,20	3	2150,10	8	6878,12	10	3629,8	7	2150,15	10	6878,5	17	3629,11	9	2150,1	7	6878,16	13	3629,2	0	2150,22	26	6878,17	0	3629,17	24	2150,18	4	6878,10	17	3629,6	21	2150
0	13	6878,10	26	3629,13	24	2150,9	25	6878,13	12	3629,3	1	2150,19	16	6878,18	28	3629,13	24	2150,28	8	6878,21	2	3629,10	13	2150,15	3	6878,23	4	3629,13	17	2150,4	3	6878,10	1	3629,21	10	2150
9	10	6878,5	19	3629,11	4	2150,17	24	6878,23	14	3629,20	0	2150,23	27	6878,6	16	3629,11	28	2150,3	20	6878,20	18	3629,7	17	2150,8	4	6878,12	22	3629,22	3	2150,13	0	6878,15	19	3629,21	15	2150
17	1	6878,1	22	3629,7	10	2150,28	24	6878,16	15	3629,6	3	2150,5	26	6878,24	1	3629,21	12	2150,3	4	6878,0	4	3629,5	17	2150,28	0	6878,3	22	3629,9	21	2150,11	12	6878,15	18	3629,4	15	2150
14	5	6878,25	24	3629,28	20	2150,8	23	6878,20	24	3629,2	20	2150,8	10	6878,4	20	3629,0	14	2150,7	15	6878,15	28	3629,6	17	2150,5	24	6878,5	18	3629,4	12	2150,5	7	6878,19	20	3629,2	9	2150
23	21	6878,13	24	3629,4	21	2150,1	24	6878,13	8	3629,2	8	2150,2	0	6878,23	24	3629,19	5	2150,23	27	6878,2	19	3629,25	9	2150,4	18	6878,14	0	3629,11	26	2150,13	19	6878,16	18	3629,0	15	2150
11	22	6878,14	8	3629,15	17	2150,7	22	6878,23	1	3629,8	10	2150,0	5	6878,18	9	3629,3	4	2150,0	10	6878,11	12	3629,24	7	2150,18	3	6878,4	12	3629,11	6	2150,15	28	6878,27	15	3629,17	1	2150
0	6	6878,2	26	3629,27	17	2150,22	18	6878,0	9	3629,0	6	2150,5	21	6878,5	4	3629,21	6	2150,13	26	6878,4	13	3629,5	13	2150,6	12	6878,6	14	3629,13	4	2150,16	14	6878,1	3	3629,20	12	2150
25	1	6878,5	23	3629,26	27	2150,18	16	6878,14	16	3629,23	0	2150,21	4	6878,0	13	3629,14	26	2150,13	2	6878,20	11	3629,9	2	2150,2	20	6878,24	22	3629,9	12	2150,20	6	6878,1	25	3629,23	28	2150
18	4	6878,2	23	3629,0	20	2150,0	9	6878,26	27	3629,7	8	2150,5	14	6878,8	16	3629,4	24	2150,16	3	6878,24	20	3629,18	2	2150,27	8	6878,23	12	3629,6	1	2150,1	28	6878,1	25	3629,20	17	2150
23	16	6878,20	25	3629,22	6	2150,26	22	6878,17	0	3629,14	28	2150,6	2	6878,1	19	3629,20	11	2150,1	4	6878,12	4	3629,12	15	2150,3	12	6878,11	25	3629,26	27	2150,22	24	6878,23	7	3629,11	3	2150
26	20	6878,17	12	3629,27	19	2150,18	14	6878,15	1	3629,0	23	2150,1	2	6878,4	7	3629,24	20	2150,27	21	6878,8	14	3629,22	1	2150,3	18	6878,22	8	3629,19	15	2150,14	3	6878,11	22	3629,28	27	2150
20	10	6878,8	20	3629,3	7	2150,19	6	6878,17	28	3629,21	8	2150,20	16	6878,20	10	3629,20	25	2150,15	26	6878,16	13	3629,27	15	2150,25	8	6878,11	8	3629,28	25	2150,26	25	6878,24	18	3629,6	23	2150
26	22	6878,22	6	3629,2	1	2150,11	21	6878,22	12	3629,11	10	2150,5	14	6878,17	19	3629,1	15	2150,10	9	6878,10	7	3629,14	23	2150,20	13	6878,23	18	3629,28	16	2150,2	15	6878,25	13	3629,7	4	2150
2	26	6878,3	15	3629,3	21	2150,15	13	6878,23	16	3629,28	25	2150,28	24	6878,17	3	3629,22	5	2150,8	18	6878,16	22	3629,28	24	2150,23	13	6878,4	2	3629,6	15	2150,27	2	6878,26	7	3629,6	21	2150
3	24	6878,9	13	3629,14	12	2150,3	6	6878,19	25	3629,26	10	2150,1	19	6878,11	9	3629,23	15	2150,27	22	6878,8	3	3629,1	7	2150,24	23	6878,19	2	3629,11	15	2150,16	15	6878,7	25	3629,12	1	2150
4	8	6878,6	15	3629,2	23	2150,11	20	6878,21	25	3629,12	15	2150,19	12	6878,22	26	3629,5	21	2150,4	22	6878,10	22	3629,15	23	2150,14	2	6878,22	16	3629,13	4	2150,12	9	6878,17	24	3629,8	7	2150
14	19	6878,2	20	3629,12	6	2150,3	25	6878,19	3	3629,26	18	2150,22	25	6878,10	14	3629,16	19	2150,17	24	6878,0	9	3629,9	27	2150,21	20	6878,19	16	3629,5	20	2150,2	0	6878,24	8	3629,11	12	2150
8	25	6878,7	16	3629,27	26	2150,28	10	6878,17	23	3629,28	20	2150,23	8	6878,16	6	3629,9	13	2150,25	13	6878,5	25	3629,17	4	2150,18	26	6878,4	18	3629,14	7	2150,24	0	6878,0	2	3629,10	11	2150
1	27	6878,22	4	3629,4	0	2150,6	16	6878,20	1	3629,1	16	2150,18	5	6878,28	3	3629,12	18	2150,11	3	6878,16	6	3629,22	19	2150,12	5	6878,9	0	3629,26	22	2150,27	22	6878,17	23	3629,23	6	2150
5	0	6878,1	0	3629,1	8	2150,12	0	6878,21	8	3629,19	12	2150,28	8	6878,24	26	3629,4	27	2150,22	13	6878,20	9	3629,18	22	2150,23	15	6878,15	16	3629,6	21	2150,22	19	6878,5	1	3629,6	28	2150
3	10	6878,27	25	3629,13	7	2150,24	23	6878,2	4	3629,25	4	2150,1	16	6878,6	26	3629,17	12	2150,17	9	6878,21	17	3629,24	18	2150,14	12	6878,11	14	3629,27	3	2150,3	4	6878,27	24	3629,20	11	2150
10	19	6878,12	25	3629,3	1	2150,7	1	6878,11	4	3629,28	24	2150,22	26	6878,19	14	3629,13	26	2150,2	12	6878,16	22	3629,25	3	2150,20	14	6878,10	25	3629,5	17	2150,12	1	6878,22	3	3629,6	16	2150
2	28	6878,20	28	3629,0	21	2150,2	13	6878,0	17	3629,28	11	2150,22	0	6878,2	10	3629,23	0	2150,5	22	6878,25	15	3629,21	14	2150,15	21	6878,14	5	3629,16	10	2150,18	20	6878,24	10	3629,11	5	2150
10	7	6878,8	27	3629,9	7	2150,13	16	6878,13	18	3629,22	7	2150,10	25	6878,13	19	3629,19	2	2150,6	15	6878,25	24	3629,24	19	2150,21	28	6878,3	5	3629,8	25	2150,21	22	6878,3	24	3629,16	15	2150
26	12	6878,13	4	3629,16	28	2150,9	7	6878,10	20	3629,16	14	2150,26	17	6878,17	18	3629,12	28	2150,21	1	6878,6	18	3629,19	14	2150,28	7	6878,12	19	3629,16	13	2150,3	23	6878,17	18	3629,22	2	2150
15	1	6878,18	11	3629,24	14	2150,26	1	6878,2	21	3629,4	2	2150,6	16	6878,24	13	3629,5	1	2150,6	21	6878,5	1	3629,14	27	2150,4	6	6878,1	11	3629,14	25	2150,28	8	6878,22	1	3629,0	4	2150
24	4	6878,1	23	3629,21	10	2150,23	14	6878,14	16	3629,25	9	2150,16	23	6878,15	21	3629,6	14	2150,23	20	6878,4	13	3629,21	5	2150,11	20	6878,14	10	3629,25	6	2150,20	23	6878,23	6	3629,8	21	2150
16	0	6878,28	12	3629,13	6	2150,20	18	6878,27	21	3629,13	11	2150,4	20	6878,26	1	3629,0	11	2150,15	23	6878,28	6	3629,12	5	2150,11	19	6878,6	17	3629,11	28	2150,5	27	6878,8	3	3629,15	21	2150
5	24	6878,10	11	3629,26	14	2150,8	20	6878,13	25	3629,23	1	2150,6	17	6878,17	26	3629,15	5	2150,19	21	6878,28	9	3629,11	25	2150,19	24	6878,1	10	3629,7	21	2150,3	0	6878,26	0	3629,22	21	2150
19	7	6878,23	19	3629,27	8	2150,21	28	6878,1	27	3629,15	16	2150,12	14	6878,12	27	3629,10	26	2150,28	2	6878,14	24	3629,24	5	2150,24	18	6878,17	11	3629,23	22	2150,11	22	6878,16	15	3629,0	16	2150
15	13	6878,10	25	3629,14	10	2150,10	16	6878,0	26	3629,6	18	2150,1	6	6878,16	23	3629,10	1	2150,0	3	6878,17	14	3629,4	7	2150,7	21	6878,8	28	3629,21	8	2150,4	22	6878,25	2	3629,13	3	2150
11	27	6878,10	22	3629,20	18	2150,28	24	6878,15	9	3629,18	8	2150,23	11	6878,9	23	3629,17	13	2150,6	15	6878,26	8	3629,11	17	2150,7	26	6878,19	18	3629,19	8	2150,24	6	6878,11	2	3629,24	26	2150
8	6	6878,15	9	3629,11	12	2150,17	26	6878,1	23	3629,25	14	2150,17	0	6878,23	9	3629,9	24	2150,1	18	6878,6	9	3629,19	3	2150,10	12	6878,15	17	3629,15	20	2150,0	20	6878,9	4	3629,2	12	2150
10	25	6878,17	23	3629,1	21	2150,4	9	6878,27	11	3629,26	2	2150,23	10	6878,17	7	3629,12	5	2150,7	24	6878,20	3	3629,17	9	2150,3	27	6878,3	24	3629,27	7	2150,23	21	6878,13	4	3629,15	3	2150
13	25	6878,7	26	3629,12	4	2150,12	17	6878,2	17	3629,12	18	2150,26	17	6878,9	27	3629,5	26	2150,15	9	6878,26	18	3629,25	23	2150,0	3	6878,25	21	3629,4	21	2150,18	5	6878,17	21	3629,10	5	2150
9	28	6878,23	24	3629,25	6	2150,11	8	6878,0	22	3629,10	24	2150,6	19	6878,9	23	3629,13	24	2150,15	11	6878,28	9	3629,4	28	2150,15	0	6878,22	25	3629,21	4	2150,22	4	6878,26	10	3629,18	15	2150
1	10	6878,20	10	3629,11	10	2150,13	26	6878,5	24	3629,13	14	2150,2	8	6878,11	24	3629,18	1	2150,28	9	6878,15	3	3629,22	10	2150,6	14	6878,28	16	3629,19	5	2150,26	25	6878,3	22	3629,15	14	2150
20	22	6878,24	5	3629,18	8	2150,5	19	6878,18	11	3629,13	9	2150,20	26	6878,24	27	3629,16	25	2150,9	19	6878,7	2	3629,16	4	2150,18	20	6878,23	4	3629,2	28	2150,4	27	6878,12	1	3629,10	3	2150
6	2	6878,26	22	3629,6	12	2150,1	17	6878,13	20	3629,12	23	2150,22	26	6878,22	24	3629,17	28	2150,16	20	6878,26	7	3629,12	2	2150,16	13	6878,11	20	3629,19	2	2150,26	0	6878,25	5	3629,5	2	2150
5	0	6878,22	23	3629,16	4	2150,27	25	6878,11	4	3629,6	25	2150,16	18	6878,17	12	3629,12	17	2150,2	9	6878,5	27	3629,17	16	2150,22	28	6878,23	0	3629,8	21	2150,12	22	6878,17	23	3629,17	26	2150
7	8	6878,2	15	3629,20	16	2150,4	27	6878,2	25	3629,3	5	2150,6	22	6878,16	6	3629,20	0	2150,20	26	6878,10	13	3629,0	27	2150,28	15	6878,24	20	3629,20	22	2150,25	11	6878,20	23	3629,23	7	2150
6	0	6878,22	16	3629,22	20	2150,0	21	6878,27	25	3629,21	28	2150,12	20	6878,4	27	3629,18	5	2150,10	0	6878,20	24	3629,6	3	2150,6	2	6878,20	10	3629,18	19	2150,20	15	6878,0	3	3629,15	4	2150
3	28	6878,21	10	3629,11	19	2150,9	27	6878,9	4	3629,7	0	2150,0	18	6878,14	21	3629,15	21	2150,21	6	6878,15	28	3629,25	5	2150,26	15	6878,23	8	3629,13	20	2150,12	0	6878,9	1	3629,6	26	2150
3	21	6878,19	16	3629,22	16	2150,7	0	6878,21	1	3629,15	16	2150,15	12	6878,5	15	3629,3	9	2150,1	15	6878,2	21	3629,26	20	2150,2	24	6878,21	25	3629,10	21	2150,0	27	6878,20	24	3629,9	13	2150
8	12	6878,15	28	3629,9	8	2150,21	13	6878,8	3	3629,22	18	2150,25	10	6878,2	0	3629,22	0	2150,7	20	6878,6	8	3629,25	8	2150,16	20	6878,22	23	3629,18	9	2150,6	10	6878,21	10	3629,13	24	2150
14	6	6878,23	10	3629,3	17	2150,7	13	6878,2	23	3629,13	6	2150,12	16	6878,2	19	3629,19	3	2150,27	8	6878,18	22	3629,12	6	2150,26	6	6878,4	28	3629,5	13	2150,14	1	6878,0	23	3629,21	24	2150
23	8	6878,27	20	3629,24	9	2150,28	13	6878,10	1	3629,2	26	2150,14	1	6878,26	1	3629,25	16	2150,25	24	6878,28	0	3629,22	11	2150,15	24	6878,8	21	3629,23	13	2150,14	4	6878,12	1	3629,5	25	2150
6	12	6878,27	26	3629,18	0	2150,2	28	6878,11	10	3629,26	2	2150,17	26	6878,11	8	3629,19	13	2150,4	13	6878,9	12	3629,9	8	2150,15	20	6878,1	2	3629,2	9	2150,6	24	6878,20	0	3629,2	4	2150
0	17	6878,4	0	3629,25	15	2150,25	0	6878,11	1	3629,5	2	2150,12	6	6878,27	20	3629,20	27	2150,12	9	6878,20	3	3629,6	16	2150,0	16	6878,20	15	3629,22	3	2150,4	11	6878,2	15	3629,4	15	2150
0	21	6878,7	1	3629,23	1	2150,1	21	6878,1	22	3629,19	3	2150,21	18	6878,11	10	3629,9	1	2150,14	21	6878,7	25	3629,24	4	2150,11	6	6878,13	22	3629,23	28	2150,22	13	6878,14	8	3629,26	25	2150
5	4	6878,5	19	3629,23	2	2150,25	11	6878,2	16	3629,23	15	2150,10	5	6878,6	17	3629,25	27	2150,12	5	6878,25	5	3629,23	11	2150,13	5	6878,10	15	3629,4	12	2150,20	9	6878,8	14	3629,24	7	2150
2	8	6878,15	9	3629,11	20	2150,26	5	6878,26	8	3629,13	0	2150,9	5	6878,18	12	3629,3	13	2150,12	23	6878,16	18	3629,11	7	2150,5	3	6878,28	0	3629,0	7	2150,10	28	6878,8	27	3629,24	26	2150
1	26	6878,9	13	3629,25	11	2150,24	22	6878,15	21	3629,17	0	2150,8	28	6878,2	1	3629,19	1	2150,12	19	6878,12	24	3629,9	16	2150,11	9	6878,28	22	3629,26	25	2150,13	28	6878,28	26	3629,15	19	2150
10	27	6878,28	14	3629,25	7	2150,15	22	6878,0	9	3629,4	8	2150,11	19	6878,0	18	3629,19	16	2150,25	28	6878,6	19	3629,4	3	2150,15	21	6878,12	1	3629,17	16	2150,6	18	6878,10	13	3629,23	16	2150
28	5	6878,7	10	3629,23	14	2150,15	23	6878,26	21	3629,28	20	2150,22	23	6878,9	23	3629,28	12	2150,28	21	6878,5	15	3629,25	5	2150,19	12	6878,27	12	3629,7	1	2150,13	28	6878,1	26	3629,10	17	2150
10	0	6878,7	6	3629,18	17	2150,0	2	6878,0	23	3629,2	5	2150,9	19	6878,4	23	3629,12	6	2150,16	6	6878,17	5	3629,18	2	2150,5	11	6878,16	5	3629,19	12	2150,3	16	6878,23	13	3629,1	28	2150
8	28	6878,10	19	3629,15	19	2150,19	7	6878,1	14	3629,9	24	2150,6	20	6878,1	6	3629,21	13	2150,16	3	6878,4	11	3629,21	11	2150,4	9	6878,13	9	3629,9	6	2150,28	0	6878,27	4	3629,5	15	2150
22	21	6878,16	15	3629,15	24	2150,22	0	6878,25	11	3629,15	14	2150,14	2	6878,17	26	3629,5	19	2150,10	15	6878,19	6	3629,5	1	2150,3	4	6878,26	3	3629,27	0	2150,4	18	6878,10	21	3629,21	17	2150
7	14	6878,20	2	3629,14	9	2150,24	1	6878,25	23	3629,21	15	2150,17	19	6878,20	22	3629,0	5	2150,6	21	6878,23	11	3629,27	20	2150,10	8	6878,9	15	3629,3	13	2150,1	14	6878,23	3	3629,5	20	2150
12	9	6878,24	22	3629,8	11	2150,14	8	6878,25	8	3629,24	5	2150,26	8	6878,15	3	3629,19	22	2150,25	24	6878,0	13	3629,19	12	2150,7	21	6878,11	19	3629,8	28	2150,3	18	6878,0	17	3629,9	20	2150
8	16	6878,10	5	3629,1	17	2150,4	25	6878,25	6	3629,22	1	2150,14	21	6878,17	16	3629,9	26	2150,27	13	6878,14	0	3629,6	12	2150,24	19	6878,17	13	3629,6	26	2150,12	20	6878,26	21	3629,16	11	2150
25	8	6878,9	8	3629,6	21	2150,5	13	6878,5	15	3629,6	23	2150,26	7	6878,20	7	3629,17	18	2150,3	8	6878,19	22	3629,2	21	2150,0	8	6878,2	6	3629,28	16	2150,3	18	6878,6	19	3629,10	23	2150
16	6	6878,5	28	3629,14	20	2150,20	5	6878,6	2	3629,22	13	2150,3	20	6878,2	6	3629,18	26	2150,7	20	6878,5	21	3629,19	18	2150,4	7	6878,25	0	3629,10	24	2150,9	6	6878,7	27	3629,27	18	2150
21	8	6878,21	24	3629,23	28	2150,23	5	6878,13	14	3629,7	5	2150,9	6	6878,2	25	3629,6	7	2150,21	15	6878,20	15	3629,23	5	2150,10	9	6878,24	19	3629,17	3	2150,15	11	6878,11	17	3629,26	12	2150
6	1	6878,17	11	3629,20	26	2150,19	27	6878,17	24	3629,27	22	2150,18	9	6878,19	10	3629,19	25	2150,1	7	6878,4	15	3629,3	27	2150,6	0	6878,26	0	3629,3	28	2150,17	24	6878,17	0	3629,10	1	2150
8	16	6878,22	28	3629,28	19	2150,5	0	6878,14	3	3629,16	1	2150,7	2	6878,28	13	3629,7	9	2150,17	5	6878,11	13	3629,23	0	2150,9	17	6878,17	22	3629,25	22	2150,4	26	6878,28	20	3629,12	11	2150
12	20	6878,19	7	3629,9	26	2150,26	18	6878,5	25	3629,4	19	2150,16	4	6878,24	4	3629,25	13	2150,0	23	6878,16	21	3629,23	4	2150,23	16	6878,18	11	3629,20	2	2150,26	10	6878,0	14	3629,0	1	2150
5	19	6878,14	6	3629,23	15	2150,4	19	6878,18	5	3629,1	9	2150,24	27	6878,6	24	3629,21	19	2150,15	4	6878,14	18	3629,23	8	2150,24	1	6878,13	9	3629,19	5	2150,28	20	6878,5	0	3629,10	11	2150
9	25	6878,10	18	3629,21	10	2150,22	4	6878,14	6	3629,15	9	2150,13	24	6878,13	7	3629,15	11	2150,1	6	6878,14	17	3629,24	2	2150,20	5	6878,13	20	3629,10	4	2150,18	20	6878,11	1	3629,14	16	2150
9	5	6878,13	22	3629,14	0	2150,2	26	6878,1	13	3629,7	17	2150,0	2	6878,11	5	3629,2	15	2150,27	10	6878,18	9	3629,10	16	2150,12	3	6878,10	14	3629,10	24	2150,6	26	6878,22	12	3629,14	9	2150
27	26	6878,23	26	3629,26	13	2150,0	2	6878,6	9	3629,19	3	2150,3	24	6878,18	4	3629,22	14	2150,14	5	6878,3	26	3629,6	1	2150,13	28	6878,11	5	3629,16	27	2150,27	1	6878,13	11	3629,4	17	2150
5	6	6878,18	26	3629,20	26	2150,22	27	6878,13	14	3629,10	0	2150,27	26	6878,19	25	3629,17	1	2150,14	26	6878,11	2	3629,6	28	2150,8	15	6878,28	15	3629,23	21	2150,25	5	6878,17	27	3629,1	8	2150
21	16	6878,5	2	3629,24	11	2150,11	28	6878,11	2	3629,2	10	2150,11	7	6878,28	18	3629,27	10	2150,18	3	6878,17	5	3629,23	3	2150,4	0	6878,24	25	3629,3	5	2150,15	11	6878,6	9	3629,2	10	2150
1	8	6878,12	9	3629,4	27	2150,25	28	6878,28	18	3629,12	15	2150,28	13	6878,5	18	3629,11	23	2150,25	9	6878,20	28	3629,0	17	2150,7	1	6878,3	12	3629,20	5	2150,7	23	6878,12	28	3629,1	2	2150
7	14	6878,24	11	3629,3	21	2150,7	5	6878,6	17	3629,28	3	2150,17	10	6878,22	20	3629,0	17	2150,11	0	6878,18	27	3629,25	3	2150,8	25	6878,4	10	3629,8	6	2150,6	14	6878,12	17	3629,26	11	2150
18	12	6878,23	25	3629,13	5	2150,16	17	6878,9	16	3629,12	9	2150,10	9	6878,15	4	3629,14	13	2150,25	17	6878,24	2	3629,14	19	2150,26	6	6878,11	19	3629,8	25	2150,24	7	6878,10	13	3629,16	5	2150
1	0	6878,9	3	3629,0	6	2150,26	8	6878,27	3	3629,11	7	2150,5	23	6878,2	15	3629,0	20	2150,22	23	6878,26	28	3629,7	21	2150,16	5	6878,1	24	3629,4	21	2150,19	13	6878,2	13	3629,26	10	2150
22	13	6878,21	23	3629,25	23	2150,24	2	6878,2	13	3629,19	6	2150,18	16	6878,28	2	3629,3	25	2150,5	2	6878,20	19	3629,7	18	2150,28	14	6878,6	15	3629,13	20	2150,10	12	6878,11	12	3629,7	4	2150
8	22	6878,26	20	3629,0	23	2150,7	15	6878,23	3	3629,25	6	2150,5	12	6878,26	9	3629,1	22	2150,11	16	6878,28	5	3629,6	16	2150,28	15	6878,21	13	3629,11	18	2150,10	4	6878,26	3	3629,6	24	2150
14	15	6878,12	27	3629,1	24	2150,19	16	6878,2	26	3629,21	6	2150,17	23	6878,17	13	3629,13	28	2150,22	20	6878,13	3	3629,26	12	2150,27	19	6878,9	3	3629,23	20	2150,22	3	6878,3	12	3629,24	1	2150
24	12	6878,7	26	3629,25	20	2150,8	1	6878,5	3	3629,16	4	2150,10	19	6878,21	14	3629,10	16	2150,10	4	6878,25	2	3629,0	18	2150,23	2	6878,22	1	3629,11	7	2150,9	17	6878,1	16	3629,6	28	2150
8	3	6878,14	2	3629,15	22	2150,21	12	6878,1	7	3629,22	26	2150,20	8	6878,6	10	3629,2	16	2150,11	12	6878,7	2	3629,15	6	2150,23	14	6878,23	26	3629,5	9	2150,0	20	6878,0	5	3629,11	4	2150
18	2	6878,16	2	3629,21	25	2150,10	28	6878,0	27	3629,9	11	2150,13	15	6878,23	7	3629,7	3	2150,0	15	6878,21	27	3629,16	24	2150,5	24	6878,3	15	3629,28	20	2150,4	11	6878,0	9	3629,5	16	2150
7	10	6878,3	6	3629,21	19	2150,20	1	6878,2	27	3629,24	23	2150,20	26	6878,4	23	3629,20	7	2150,3	19	6878,15	6	3629,6	8	2150,27	2	6878,17	21	3629,4	14	2150,8	7	6878,22	8	3629,1	12	2150
3	5	6878,18	1	3629,20	7	2150,21	10	6878,17	0	3629,17	6	2150,0	21	6878,24	20	3629,9	25	2150,15	3	6878,21	13	3629,26	3	2150,17	23	6878,21	8	3629,15	0	2150,8	3	6878,16	21	3629,6	23	2150
17	27	6878,27	21	3629,11	19	2150,16	14	6878,7	21	3629,4	1	2150,7	20	6878,27	19	3629,18	21	2150,21	15	6878,9	14	3629,24	6	2150,12	7	6878,21	25	3629,11	3	2150,9	11	6878,5	20	3629,2	24	2150
2	21	6878,3	28	3629,19	9	2150,13	8	6878,23	19	3629,0	3	2150,14	27	6878,17	18	3629,20	21	2150,24	23	6878,16	6	3629,3	24	2150,15	23	6878,12	10	3629,9	24	2150,2	19	6878,27	3	3629,27	12	2150
5	7	6878,15	17	3629,3	16	2150,8	1	6878,2	7	3629,14	20	2150,28	25	6878,12	2	3629,6	13	2150,16	3	6878,6	1	3629,17	5	2150,1	16	6878,20	5	3629,27	1	2150,22	25	6878,12	4	3629,13	14	2150
20	15	6878,22	4	3629,25	17	2150,13	22	6878,9	14	3629,14	22	2150,3	24	6878,24	8	3629,0	1	2150,7	20	6878,26	11	3629,2	20	2150,21	4	6878,27	20	3629,27	16	2150,26	9	6878,3	26	3629,14	25	2150
1	23	6878,26	28	3629,2	20	2150,16	23	6878,7	22	3629,26	3	2150,14	13	6878,27	7	3629,3	26	2150,23	14	6878,7	20	3629,18	16	2150,3	18	6878,15	9	3629,21	2	2150,25	6	6878,4	21	3629,3	20	2150
25	15	6878,10	2	3629,19	20	2150,18	17	6878,16	11	3629,25	16	2150,24	20	6878,13	24	3629,19	22	2150,21	17	6878,7	1	3629,22	21	2150,2	9	6878,14	26	3629,10	13	2150,22	17	6878,26	3	3629,27	25	2150
4	27	6878,9	28	3629,11	24	2150,7	2	6878,4	25	3629,11	25	2150,14	27	6878,9	18	3629,15	8	2150,27	12	6878,13	23	3629,15	0	2150,10	2	6878,0	1	3629,16	11	2150,22	12	6878,15	25	3629,8	28	2150
14	9	6878,23	21	3629,22	11	2150,27	1	6878,5	28	3629,10	20	2150,8	2	6878,19	21	3629,10	21	2150,21	23	6878,8	0	3629,26	22	2150,27	12	6878,14	26	3629,11	4	2150,27	20	6878,14	24	3629,20	23	2150
7	20	6878,11	16	3629,10	23	2150,4	18	6878,19	12	3629,24	7	2150,24	25	6878,25	12	3629,28	8	2150,25	22	6878,17	27	3629,6	21	2150,0	5	6878,7	1	3629,10	26	2150,10	23	6878,18	9	3629,22	0	2150
20	7	6878,7	12	3629,5	6	2150,16	10	6878,10	15	3629,27	28	2150,6	2	6878,8	25	3629,9	23	2150,10	24	6878,8	11	3629,14	17	2150,13	17	6878,17	3	3629,26	17	2150,4	14	6878,21	6	3629,13	6	2150
17	13	6878,12	8	3629,10	26	2150,27	13	6878,2	10	3629,5	17	2150,17	21	6878,8	10	3629,12	10	2150,23	8	6878,18	20	3629,16	23	2150,15	24	6878,6	27	3629,24	7	2150,17	2	6878,13	19	3629,25	27	2150
3	12	6878,22	10	3629,2	12	2150,27	11	6878,17	26	3629,23	3	2150,2	12	6878,18	25	3629,8	12	2150,28	9	6878,21	8	3629,3	7	2150,27	13	6878,17	15	3629,21	26	2150,24	7	6878,6	9	3629,11	10	2150
10	8	6878,15	14	3629,15	28	2150,8	7	6878,10	9	3629,1	12	2150,9	28	6878,10	13	3629,4	5	2150,25	17	6878,21	2	3629,9	21	2150,4	27	6878,13	11	3629,19	5	2150,3	2	6878,9	20	3629,24	17	2150
6	11	6878,18	1	3629,19	5	2150,8	10	6878,14	25	3629,13	1	2150,11	1	6878,6	4	3629,16	27	2150,11	23	6878,10	0	3629,13	15	2150,26	17	6878,13	7	3629,20	14	2150,14	5	6878,3	2	3629,8	17	2150
10	24	6878,23	25	3629,5	21	2150,27	1	6878,19	20	3629,11	1	2150,17	24	6878,10	4	3629,10	7	2150,23	20	6878,25	9	3629,14	25	2150,25	2	6878,23	5	3629,23	8	2150,3	24	6878,11	26	3629,16	18	2150
9	17	6878,28	0	3629,23	10	2150,25	10	6878,1	19	3629,23	16	2150,23	15	6878,13	9	3629,27	18	2150,19	25	6878,2	7	3629,9	18	2150,0	12	6878,1	8	3629,13	9	2150,10	22	6878,21	27	3629,2	12	2150
10	1	6878,0	2	3629,4	24	2150,10	28	6878,28	5	3629,7	2	2150,4	11	6878,22	13	3629,1	11	2150,7	14	6878,26	14	3629,5	26	2150,14	9	6878,25	17	3629,10	12	2150,1	25	6878,20	18	3629,1	16	2150
19	23	6878,27	21	3629,4	18	2150,11	20	6878,1	18	3629,21	17	2150,17	15	6878,14	4	3629,15	14	2150,28	8	6878,14	18	3629,8	0	2150,7	6	6878,24	28	3629,1	4	2150,1	9	6878,10	6	3629,8	14	2150
6	8	6878,14	11	3629,1	14	2150,15	18	6878,14	20	3629,15	0	2150,19	11	6878,17	18	3629,6	16	2150,16	11	6878,16	11	3629,15	9	2150,24	5	6878,17	19	3629,10	13	2150,0	3	6878,4	1	3629,18	3	2150
25	18	6878,24	21	3629,8	13	2150,6	2	6878,23	12	3629,28	6	2150,9	5	6878,18	8	3629,7	20	2150,19	15	6878,23	4	3629,9	28	2150,11	4	6878,21	10	3629,5	25	2150,19	26	6878,17	25	3629,4	0	2150
17	23	6878,9	16	3629,10	27	2150,10	24	6878,10	25	3629,5	12	2150,13	8	6878,18	8	3629,16	20	2150,4	7	6878,2	7	3629,17	4	2150,21	28	6878,18	0	3629,14	24	2150,20	5	6878,26	23	3629,26	19	2150
4	24	6878,21	2	3629,5	21	2150,26	28	6878,3	27	3629,6	28	2150,15	26	6878,23	22	3629,13	27	2150,8	27	6878,23	3	3629,15	12	2150,10	12	6878,7	15	3629,5	9	2150,27	8	6878,7	27	3629,0	15	2150
0	26	6878,0	14	3629,8	20	2150,13	18	6878,15	5	3629,19	18	2150,7	4	6878,4	3	3629,9	6	2150,0	26	6878,7	6	3629,6	16	2150,1	15	6878,8	5	3629,28	24	2150,23	11	6878,19	5	3629,1	9	2150
12	27	6878,0	13	3629,3	28	2150,22	24	6878,6	14	3629,28	1	2150,14	18	6878,21	10	3629,26	25	2150,5	17	6878,28	20	3629,4	10	2150,5	28	6878,20	14	3629,8	0	2150,9	13	6878,11	22	3629,25	15	2150
7	27	6878,13	27	3629,28	9	2150,2	3	6878,24	21	3629,18	2	2150,27	17	6878,9	23	3629,25	6	2150,6	10	6878,4	2	3629,13	12	2150,17	26	6878,0	13	3629,13	23	2150,28	0	6878,15	5	3629,28	13	2150
7	21	6878,16	10	3629,26	11	2150,23	7	6878,22	14	3629,15	10	2150,5	19	6878,5	21	3629,28	8	2150,22	14	6878,28	5	3629,14	19	2150,1	27	6878,23	15	3629,25	21	2150,9	3	6878,25	8	3629,17	16	2150
21	4	6878,18	20	3629,8	6	2150,19	15	6878,10	19	3629,16	21	2150,21	28	6878,25	27	3629,5	21	2150,2	27	6878,25	10	3629,24	18	2150,12	14	6878,15	21	3629,17	28	2150,15	28	6878,18	8	3629,9	1	2150
14	5	6878,28	11	3629,13	11	2150,25	18	6878,15	5	3629,19	5	2150,13	14	6878,3	26	3629,10	25	2150,0	28	6878,27	19	3629,4	20	2150,1	28	6878,3	6	3629,9	14	2150,22	9	6878,7	10	3629,0	11	2150
2	5	6878,26	24	3629,11	6	2150,15	16	6878,5	26	3629,13	26	2150,6	5	6878,22	14	3629,20	12	2150,20	13	6878,18	1	3629,22	15	2150,21	11	6878,20	4	3629,27	22	2150,7	6	6878,23	0	3629,19	26	2150
12	20	6878,19	18	3629,6	13	2150,13	28	6878,8	24	3629,18	23	2150,15	19	6878,19	8	3629,10	6	2150,17	25	6878,15	10	3629,21	8	2150,9	16	6878,23	3	3629,4	16	2150,21	18	6878,21	24	3629,9	17	2150
5	7	6878,11	9	3629,15	22	2150,15	7	6878,24	20	3629,25	7	2150,6	16	6878,2	21	3629,17	1	2150,23	15	6878,23	25	3629,16	24	2150,14	9	6878,11	12	3629,9	14	2150,6	13	6878,19	2	3629,4	9	2150
5	11	6878,22	3	3629,4	24	2150,27	18	6878,17	11	3629,16	12	2150,14	9	6878,18	1	3629,0	25	2150,9	0	6878,6	15	3629,15	2	2150,16	27	6878,5	27	3629,3	20	2150,24	26	6878,8	5	3629,16	25	2150
6	7	6878,3	7	3629,1	2	2150,6	21	6878,19	4	3629,19	1	2150,7	9	6878,10	21	3629,10	2	2150,1	21	6878,16	19	3629,11	5	2150,2	16	6878,20	21	3629,0	17	2150,6	13	6878,20	2	3629,3	22	2150
12	0	6878,28	10	3629,23	14	2150,10	5	6878,8	1	3629,25	18	2150,20	4	6878,21	0	3629,3	1	2150,24	23	6878,16	14	3629,20	25	2150,11	21	6878,6	11	3629,9	10	2150,11	15	6878,3	1	3629,26	5	2150
14	16	6878,12	27	3629,11	0	2150,25	2	6878,4	21	3629,9	0	2150,21	24	6878,6	26	3629,16	13	2150,25	24	6878,17	27	3629,4	8	2150,19	15	6878,10	5	3629,11	25	2150,9	4	6878,28	27	3629,25	17	2150
28	6	6878,27	14	3629,28	7	2150,9	11	6878,11	27	3629,25	4	2150,11	23	6878,2	14	3629,10	5	2150,19	0	6878,1	4	3629,22	0	2150,24	21	6878,1	25	3629,6	21	2150,27	17	6878,10	24	3629,28	22	2150
12	14	6878,25	8	3629,9	13	2150,0	25	6878,16	18	3629,25	10	2150,5	18	6878,12	2	3629,4	12	2150,18	11	6878,18	21	3629,3	16	2150,13	11	6878,22	18	3629,7	13	2150,28	18	6878,24	28	3629,1	16	2150
11	1	6878,10	27	3629,22	1	2150,2	23	6878,1	14	3629,28	25	2150,11	17	6878,17	0	3629,22	27	2150,26	16	6878,10	21	3629,28	21	2150,0	28	6878,6	20	3629,16	17	2150,15	27	6878,26	21	3629,7	20	2150
23	1	6878,25	5	3629,8	3	2150,20	22	6878,27	23	3629,23	20	2150,3	20	6878,25	13	3629,6	5	2150,1	21	6878,24	14	3629,9	4	2150,19	21	6878,28	15	3629,24	2	2150,2	3	6878,0	14	3629,15	24	2150
27	15	6878,25	11	3629,9	2	2150,18	20	6878,23	24	3629,5	16	2150,11	27	6878,6	27	3629,8	19	2150,15	4	6878,15	19	3629,26	13	2150,7	19	6878,5	16	3629,21	17	2150,4	7	6878,27	9	3629,4	0	2150
23	9	6878,0	22	3629,10	21	2150,2	18	6878,14	23	3629,28	22	2150,4	7	6878,3	25	3629,18	5	2150,23	3	6878,2	28	3629,6	9	2150,1	6	6878,8	18	3629,4	13	2150,2	5	6878,17	5	3629,17	21	2150
12	10	6878,21	16	3629,1	25	2150,1	5	6878,3	4	3629,26	2	2150,28	21	6878,1	5	3629,6	24	2150,12	20	6878,18	2	3629,15	20	2150,25	18	6878,15	5	3629,21	4	2150,22	2	6878,5	27	3629,14	3	2150
13	7	6878,7	16	3629,23	8	2150,9	22	6878,10	2	3629,5	0	2150,4	5	6878,10	15	3629,1	24	2150,24	1	6878,23	27	3629,3	9	2150,28	18	6878,0	15	3629,3	28	2150,27	19	6878,20	6	3629,23	13	2150
11	12	6878,1	4	3629,23	10	2150,5	28	6878,16	12	3629,6	16	2150,14	12	6878,10	20	3629,21	10	2150,11	28	6878,22	11	3629,22	5	2150,26	17	6878,1	3	3629,7	25	2150,0	22	6878,13	2	3629,26	18	2150
8	28	6878,3	5	3629,0	23	2150,5	16	6878,13	19	3629,28	12	2150,18	22	6878,11	19	3629,0	18	2150,28	19	6878,21	7	3629,9	24	2150,1	22	6878,9	7	3629,15	25	2150,12	10	6878,1	7	3629,19	17	2150
25	27	6878,26	18	3629,13	20	2150,24	9	6878,12	25	3629,6	9	2150,0	4	6878,3	1	3629,6	4	2150,15	13	6878,11	19	3629,10	21	2150,26	24	6878,7	22	3629,10	3	2150,28	18	6878,17	25	3629,9	6	2150
9	25	6878,17	25	3629,12	27	2150,7	24	6878,24	2	3629,28	5	2150,16	18	6878,27	24	3629,9	8	2150,20	10	6878,21	3	3629,17	1	2150,14	22	6878,17	0	3629,20	22	2150,2	19	6878,6	20	3629,27	11	2150
2	22	6878,28	19	3629,1	24	2150,11	27	6878,25	18	3629,25	20	2150,15	4	6878,15	18	3629,8	15	2150,26	16	6878,4	3	3629,26	22	2150,16	20	6878,5	12	3629,3	11	2150,23	12	6878,1	18	3629,24	21	2150
6	21	6878,26	10	3629,16	25	2150,18	1	6878,22	16	3629,12	16	2150,9	24	6878,18	24	3629,4	10	2150,28	24	6878,11	4	3629,2	17	2150,17	7	6878,3	24	3629,14	18	2150,6	8	6878,19	24	3629,1	3	2150
13	28	6878,24	11	3629,1	4	2150,17	18	6878,17	14	3629,20	2	2150,10	27	6878,0	7	3629,26	16	2150,5	8	6878,19	0	3629,2	13	2150,26	24	6878,16	17	3629,25	11	2150,4	11	6878,18	10	3629,6	19	2150
1	21	6878,5	18	3629,0	25	2150,27	6	6878,1	24	3629,8	1	2150,7	5	6878,15	2	3629,26	6	2150,21	18	6878,5	4	3629,22	13	2150,6	16	6878,22	17	3629,14	8	2150,15	3	6878,26	5	3629,4	8	2150
8	24	6878,28	9	3629,5	3	2150,26	13	6878,18	25	3629,14	12	2150,23	6	6878,9	28	3629,11	23	2150,28	7	6878,20	9	3629,23	26	2150,28	8	6878,24	18	3629,25	13	2150,15	0	6878,11	13	3629,4	7	2150
0	3	6878,24	6	3629,9	28	2150,12	11	6878,25	6	3629,25	6	2150,23	17	6878,3	21	3629,23	27	2150,17	14	6878,5	20	3629,19	16	2150,12	8	6878,9	2	3629,16	19	2150,6	23	6878,21	22	3629,15	21	2150
27	19	6878,13	15	3629,4	24	2150,24	15	6878,21	9	3629,4	18	2150,5	16	6878,25	26	3629,12	7	2150,3	28	6878,22	25	3629,6	23	2150,9	11	6878,16	5	3629,26	15	2150,5	16	6878,15	22	3629,2	11	2150
0	27	6878,12	5	3629,11	9	2150,28	5	6878,9	17	3629,0	22	2150,16	22	6878,6	13	3629,1	2	2150,26	2	6878,28	5	3629,10	19	2150,20	8	6878,14	19	3629,18	27	2150,21	5	6878,3	5	3629,3	9	2150
9	1	6878,6	25	3629,4	18	2150,10	17	6878,5	12	3629,2	1	2150,14	5	6878,25	12	3629,14	23	2150,8	10	6878,14	17	3629,10	14	2150,11	20	6878,12	4	3629,13	21	2150,1	23	6878,20	5	3629,6	12	2150
7	12	6878,18	7	3629,4	9	2150,2	10	6878,26	4	3629,6	9	2150,6	25	6878,8	26	3629,23	3	2150,20	15	6878,23	27	3629,23	4	2150,10	11	6878,7	26	3629,13	1	2150,5	10	6878,3	15	3629,3	21	2150
9	14	6878,5	0	3629,15	20	2150,11	18	6878,10	14	3629,15	12	2150,5	2	6878,0	20	3629,9	22	2150,9	23	6878,27	0	3629,5	27	2150,9	14	6878,27	21	3629,27	20	2150,20	18	6878,5	19	3629,21	25	2150
20	13	6878,11	8	3629,1	17	2150,0	20	6878,17	20	3629,10	8	2150,25	22	6878,9	4	3629,13	7	2150,13	9	6878,2	5	3629,5	7	2150,16	12	6878,24	16	3629,19	8	2150,10	20	6878,13	2	3629,7	18	2150
10	17	6878,11	20	3629,15	22	2150,6	25	6878,14	27	3629,28	22	2150,14	5	6878,9	0	3629,28	3	2150,10	21	6878,14	23	3629,24	8	2150,25	22	6878,6	28	3629,10	27	2150,22	19	6878,19	2	3629,4	7	2150
16	11	6878,27	20	3629,27	26	2150,15	16	6878,0	24	3629,13	5	2150,10	13	6878,25	16	3629,7	1	2150,24	14	6878,28	26	3629,11	13	2150,26	3	6878,15	3	3629,17	25	2150,0	10	6878,0	23	3629,10	20	2150
7	25	6878,24	19	3629,0	16	2150,2	27	6878,23	22	3629,26	20	2150,0	8	6878,11	10	3629,24	18	2150,21	19	6878,14	18	3629,20	22	2150,4	15	6878,16	21	3629,3	6	2150,17	24	6878,9	7	3629,19	20	2150
25	22	6878,19	14	3629,6	27	2150,20	17	6878,16	21	3629,5	12	2150,19	13	6878,27	3	3629,6	18	2150,8	4	6878,27	20	3629,19	26	2150,19	26	6878,20	27	3629,24	13	2150,21	28	6878,13	21	3629,5	3	2150
28	7	6878,18	11	3629,9	10	2150,13	27	6878,19	15	3629,7	28	2150,10	0	6878,26	8	3629,26	15	2150,9	15	6878,19	15	3629,15	13	2150,14	6	6878,10	11	3629,20	12	2150,0	7	6878,13	18	3629,15	21	2150
10	2	6878,18	9	3629,17	8	2150,9	25	6878,17	2	3629,11	26	2150,10	2	6878,18	4	3629,7	25	2150,15	21	6878,5	15	3629,5	26	2150,23	17	6878,22	17	3629,27	8	2150,11	4	6878,21	26	3629,19	5	2150
14	7	6878,13	19	3629,14	25	2150,21	10	6878,2	0	3629,7	1	2150,19	14	6878,5	10	3629,11	22	2150,0	7	6878,22	18	3629,12	6	2150,16	7	6878,16	10	3629,14	18	2150,3	24	6878,11	4	3629,21	23	2150
0	13	6878,27	14	3629,24	20	2150,19	28	6878,22	26	3629,17	8	2150,1	4	6878,6	25	3629,16	22	2150,8	6	6878,19	26	3629,7	1	2150,22	27	6878,22	4	3629,7	20	2150,19	1	6878,23	27	3629,11	5	2150
19	5	6878,21	17	3629,26	10	2150,4	21	6878,14	25	3629,2	15	2150,28	9	6878,14	27	3629,8	18	2150,21	28	6878,28	23	3629,7	19	2150,4	28	6878,16	4	3629,26	20	2150,12	9	6878,16	1	3629,28	15	2150
3	6	6878,4	22	3629,11	3	2150,2	14	6878,10	15	3629,25	5	2150,12	16	6878,7	20	3629,18	9	2150,10	22	6878,20	1	3629,5	23	2150,2	16	6878,23	9	3629,23	8	2150,23	13	6878,6	1	3629,13	26	2150
3	8	6878,24	20	3629,10	23	2150,27	7	6878,24	12	3629,11	15	2150,19	9	6878,10	19	3629,21	18	2150,28	0	6878,9	4	3629,9	19	2150,19	6	6878,24	13	3629,10	26	2150,20	27	6878,22	26	3629,22	7	2150
21	12	6878,3	20	3629,17	3	2150,1	22	6878,0	4	3629,1	20	2150,20	26	6878,3	8	3629,5	27	2150,5	24	6878,1	28	3629,12	20	2150,11	19	6878,11	18	3629,26	27	2150,0	11	6878,10	7	3629,22	8	2150
28	22	6878,10	20	3629,5	27	2150,16	7	6878,13	4	3629,14	0	2150,24	16	6878,16	21	3629,21	0	2150,7	20	6878,14	19	3629,26	13	2150,12	17	6878,23	15	3629,5	22	2150,27	24	6878,4	27	3629,26	7	2150
21	20	6878,5	17	3629,23	14	2150,25	7	6878,13	3	3629,10	13	2150,8	17	6878,1	9	3629,3	0	2150,25	2	6878,6	4	3629,21	0	2150,16	26	6878,24	23	3629,23	9	2150,22	11	6878,7	6	3629,24	26	2150
4	1	6878,9	8	3629,5	1	2150,20	18	6878,27	18	3629,6	10	2150,21	26	6878,2	27	3629,9	24	2150,7	3	6878,3	0	3629,3	7	2150,6	27	6878,22	17	3629,9	0	2150,11	14	6878,23	17	3629,14	13	2150
20	1	6878,10	1	3629,2	4	2150,22	11	6878,3	4	3629,9	21	2150,8	23	6878,21	6	3629,10	22	2150,16	28	6878,8	14	3629,22	19	2150,9	11	6878,1	23	3629,12	0	2150,19	16	6878,24	15	3629,4	24	2150
8	0	6878,14	22	3629,17	7	2150,23	4	6878,7	23	3629,18	23	2150,22	7	6878,16	12	3629,10	20	2150,14	23	6878,13	16	3629,20	1	2150,13	5	6878,7	21	3629,6	16	2150,21	26	6878,0	15	3629,22	1	2150
7	3	6878,21	15	3629,15	12	2150,16	0	6878,15	6	3629,22	25	2150,22	2	6878,24	13	3629,1	15	2150,25	0	6878,14	25	3629,8	23	2150,4	9	6878,6	5	3629,4	25	2150,27	1	6878,18	1	3629,16	27	2150
21	16	6878,8	25	3629,0	2	2150,1	9	6878,27	16	3629,12	22	2150,5	20	6878,18	20	3629,25	24	2150,28	17	6878,13	27	3629,20	24	2150,2	18	6878,18	13	3629,22	2	2150,26	17	6878,17	25	3629,3	11	2150
3	19	6878,4	16	3629,5	24	2150,14	19	6878,4	9	3629,19	10	2150,25	12	6878,20	10	3629,24	11	2150,13	4	6878,7	18	3629,15	21	2150,4	28	6878,27	2	3629,0	21	2150,15	21	6878,11	20	3629,15	23	2150
27	17	6878,27	11	3629,10	9	2150,28	24	6878,24	0	3629,4	21	2150,14	2	6878,28	10	3629,21	0	2150,19	8	6878,13	23	3629,28	2	2150,22	2	6878,21	27	3629,18	13	2150,19	8	6878,0	13	3629,20	28	2150
16	15	6878,28	21	3629,7	2	2150,24	9	6878,11	20	3629,20	0	2150,16	19	6878,0	13	3629,20	1	2150,1	21	6878,26	15	3629,4	3	2150,11	14	6878,14	1	3629,11	18	2150,10	1	6878,21	26	3629,11	18	2150
1	20	6878,17	1	3629,13	26	2150,25	21	6878,27	21	3629,6	23	2150,15	6	6878,13	19	3629,12	23	2150,14	8	6878,25	5	3629,8	1	2150,27	4	6878,20	24	3629,3	21	2150,15	25	6878,16	4	3629,17	13	2150
3	7	6878,20	23	3629,16	11	2150,25	28	6878,15	4	3629,11	12	2150,16	3	6878,10	6	3629,10	16	2150,27	23	6878,20	14	3629,28	20	2150,21	18	6878,4	20	3629,2	15	2150,6	7	6878,23	15	3629,4	3	2150
4	23	6878,21	10	3629,22	19	2150,8	5	6878,26	14	3629,8	17	2150,21	26	6878,0	6	3629,20	7	2150,0	23	6878,3	8	3629,5	20	2150,14	13	6878,9	4	3629,13	25	2150,21	17	6878,23	13	3629,23	1	2150
9	4	6878,17	16	3629,23	19	2150,2	8	6878,1	20	3629,18	0	2150,7	23	6878,22	0	3629,11	17	2150,11	17	6878,9	28	3629,28	8	2150,8	28	6878,18	14	3629,26	24	2150,26	17	6878,16	2	3629,26	19	2150
17	14	6878,15	20	3629,21	17	2150,6	0	6878,25	16	3629,5	28	2150,28	26	6878,24	6	3629,28	15	2150,11	23	6878,26	21	3629,22	5	2150,26	11	6878,17	1	3629,12	5	2150,10	6	6878,21	16	3629,1	15	2150
11	2	6878,3	7	3629,18	14	2150,16	15	6878,14	15	3629,3	11	2150,18	17	6878,10	8	3629,27	19	2150,16	20	6878,24	5	3629,27	25	2150,15	11	6878,26	2	3629,3	22	2150,12	21	6878,27	11	3629,27	0	2150
19	27	6878,23	27	3629,14	26	2150,15	23	6878,16	7	3629,9	5	2150,2	18	6878,14	17	3629,25	9	2150,3	22	6878,22	5	3629,2	22	2150,21	7	6878,23	1	3629,11	28	2150,2	4	6878,19	4	3629,6	15	2150
27	5	6878,16	4	3629,24	25	2150,27	1	6878,2	16	3629,12	22	2150,25	18	6878,19	26	3629,16	26	2150,19	18	6878,8	25	3629,7	20	2150,17	8	6878,3	20	3629,4	13	2150,11	18	6878,18	5	3629,2	7	2150
27	0	6878,5	13	3629,22	23	2150,10	0	6878,21	15	3629,13	18	2150,26	19	6878,6	26	3629,2	23	2150,4	6	6878,25	6	3629,2	8	2150,18	25	6878,27	24	3629,16	22	2150,15	0	6878,10	27	3629,3	10	2150
27	9	6878,27	14	3629,18	9	2150,11	12	6878,9	11	3629,5	11	2150,13	7	6878,20	2	3629,24	2	2150,6	13	6878,11	10	3629,4	28	2150,8	13	6878,18	7	3629,26	10	2150,15	12	6878,27	24	3629,9	27	2150
25	18	6878,17	13	3629,22	25	2150,9	7	6878,5	6	3629,2	25	2150,26	18	6878,21	5	3629,2	10	2150,23	20	6878,19	22	3629,1	24	2150,26	5	6878,1	0	3629,20	11	2150,6	9	6878,1	28	3629,24	7	2150
19	2	6878,12	0	3629,17	27	2150,8	12	6878,11	21	3629,24	7	2150,9	22	6878,14	8	3629,17	27	2150,4	3	6878,15	7	3629,6	24	2150,28	11	6878,10	3	3629,12	10	2150,1	7	6878,13	1	3629,13	19	2150
0	8	6878,25	15	3629,26	9	2150,11	15	6878,20	7	3629,3	20	2150,11	20	6878,19	16	3629,20	28	2150,18	13	6878,27	10	3629,24	18	2150,13	25	6878,2	13	3629,0	3	2150,11	5	6878,5	15	3629,16	5	2150
7	19	6878,14	2	3629,9	21	2150,14	15	6878,8	0	3629,0	3	2150,11	23	6878,25	9	3629,25	10	2150,12	16	6878,22	25	3629,10	5	2150,13	17	6878,8	15	3629,26	4	2150,21	5	6878,23	14	3629,0	6	2150
4	25	6878,24	1	3629,23	10	2150,11	13	6878,18	19	3629,12	20	2150,18	6	6878,26	16	3629,16	12	2150,14	6	6878,22	2	3629,1	17	2150,5	28	6878,5	16	3629,1	0	2150,3	20	6878,20	25	3629,16	14	2150
17	15	6878,14	16	3629,15	3	2150,5	9	6878,3	0	3629,1	5	2150,26	5	6878,2	24	3629,0	23	2150,19	20	6878,10	15	3629,25	17	2150,8	24	6878,16	2	3629,14	26	2150,13	19	6878,1	21	3629,12	15	2150
19	5	6878,15	25	3629,10	19	2150,3	10	6878,1	0	3629,28	15	2150,24	15	6878,5	12	3629,10	14	2150,0	15	6878,11	23	3629,19	24	2150,14	0	6878,28	27	3629,6	0	2150,4	23	6878,20	11	3629,2	11	2150
18	24	6878,8	28	3629,24	0	2150,23	1	6878,22	28	3629,28	16	2150,24	11	6878,13	22	3629,5	22	2150,27	21	6878,25	2	3629,15	22	2150,3	0	6878,11	12	3629,27	23	2150,14	8	6878,25	26	3629,22	28	2150
15	3	6878,12	16	3629,14	25	2150,28	18	6878,1	15	3629,18	7	2150,23	27	6878,20	21	3629,14	11	2150,1	6	6878,20	6	3629,27	0	2150,25	4	6878,28	22	3629,22	0	2150,10	11	6878,28	5	3629,28	8	2150
24	26	6878,15	18	3629,0	6	2150,21	18	6878,9	14	3629,15	4	2150,23	14	6878,18	16	3629,24	10	2150,8	9	6878,13	19	3629,22	28	2150,13	27	6878,9	10	3629,25	3	2150,18	0	6878,17	6	3629,0	25	2150
25	14	6878,26	9	3629,16	17	2150,8	27	6878,17	21	3629,3	14	2150,20	0	6878,11	27	3629,11	27	2150,7	12	6878,24	16	3629,20	10	2150,7	22	6878,7	6	3629,4	13	2150,8	27	6878,27	24	3629,6	25	2150
23	14	6878,0	8	3629,13	4	2150,22	20	6878,3	12	3629,2	24	2150,1	8	6878,8	17	3629,20	7	2150,7	26	6878,13	24	3629,20	1	2150,14	18	6878,21	7	3629,0	11	2150,19	23	6878,15	20	3629,2	9	2150
17	21	6878,11	1	3629,9	2	2150,23	25	6878,14	16	3629,28	25	2150,28	22	6878,23	22	3629,17	12	2150,5	12	6878,11	3	3629,28	6	2150,5	3	6878,7	20	3629,23	18	2150,21	20	6878,25	21	3629,12	15	2150
9	17	6878,28	2	3629,1	27	2150,24	15	6878,3	6	3629,25	6	2150,3	24	6878,14	3	3629,24	12	2150,6	25	6878,5	0	3629,22	14	2150,17	23	6878,17	4	3629,13	11	2150,3	5	6878,1	3	3629,18	17	2150
17	27	6878,26	12	3629,1	7	2150,18	17	6878,19	20	3629,2	19	2150,4	11	6878,20	28	3629,20	25	2150,26	23	6878,20	6	3629,7	11	2150,5	13	6878,20	27	3629,0	13	2150,12	7	6878,13	18	3629,19	13	2150
23	27	6878,21	26	3629,28	2	2150,2	8	6878,25	17	3629,11	24	2150,26	14	6878,26	7	3629,22	7	2150,26	13	6878,6	15	3629,12	15	2150,13	26	6878,28	25	3629,10	7	2150,21	26	6878,22	2	3629,14	0	2150
19	11	6878,0	25	3629,5	4	2150,10	25	6878,12	28	3629,14	25	2150,20	21	6878,16	27	3629,10	21	2150,6	17	6878,24	1	3629,11	22	2150,24	19	6878,26	22	3629,15	17	2150,20	3	6878,7	6	3629,24	11	2150
28	26	6878,3	17	3629,22	20	2150,6	4	6878,4	23	3629,25	13	2150,23	28	6878,22	4	3629,3	27	2150,22	21	6878,10	13	3629,12	23	2150,20	11	6878,21	1	3629,4	12	2150,18	10	6878,21	26	3629,18	23	2150
21	27	6878,14	27	3629,28	17	2150,6	21	6878,25	28	3629,2	26	2150,18	6	6878,2	18	3629,3	12	2150,10	23	6878,16	7	3629,22	2	2150,9	7	6878,4	8	3629,11	8	2150,14	23	6878,2	1	3629,16	22	2150
9	28	6878,28	12	3629,26	15	2150,2	10	6878,8	16	3629,8	27	2150,12	8	6878,23	17	3629,22	25	2150,3	5	6878,18	26	3629,9	13	2150,2	1	6878,20	23	3629,10	14	2150,12	27	6878,27	12	3629,22	7	2150
24	2	6878,0	11	3629,11	17	2150,3	14	6878,2	15	3629,3	11	2150,2	24	6878,15	12	3629,19	28	2150,18	13	6878,28	16	3629,5	18	2150,26	2	6878,19	16	3629,10	19	2150,1	16	6878,7	21	3629,26	14	2150
2	1	6878,5	21	3629,6	8	2150,15	5	6878,6	19	3629,19	22	2150,25	0	6878,19	12	3629,3	5	2150,14	21	6878,23	9	3629,11	28	2150,16	8	6878,10	16	3629,10	8	2150,26	11	6878,21	3	3629,9	27	2150
9	26	6878,11	24	3629,16	19	2150,28	3	6878,20	5	3629,17	13	2150,3	7	6878,4	8	3629,11	21	2150,24	10	6878,3	7	3629,25	10	2150,9	4	6878,17	1	3629,1	6	2150,3	19	6878,21	1	3629,11	16	2150
5	25	6878,27	2	3629,23	0	2150,12	17	6878,19	12	3629,4	2	2150,14	2	6878,17	12	3629,3	23	2150,4	0	6878,0	12	3629,5	28	2150,17	12	6878,20	25	3629,1	23	2150,7	3	6878,1	7	3629,3	9	2150
1	25	6878,10	25	3629,5	23	2150,26	18	6878,0	7	3629,24	6	2150,8	0	6878,3	8	3629,23	6	2150,27	28	6878,18	27	3629,20	0	2150,25	13	6878,19	16	3629,2	24	2150,22	24	6878,10	6	3629,11	25	2150
4	14	6878,15	5	3629,24	28	2150,3	8	6878,3	11	3629,13	11	2150,13	0	6878,10	23	3629,3	17	2150,28	26	6878,17	9	3629,20	2	2150,3	24	6878,4	2	3629,26	6	2150,9	27	6878,9	1	3629,15	9	2150
24	28	6878,14	11	3629,22	14	2150,13	20	6878,16	10	3629,11	19	2150,27	6	6878,15	16	3629,14	13	2150,10	8	6878,12	10	3629,8	4	2150,25	18	6878,1	12	3629,26	24	2150,24	7	6878,11	0	3629,6	19	2150
22	13	6878,1	26	3629,13	14	2150,20	14	6878,28	22	3629,26	15	2150,9	24	6878,18	3	3629,7	22	2150,4	28	6878,15	12	3629,6	15	2150,9	11	6878,21	27	3629,18	10	2150,11	19	6878,28	23	3629,0	9	2150
17	25	6878,2	10	3629,13	19	2150,20	17	6878,3	13	3629,23	25	2150,18	19	6878,17	6	3629,12	27	2150,10	24	6878,0	16	3629,15	19	2150,26	3	6878,10	17	3629,6	5	2150,19	10	6878,15	24	3629,4	9	2150
15	5	6878,12	25	3629,28	15	2150,14	21	6878,8	11	3629,12	1	2150,17	15	6878,8	4	3629,18	8	2150,2	5	6878,6	5	3629,9	26	2150,10	17	6878,4	22	3629,24	17	2150,9	27	6878,10	9	3629,20	14	2150
28	25	6878,22	23	3629,1	0	2150,7	14	6878,26	5	3629,9	13	2150,16	23	6878,5	28	3629,2	19	2150,7	16	6878,5	21	3629,5	2	2150,3	27	6878,19	21	3629,0	23	2150,11	20	6878,17	26	3629,6	18	2150
13	24	6878,10	12	3629,3	25	2150,0	3	6878,7	28	3629,12	21	2150,2	9	6878,8	28	3629,5	7	2150,16	26	6878,21	10	3629,7	12	2150,5	6	6878,20	14	3629,9	14	2150,5	26	6878,9	23	3629,6	18	2150
23	17	6878,0	26	3629,16	28	2150,16	24	6878,8	26	3629,20	0	2150,4	13	6878,20	28	3629,1	6	2150,15	3	6878,18	15	3629,1	16	2150,16	20	6878,2	5	3629,24	14	2150,0	20	6878,10	19	3629,6	18	2150
6	10	6878,16	26	3629,13	28	2150,11	14	6878,9	8	3629,16	28	2150,26	1	6878,26	11	3629,17	26	2150,18	14	6878,19	18	3629,13	6	2150,17	8	6878,13	19	3629,0	25	2150,7	17	6878,25	1	3629,26	25	2150
23	4	6878,11	14	3629,21	15	2150,12	2	6878,19	26	3629,15	18	2150,19	10	6878,1	18	3629,3	28	2150,11	8	6878,21	10	3629,26	6	2150,21	23	6878,24	17	3629,4	11	2150,1	15	6878,12	14	3629,24	9	2150
13	1	6878,23	3	3629,10	0	2150,18	5	6878,2	23	3629,10	12	2150,19	26	6878,27	2	3629,6	8	2150,20	17	6878,22	8	3629,28	22	2150,4	27	6878,3	21	3629,6	24	2150,24	4	6878,14	2	3629,27	20	2150
25	22	6878,7	20	3629,22	15	2150,10	27	6878,13	25	3629,18	8	2150,21	10	6878,25	13	3629,2	8	2150,4	27	6878,0	21	3629,20	15	2150,2	5	6878,7	18	3629,21	26	2150,16	12	6878,23	16	3629,25	3	2150
2	19	6878,21	2	3629,4	15	2150,3	11	6878,3	20	3629,4	24	2150,14	7	6878,27	26	3629,26	25	2150,0	9	6878,24	22	3629,16	18	2150,13	1	6878,15	24	3629,19	12	2150,4	16	6878,7	16	3629,18	5	2150
21	7	6878,26	6	3629,25	5	2150,23	26	6878,22	20	3629,22	4	2150,16	22	6878,13	16	3629,2	20	2150,28	20	6878,23	10	3629,9	22	2150,24	15	6878,26	7	3629,4	8	2150,13	3	6878,8	28	3629,8	24	2150
13	21	6878,21	9	3629,27	21	2150,14	7	6878,24	7	3629,27	13	2150,9	22	6878,18	24	3629,17	10	2150,6	0	6878,13	20	3629,19	23	2150,16	13	6878,4	7	3629,27	14	2150,28	15	6878,8	10	3629,0	23	2150
13	28	6878,6	22	3629,19	24	2150,21	16	6878,6	2	3629,5	20	2150,17	19	6878,28	2	3629,11	1	2150,20	18	6878,24	15	3629,19	27	2150,5	3	6878,26	5	3629,4	28	2150,20	27	6878,22	2	3629,12	10	2150
25	15	6878,8	18	3629,16	22	2150,17	1	6878,7	13	3629,16	23	2150,6	3	6878,4	18	3629,12	27	2150,28	13	6878,7	28	3629,23	20	2150,1	15	6878,17	9	3629,9	12	2150,2	8	6878,23	14	3629,10	7	2150
23	6	6878,2	4	3629,18	26	2150,15	21	6878,17	9	3629,27	4	2150,19	13	6878,5	3	3629,7	2	2150,13	8	6878,1	20	3629,4	28	2150,27	17	6878,0	1	3629,22	14	2150,1	26	6878,1	24	3629,3	9	2150
22	2	6878,13	14	3629,11	14	2150,10	27	6878,27	11	3629,0	18	2150,10	11	6878,1	17	3629,15	12	2150,2	9	6878,4	8	3629,22	14	2150,0	8	6878,12	10	3629,22	5	2150,25	8	6878,13	20	3629,22	8	2150
8	7	6878,6	0	3629,22	27	2150,6	10	6878,28	17	3629,26	28	2150,9	7	6878,28	18	3629,17	26	2150,6	9	6878,10	7	3629,13	6	2150,25	4	6878,19	23	3629,16	26	2150,0	4	6878,26	12	3629,21	1	2150
20	25	6878,4	27	3629,9	15	2150,8	25	6878,23	15	3629,8	13	2150,8	19	6878,15	6	3629,28	6	2150,0	25	6878,3	10	3629,3	17	2150,12	26	6878,25	6	3629,11	17	2150,0	17	6878,26	14	3629,4	27	2150
17	3	6878,28	7	3629,9	17	2150,17	28	6878,19	12	3629,18	12	2150,14	12	6878,24	2	3629,24	19	2150,17	0	6878,24	3	3629,3	2	2150,17	20	6878,26	3	3629,23	20	2150,25	20	6878,21	14	3629,11	19	2150
20	11	6878,13	26	3629,15	3	2150,0	10	6878,5	24	3629,5	20	2150,23	5	6878,0	21	3629,23	17	2150,13	23	6878,22	4	3629,11	19	2150,15	23	6878,17	23	3629,8	0	2150,22	2	6878,26	1	3629,9	8	2150
11	17	6878,21	17	3629,11	21	2150,3	19	6878,22	7	3629,14	0	2150,24	27	6878,0	24	3629,25	11	2150,27	21	6878,15	27	3629,6	22	2150,1	4	6878,10	20	3629,14	2	2150,25	10	6878,14	27	3629,3	16	2150
4	23	6878,1	11	3629,20	23	2150,8	26	6878,20	18	3629,11	22	2150,24	27	6878,14	1	3629,21	11	2150,21	22	6878,24	13	3629,14	19	2150,3	22	6878,13	7	3629,1	7	2150,12	6	6878,27	13	3629,10	6	2150
4	11	6878,2	12	3629,8	24	2150,3	12	6878,3	8	3629,21	10	2150,0	19	6878,0	1	3629,4	15	2150,18	14	6878,25	28	3629,13	1	2150,9	27	6878,8	13	3629,4	16	2150,14	0	6878,16	18	3629,2	25	2150
2	12	6878,20	9	3629,26	7	2150,27	26	6878,11	9	3629,18	0	2150,27	10	6878,12	25	3629,4	10	2150,6	13	6878,4	8	3629,12	28	2150,15	5	6878,24	16	3629,7	3	2150,27	21	6878,15	11	3629,11	25	2150
14	0	6878,3	16	3629,22	2	2150,8	1	6878,24	5	3629,22	17	2150,27	23	6878,28	18	3629,23	20	2150,20	28	6878,25	3	3629,20	22	2150,4	19	6878,17	8	3629,11	15	2150,16	15	6878,10	20	3629,3	17	2150
25	27	6878,13	2	3629,19	10	2150,21	1	6878,2	24	3629,12	17	2150,5	10	6878,21	8	3629,25	1	2150,12	24	6878,4	18	3629,19	1	2150,11	28	6878,15	11	3629,27	10	2150,23	14	6878,14	4	3629,3	15	2150
24	2	6878,27	2	3629,7	2	2150,9	3	6878,2	25	3629,3	27	2150,20	24	6878,16	1	3629,22	6	2150,7	27	6878,0	14	3629,16	9	2150,26	12	6878,9	27	3629,26	12	2150,9	25	6878,23	21	3629,21	23	2150
2	20	6878,14	24	3629,16	9	2150,28	14	6878,3	14	3629,6	1	2150,1	17	6878,20	16	3629,21	18	2150,24	10	6878,1	26	3629,0	4	2150,3	1	6878,21	24	3629,8	5	2150,28	13	6878,3	12	3629,17	3	2150
7	27	6878,1	23	3629,0	25	2150,11	24	6878,9	8	3629,22	9	2150,25	7	6878,11	14	3629,23	20	2150,23	26	6878,13	14	3629,3	15	2150,2	16	6878,13	7	3629,7	20	2150,7	16	6878,27	16	3629,5	4	2150
28	8	6878,18	21	3629,14	26	2150,2	12	6878,14	2	3629,24	7	2150,16	22	6878,16	15	3629,11	24	2150,5	16	6878,14	16	3629,11	12	2150,6	2	6878,5	14	3629,20	1	2150,10	9	6878,3	2	3629,20	9	2150
5	17	6878,1	3	3629,17	0	2150,27	17	6878,12	26	3629,12	10	2150,26	1	6878,27	2	3629,21	26	2150,6	8	6878,7	9	3629,18	12	2150,18	17	6878,24	28	3629,13	19	2150,13	27	6878,6	18	3629,15	6	2150
20	10	6878,14	17	3629,25	23	2150,0	3	6878,28	24	3629,10	13	2150,8	4	6878,27	3	3629,26	2	2150,27	14	6878,6	16	3629,24	6	2150,9	26	6878,18	12	3629,11	22	2150,20	28	6878,1	16	3629,12	11	2150
15	27	6878,16	15	3629,1	26	2150,18	23	6878,18	19	3629,24	13	2150,2	17	6878,27	2	3629,21	22	2150,28	21	6878,19	14	3629,24	23	2150,24	20	6878,2	5	3629,12	27	2150,1	20	6878,21	11	3629,0	23	2150
13	15	6878,15	16	3629,18	4	2150,7	8	6878,15	4	3629,13	26	2150,1	0	6878,16	25	3629,19	5	2150,19	11	6878,25	10	3629,11	4	2150,21	26	6878,15	24	3629,16	21	2150,23	6	6878,14	6	3629,12	11	2150
16	3	6878,20	12	3629,21	0	2150,18	0	6878,20	9	3629,28	16	2150,28	18	6878,20	13	3629,22	1	2150,21	18	6878,4	18	3629,13	24	2150,16	22	6878,17	20	3629,25	21	2150,20	12	6878,20	4	3629,9	11	2150
18	24	6878,12	1	3629,1	16	2150,6	3	6878,22	27	3629,26	17	2150,1	19	6878,8	15	3629,13	10	2150,2	8	6878,26	8	3629,7	25	2150,25	21	6878,6	9	3629,13	9	2150,12	20	6878,1	7	3629,2	8	2150
18	10	6878,11	6	3629,16	7	2150,15	13	6878,18	10	3629,20	13	2150,26	5	6878,19	10	3629,12	23	2150,24	13	6878,3	8	3629,19	10	2150,1	12	6878,3	12	3629,15	4	2150,13	14	6878,27	5	3629,10	20	2150
25	10	6878,10	12	3629,10	28	2150,14	15	6878,13	25	3629,5	20	2150,8	10	6878,14	0	3629,3	23	2150,11	20	6878,16	7	3629,22	7	2150,3	19	6878,13	0	3629,8	6	2150,16	10	6878,21	10	3629,8	15	2150
4	5	6878,18	26	3629,24	17	2150,23	6	6878,23	28	3629,19	5	2150,14	1	6878,21	22	3629,16	22	2150,26	25	6878,1	22	3629,6	27	2150,8	4	6878,23	3	3629,28	27	2150,0	16	6878,11	26	3629,1	8	2150
18	24	6878,24	21	3629,11	20	2150,25	26	6878,21	25	3629,27	4	2150,26	23	6878,25	17	3629,18	20	2150,11	9	6878,23	12	3629,20	22	2150,2	21	6878,26	5	3629,24	17	2150,20	27	6878,28	3	3629,27	19	2150
28	16	6878,15	19	3629,1	17	2150,13	15	6878,13	14	3629,23	24	2150,6	25	6878,20	12	3629,12	28	2150,24	19	6878,26	14	3629,26	4	2150,11	4	6878,2	26	3629,10	21	2150,5	16	6878,10	14	3629,14	21	2150
20	13	6878,16	2	3629,28	27	2150,16	23	6878,19	8	3629,3	28	2150,0	16	6878,3	23	3629,27	25	2150,20	26	6878,28	22	3629,17	27	2150,12	2	6878,14	11	3629,10	21	2150,27	15	6878,16	13	3629,16	26	2150
21	19	6878,28	16	3629,22	6	2150,4	7	6878,7	24	3629,12	25	2150,14	18	6878,13	11	3629,20	25	2150,23	6	6878,8	15	3629,27	21	2150,25	6	6878,10	11	3629,11	14	2150,22	6	6878,27	12	3629,2	28	2150
19	7	6878,27	7	3629,11	25	2150,28	24	6878,28	5	3629,2	22	2150,3	17	6878,20	3	3629,4	5	2150,8	4	6878,20	2	3629,13	20	2150,13	20	6878,3	8	3629,26	5	2150,9	3	6878,15	25	3629,14	7	2150
24	22	6878,6	18	3629,14	27	2150,10	21	6878,12	8	3629,26	5	2150,16	24	6878,28	23	3629,19	20	2150,5	3	6878,13	20	3629,3	19	2150,22	17	6878,17	3	3629,18	23	2150,24	16	6878,24	20	3629,1	26	2150
22	18	6878,28	27	3629,10	3	2150,16	1	6878,20	9	3629,12	15	2150,25	1	6878,27	19	3629,21	4	2150,20	9	6878,15	25	3629,4	13	2150,13	4	6878,27	0	3629,8	16	2150,3	22	6878,3	15	3629,8	21	2150
19	9	6878,28	21	3629,13	26	2150,5	11	6878,22	3	3629,0	9	2150,12	5	6878,14	6	3629,8	26	2150,6	5	6878,7	1	3629,25	12	2150,1	6	6878,18	5	3629,26	12	2150,8	19	6878,1	16	3629,2	7	2150
15	28	6878,22	18	3629,3	14	2150,6	19	6878,6	1	3629,21	25	2150,23	11	6878,3	7	3629,4	13	2150,5	2	6878,27	18	3629,14	4	2150,0	3	6878,22	21	3629,24	10	2150,14	21	6878,27	17	3629,24	20	2150
4	5	6878,14	6	3629,11	2	2150,11	21	6878,7	20	3629,9	23	2150,23	9	6878,20	2	3629,13	28	2150,2	4	6878,19	1	3629,19	25	2150,17	4	6878,17	5	3629,1	24	2150,15	13	6878,6	11	3629,18	15	2150
12	0	6878,0	27	3629,2	1	2150,2	21	6878,28	1	3629,1	18	2150,1	9	6878,4	2	3629,26	2	2150,28	18	6878,13	14	3629,24	11	2150,2	1	6878,13	21	3629,3	15	2150,8	3	6878,28	16	3629,3	10	2150
4	15	6878,28	0	3629,4	10	2150,24	7	6878,12	11	3629,9	22	2150,3	11	6878,9	2	3629,21	24	2150,7	23	6878,24	25	3629,10	26	2150,28	2	6878,20	3	3629,16	2	2150,20	25	6878,18	9	3629,8	1	2150
14	13	6878,10	21	3629,23	18	2150,7	26	6878,28	5	3629,18	4	2150,22	9	6878,2	25	3629,27	26	2150,5	14	6878,25	1	3629,10	24	2150,14	23	6878,26	21	3629,18	12	2150,22	19	6878,21	22	3629,3	24	2150
3	6	6878,21	9	3629,16	0	2150,14	18	6878,6	26	3629,4	1	2150,19	1	6878,11	5	3629,24	8	2150,3	21	6878,16	10	3629,14	1	2150,27	1	6878,17	16	3629,21	6	2150,27	2	6878,15	6	3629,8	4	2150
14	11	6878,7	13	3629,26	7	2150,5	0	6878,14	25	3629,1	5	2150,10	14	6878,28	18	3629,15	19	2150,9	20	6878,4	27	3629,15	16	2150,9	23	6878,12	6	3629,27	1	2150,9	7	6878,22	10	3629,27	9	2150
14	24	6878,25	7	3629,23	7	2150,10	8	6878,0	17	3629,26	28	2150,7	26	6878,1	2	3629,0	28	2150,25	22	6878,7	14	3629,25	6	2150,18	24	6878,18	10	3629,1	23	2150,12	10	6878,10	28	3629,25	24	2150
17	1	6878,6	0	3629,23	2	2150,5	23	6878,12	13	3629,17	1	2150,24	19	6878,22	26	3629,11	25	2150,19	1	6878,2	18	3629,10	17	2150,21	28	6878,17	0	3629,13	5	2150,6	26	6878,5	23	3629,25	0	2150
16	11	6878,24	22	3629,14	1	2150,5	17	6878,19	2	3629,5	4	2150,26	6	6878,16	9	3629,26	27	2150,20	11	6878,18	27	3629,18	22	2150,28	13	6878,1	21	3629,11	15	2150,8	2	6878,21	19	3629,27	26	2150
3	7	6878,6	11	3629,13	2	2150,1	4	6878,6	20	3629,25	10	2150,19	15	6878,12	2	3629,9	12	2150,10	3	6878,14	2	3629,26	18	2150,27	0	6878,8	16	3629,2	9	2150,12	21	6878,12	15	3629,14	2	2150
28	16	6878,13	16	3629,0	22	2150,22	19	6878,3	16	3629,10	7	2150,5	2	6878,26	1	3629,17	5	2150,26	27	6878,18	0	3629,1	5	2150,26	15	6878,12	11	3629,5	6	2150,0	6	6878,24	7	3629,8	9	2150
11	28	6878,12	0	3629,2	20	2150,4	25	6878,6	10	3629,1	26	2150,22	23	6878,2	27	3629,0	5	2150,20	12	6878,20	9	3629,4	26	2150,3	24	6878,12	2	3629,4	23	2150,10	7	6878,27	28	3629,10	25	2150
23	28	6878,10	9	3629,12	24	2150,7	6	6878,5	11	3629,22	6	2150,28	18	6878,17	18	3629,14	0	2150,7	21	6878,18	0	3629,5	14	2150,7	18	6878,2	0	3629,2	12	2150,22	27	6878,23	13	3629,19	28	2150
4	25	6878,6	0	3629,12	2	2150,16	11	6878,27	3	3629,11	20	2150,4	6	6878,20	13	3629,24	14	2150,8	21	6878,10	5	3629,27	23	2150,6	18	6878,13	3	3629,19	12	2150,6	25	6878,22	19	3629,16	11	2150
21	14	6878,10	5	3629,21	12	2150,21	22	6878,28	11	3629,3	8	2150,5	20	6878,17	13	3629,2	25	2150,17	20	6878,23	18	3629,15	27	2150,23	16	6878,0	18	3629,23	9	2150,22	5	6878,19	0	3629,23	16	2150
27	0	6878,11	20	3629,5	22	2150,25	1	6878,15	7	3629,16	1	2150,14	23	6878,15	16	3629,12	24	2150,12	4	6878,0	16	3629,28	25	2150,23	15	6878,14	26	3629,27	19	2150,17	24	6878,2	5	3629,25	14	2150
7	20	6878,11	27	3629,18	23	2150,2	22	6878,20	2	3629,17	6	2150,11	6	6878,21	17	3629,25	10	2150,28	10	6878,14	23	3629,8	5	2150,8	18	6878,10	1	3629,8	22	2150,14	17	6878,18	19	3629,17	25	2150
1	9	6878,5	11	3629,6	27	2150,3	28	6878,14	2	3629,16	8	2150,16	18	6878,19	5	3629,13	15	2150,2	4	6878,4	6	3629,6	2	2150,8	3	6878,3	5	3629,4	5	2150,8	6	6878,13	9	3629,22	21	2150
11	26	6878,23	10	3629,4	1	2150,24	17	6878,3	11	3629,17	26	2150,21	12	6878,0	14	3629,7	19	2150,22	0	6878,13	1	3629,15	6	2150,19	28	6878,11	16	3629,11	23	2150,6	5	6878,26	8	3629,25	0	2150
5	9	6878,3	14	3629,6	16	2150,26	10	6878,28	0	3629,14	22	2150,1	20	6878,25	4	3629,23	26	2150,16	17	6878,4	24	3629,0	9	2150,18	3	6878,10	5	3629,15	3	2150,11	28	6878,17	9	3629,22	25	2150
16	0	6878,6	22	3629,4	9	2150,9	3	6878,5	10	3629,9	25	2150,12	10	6878,26	18	3629,12	20	2150,5	0	6878,10	3	3629,9	16	2150,5	9	6878,23	8	3629,10	2	2150,3	0	6878,7	1	3629,6	14	2150
18	0	6878,11	10	3629,18	1	2150,22	12	6878,16	2	3629,22	28	2150,20	6	6878,15	5	3629,26	4	2150,13	0	6878,7	17	3629,7	14	2150,19	11	6878,4	17	3629,5	2	2150,20	6	6878,6	25	3629,16	11	2150
12	17	6878,4	28	3629,24	16	2150,27	19	6878,15	6	3629,20	27	2150,3	17	6878,17	12	3629,4	6	2150,17	15	6878,10	25	3629,18	13	2150,27	3	6878,3	9	3629,11	5	2150,7	22	6878,0	15	3629,13	23	2150
0	9	6878,13	21	3629,24	13	2150,19	23	6878,28	16	3629,7	28	2150,14	20	6878,6	15	3629,16	4	2150,18	6	6878,17	20	3629,17	6	2150,2	9	6878,10	8	3629,7	15	2150,26	22	6878,2	26	3629,4	20	2150
23	28	6878,1	19	3629,8	10	2150,24	21	6878,16	20	3629,15	16	2150,4	11	6878,13	28	3629,12	10	2150,25	6	6878,17	10	3629,25	15	2150,7	18	6878,4	9	3629,23	18	2150,20	21	6878,5	21	3629,26	6	2150
12	2	6878,15	8	3629,27	14	2150,10	26	6878,0	22	3629,17	10	2150,12	11	6878,20	1	3629,24	22	2150,25	9	6878,17	28	3629,10	20	2150,4	22	6878,21	7	3629,14	23	2150,10	4	6878,25	15	3629,9	28	2150
16	11	6878,1	17	3629,8	10	2150,27	4	6878,7	15	3629,21	19	2150,11	6	6878,15	11	3629,2	14	2150,25	24	6878,22	25	3629,9	26	2150,10	20	6878,5	12	3629,2	12	2150,8	1	6878,14	23	3629,7	6	2150
13	3	6878,27	6	3629,8	18	2150,20	1	6878,11	14	3629,24	22	2150,18	8	6878,28	15	3629,5	12	2150,11	26	6878,14	25	3629,9	19	2150,19	0	6878,18	3	3629,18	22	2150,15	26	6878,2	26	3629,23	19	2150
4	9	6878,16	8	3629,1	3	2150,25	11	6878,24	23	3629,11	17	2150,17	26	6878,22	10	3629,7	27	2150,1	18	6878,5	14	3629,7	19	2150,0	24	6878,1	0	3629,8	4	2150,21	20	6878,11	9	3629,20	0	2150
28	1	6878,5	22	3629,2	9	2150,10	14	6878,21	18	3629,13	19	2150,3	4	6878,1	7	3629,28	16	2150,11	26	6878,0	18	3629,5	4	2150,26	0	6878,16	13	3629,1	8	2150,5	12	6878,14	5	3629,9	27	2150
26	16	6878,23	9	3629,7	28	2150,23	12	6878,24	19	3629,8	1	2150,0	19	6878,6	2	3629,26	10	2150,23	15	6878,22	27	3629,25	3	2150,10	25	6878,28	22	3629,27	24	2150,18	0	6878,11	14	3629,27	7	2150
22	16	6878,2	14	3629,10	0	2150,4	19	6878,18	22	3629,28	12	2150,28	16	6878,15	4	3629,0	22	2150,8	3	6878,24	3	3629,5	2	2150,22	18	6878,28	6	3629,11	2	2150,27	7	6878,13	15	3629,22	18	2150
3	26	6878,21	23	3629,7	12	2150,21	17	6878,24	12	3629,19	10	2150,15	10	6878,26	20	3629,20	1	2150,8	21	6878,17	27	3629,16	0	2150,0	27	6878,0	26	3629,27	0	2150,18	5	6878,13	12	3629,23	6	2150
12	3	6878,18	25	3629,3	9	2150,15	17	6878,3	1	3629,17	11	2150,20	9	6878,16	18	3629,9	22	2150,26	15	6878,8	20	3629,11	0	2150,12	3	6878,19	21	3629,22	7	2150,0	27	6878,10	28	3629,8	28	2150
20	11	6878,13	16	3629,2	13	2150,22	12	6878,16	27	3629,28	11	2150,11	21	6878,1	13	3629,3	4	2150,8	13	6878,24	15	3629,0	12	2150,20	13	6878,24	28	3629,10	7	2150,20	23	6878,14	16	3629,8	12	2150
18	0	6878,26	10	3629,0	24	2150,25	27	6878,11	24	3629,16	27	2150,9	18	6878,1	11	3629,10	15	2150,26	20	6878,23	28	3629,5	8	2150,3	4	6878,24	27	3629,3	22	2150,6	7	6878,5	15	3629,5	14	2150
10	18	6878,5	8	3629,18	13	2150,24	2	6878,27	17	3629,23	13	2150,12	14	6878,17	10	3629,7	26	2150,2	15	6878,21	6	3629,5	4	2150,7	26	6878,7	11	3629,23	9	2150,16	21	6878,14	9	3629,0	20	2150
2	16	6878,17	28	3629,10	17	2150,21	14	6878,28	4	3629,4	27	2150,7	18	6878,28	10	3629,20	12	2150,3	4	6878,0	3	3629,6	0	2150,25	22	6878,16	0	3629,11	28	2150,23	25	6878,28	23	3629,17	18	2150
27	1	6878,3	23	3629,21	23	2150,22	7	6878,27	14	3629,27	6	2150,14	12	6878,26	25	3629,19	26	2150,10	27	6878,27	20	3629,14	8	2150,14	6	6878,10	8	3629,5	11	2150,21	9	6878,25	6	3629,18	3	2150
28	6	6878,21	4	3629,21	2	2150,12	23	6878,4	28	3629,19	17	2150,13	1	6878,25	19	3629,28	9	2150,7	1	6878,19	1	3629,15	28	2150,22	27	6878,5	18	3629,23	6	2150,9	6	6878,14	25	3629,4	11	2150
15	21	6878,23	4	3629,1	11	2150,1	11	6878,22	13	3629,10	7	2150,18	14	6878,17	21	3629,15	16	2150,26	7	6878,15	10	3629,25	19	2150,6	11	6878,1	27	3629,28	13	2150,0	4	6878,16	2	3629,2	1	2150
11	5	6878,23	13	3629,4	8	2150,4	5	6878,4	16	3629,19	12	2150,18	5	6878,3	15	3629,9	27	2150,8	1	6878,6	14	3629,2	20	2150,4	25	6878,18	16	3629,11	15	2150,22	7	6878,7	5	3629,18	24	2150
12	2	6878,28	22	3629,22	5	2150,9	20	6878,14	16	3629,16	18	2150,4	28	6878,10	22	3629,2	13	2150,18	6	6878,14	16	3629,22	19	2150,10	16	6878,15	19	3629,25	26	2150,6	18	6878,10	18	3629,3	22	2150
25	1	6878,15	14	3629,19	6	2150,5	13	6878,2	16	3629,5	13	2150,27	13	6878,1	20	3629,19	21	2150,2	1	6878,18	15	3629,28	9	2150,7	28	6878,3	18	3629,7	24	2150,7	21	6878,0	24	3629,15	1	2150
5	12	6878,12	15	3629,0	6	2150,20	9	6878,9	24	3629,13	11	2150,23	12	6878,9	14	3629,14	11	2150,6	20	6878,28	25	3629,22	15	2150,7	20	6878,28	10	3629,21	26	2150,17	12	6878,16	23	3629,28	3	2150
19	9	6878,15	22	3629,27	25	2150,25	16	6878,28	7	3629,26	18	2150,22	21	6878,5	3	3629,14	6	2150,18	15	6878,12	13	3629,4	9	2150,1	14	6878,18	16	3629,14	23	2150,28	22	6878,26	24	3629,18	17	2150
4	16	6878,23	7	3629,19	1	2150,10	7	6878,8	0	3629,11	13	2150,17	2	6878,28	6	3629,2	23	2150,18	24	6878,8	22	3629,11	20	2150,6	3	6878,12	26	3629,14	22	2150,6	21	6878,10	26	3629,17	9	2150
16	10	6878,22	25	3629,16	26	2150,14	15	6878,1	22	3629,12	1	2150,21	3	6878,9	21	3629,25	5	2150,8	18	6878,24	10	3629,6	14	2150,20	23	6878,16	26	3629,13	5	2150,18	0	6878,15	26	3629,25	23	2150
20	22	6878,12	8	3629,8	28	2150,13	8	6878,16	23	3629,10	16	2150,17	1	6878,3	15	3629,19	23	2150,25	13	6878,15	20	3629,23	19	2150,8	22	6878,2	23	3629,28	23	2150,24	11	6878,28	19	3629,5	15	2150
26	20	6878,25	26	3629,16	23	2150,0	20	6878,20	28	3629,4	11	2150,27	0	6878,18	22	3629,3	18	2150,7	24	6878,11	24	3629,1	28	2150,8	0	6878,14	2	3629,17	19	2150,24	7	6878,21	7	3629,22	7	2150
28	10	6878,9	13	3629,24	6	2150,21	7	6878,3	6	3629,2	22	2150,24	18	6878,5	2	3629,13	4	2150,6	0	6878,0	27	3629,15	1	2150,7	3	6878,11	6	3629,12	14	2150,9	0	6878,27	17	3629,24	25	2150
25	9	6878,5	6	3629,12	9	2150,9	13	6878,8	0	3629,16	8	2150,13	19	6878,23	8	3629,19	5	2150,6	28	6878,12	9	3629,8	27	2150,18	9	6878,2	9	3629,4	21	2150,17	1	6878,15	23	3629,19	11	2150
17	2	6878,3	5	3629,4	12	2150,21	10	6878,12	18	3629,9	7	2150,15	10	6878,9	17	3629,13	21	2150,23	12	6878,2	7	3629,10	4	2150,9	8	6878,7	12	3629,22	1	2150,7	2	6878,23	9	3629,9	23	2150
17	15	6878,1	10	3629,5	18	2150,15	28	6878,24	27	3629,9	8	2150,28	2	6878,24	20	3629,14	6	2150,18	2	6878,1	22	3629,20	9	2150,9	19	6878,12	8	3629,0	21	2150,9	22	6878,0	22	3629,12	16	2150
16	17	6878,17	28	3629,5	14	2150,14	3	6878,18	17	3629,2	7	2150,11	24	6878,8	0	3629,26	3	2150,26	2	6878,0	28	3629,26	20	2150,3	22	6878,27	23	3629,2	10	2150,21	7	6878,21	7	3629,13	23	2150
20	5	6878,22	27	3629,1	23	2150,25	5	6878,23	0	3629,18	0	2150,7	16	6878,1	7	3629,6	28	2150,21	27	6878,1	6	3629,11	3	2150,19	6	6878,9	26	3629,23	5	2150,6	21	6878,2	4	3629,24	15	2150
10	25	6878,27	8	3629,6	25	2150,4	10	6878,20	17	3629,5	21	2150,12	4	6878,28	13	3629,12	20	2150,22	24	6878,8	27	3629,24	14	2150,16	18	6878,13	17	3629,9	14	2150,21	28	6878,11	27	3629,23	1	2150
22	3	6878,27	24	3629,19	16	2150,9	0	6878,21	1	3629,3	27	2150,17	18	6878,1	28	3629,12	24	2150,16	14	6878,23	4	3629,13	28	2150,5	0	6878,0	21	3629,13	10	2150,12	17	6878,18	8	3629,7	21	2150
5	8	6878,16	17	3629,7	18	2150,6	26	6878,1	20	3629,1	15	2150,14	21	6878,3	10	3629,24	16	2150,21	2	6878,17	22	3629,11	4	2150,4	8	6878,26	25	3629,28	14	2150,18	19	6878,3	11	3629,15	16	2150
15	12	6878,17	22	3629,0	17	2150,16	4	6878,2	15	3629,26	17	2150,19	15	6878,6	24	3629,2	4	2150,10	8	6878,8	21	3629,12	4	2150,18	23	6878,21	2	3629,28	26	2150,0	20	6878,13	17	3629,2	25	2150
18	9	6878,12	6	3629,1	23	2150,24	19	6878,20	16	3629,5	9	2150,3	24	6878,18	5	3629,15	13	2150,25	17	6878,18	21	3629,26	5	2150,7	2	6878,19	23	3629,0	16	2150,20	2	6878,18	4	3629,26	7	2150
12	26	6878,22	4	3629,0	22	2150,10	7	6878,20	14	3629,11	18	2150,19	20	6878,7	10	3629,13	5	2150,14	24	6878,14	8	3629,4	7	2150,26	25	6878,6	25	3629,22	8	2150,11	22	6878,2	20	3629,21	9	2150
22	21	6878,11	16	3629,2	1	2150,5	18	6878,20	16	3629,18	21	2150,12	0	6878,5	4	3629,17	21	2150,9	1	6878,24	8	3629,0	25	2150,11	25	6878,1	11	3629,25	27	2150,24	19	6878,28	2	3629,20	11	2150
11	17	6878,13	6	3629,23	24	2150,2	22	6878,20	23	3629,4	5	2150,17	16	6878,9	5	3629,8	15	2150,0	27	6878,1	14	3629,3	5	2150,11	8	6878,5	19	3629,10	24	2150,16	9	6878,20	16	3629,27	3	2150
23	10	6878,28	17	3629,21	17	2150,4	2	6878,0	5	3629,8	15	2150,9	10	6878,3	20	3629,19	13	2150,18	1	6878,10	17	3629,5	9	2150,5	3	6878,24	0	3629,13	25	2150,24	6	6878,9	4	3629,10	16	2150
12	10	6878,22	28	3629,19	21	2150,26	28	6878,21	28	3629,3	5	2150,25	19	6878,14	3	3629,7	15	2150,12	16	6878,14	21	3629,2	18	2150,16	25	6878,3	5	3629,6	13	2150,13	0	6878,0	17	3629,14	28	2150
18	8	6878,25	2	3629,6	0	2150,24	28	6878,20	7	3629,14	15	2150,4	10	6878,25	8	3629,13	25	2150,12	18	6878,24	13	3629,16	8	2150,13	1	6878,0	22	3629,24	16	2150,22	5	6878,2	13	3629,1	9	2150
14	22	6878,27	26	3629,16	20	2150,0	5	6878,7	24	3629,8	20	2150,9	12	6878,10	12	3629,14	0	2150,13	3	6878,4	25	3629,19	20	2150,24	23	6878,15	8	3629,28	18	2150,27	10	6878,3	24	3629,4	25	2150
6	18	6878,8	21	3629,2	9	2150,17	15	6878,20	21	3629,7	21	2150,9	7	6878,26	2	3629,27	6	2150,17	10	6878,9	5	3629,5	16	2150,1	23	6878,3	4	3629,16	2	2150,28	10	6878,6	12	3629,7	9	2150
6	13	6878,6	17	3629,24	4	2150,21	10	6878,14	7	3629,7	5	2150,1	8	6878,6	25	3629,6	9	2150,17	6	6878,10	0	3629,16	28	2150,7	11	6878,14	19	3629,16	13	2150,7	15	6878,0	25	3629,25	21	2150
5	1	6878,12	8	3629,20	16	2150,8	6	6878,0	3	3629,6	2	2150,9	10	6878,25	18	3629,14	2	2150,26	9	6878,3	18	3629,23	25	2150,10	12	6878,24	14	3629,4	14	2150,24	9	6878,1	28	3629,21	14	2150
21	20	6878,15	13	3629,3	2	2150,24	4	6878,4	20	3629,2	26	2150,7	5	6878,9	25	3629,24	1	2150,6	19	6878,19	6	3629,15	24	2150,23	10	6878,20	13	3629,20	6	2150,23	14	6878,0	18	3629,1	6	2150
14	8	6878,6	20	3629,5	6	2150,14	8	6878,23	2	3629,8	21	2150,24	6	6878,4	3	3629,24	19	2150,4	9	6878,1	25	3629,25	6	2150,0	28	6878,12	5	3629,4	14	2150,19	18	6878,26	16	3629,17	28	2150
26	22	6878,8	27	3629,20	7	2150,0	17	6878,15	26	3629,28	18	2150,18	28	6878,14	23	3629,0	5	2150,7	21	6878,7	2	3629,0	8	2150,28	21	6878,15	4	3629,20	1	2150,8	16	6878,25	26	3629,20	4	2150
4	8	6878,2	25	3629,15	1	2150,15	9	6878,9	0	3629,7	23	2150,16	7	6878,23	5	3629,27	28	2150,9	25	6878,7	28	3629,28	0	2150,4	28	6878,5	18	3629,28	7	2150,24	17	6878,26	7	3629,22	26	2150
7	10	6878,6	2	3629,14	0	2150,0	5	6878,24	6	3629,19	5	2150,8	10	6878,21	20	3629,7	24	2150,5	12	6878,20	17	3629,7	23	2150,18	19	6878,0	23	3629,14	20	2150,21	18	6878,5	26	3629,16	13	2150
5	19	6878,20	22	3629,21	5	2150,22	13	6878,15	7	3629,17	1	2150,6	0	6878,1	10	3629,21	4	2150,14	26	6878,22	25	3629,22	14	2150,10	14	6878,5	8	3629,2	7	2150,8	15	6878,24	6	3629,8	16	2150
12	5	6878,2	8	3629,4	15	2150,26	23	6878,19	3	3629,23	6	2150,4	14	6878,20	17	3629,18	17	2150,2	22	6878,10	28	3629,24	20	2150,16	9	6878,18	10	3629,24	16	2150,8	1	6878,7	9	3629,0	13	2150
26	7	6878,6	15	3629,21	17	2150,26	19	6878,21	17	3629,2	11	2150,18	20	6878,8	15	3629,1	10	2150,16	19	6878,6	16	3629,25	2	2150,8	19	6878,6	24	3629,2	13	2150,5	21	6878,7	3	3629,21	0	2150
1	10	6878,10	28	3629,14	28	2150,5	19	6878,6	20	3629,23	2	2150,3	6	6878,14	19	3629,0	25	2150,20	24	6878,25	3	3629,16	19	2150,4	22	6878,4	14	3629,20	14	2150,11	24	6878,5	4	3629,14	4	2150
8	0	6878,27	12	3629,9	25	2150,25	26	6878,10	23	3629,7	1	2150,16	22	6878,13	11	3629,19	21	2150,9	21	6878,7	6	3629,23	27	2150,2	11	6878,6	17	3629,19	10	2150,25	0	6878,26	27	3629,9	25	2150
17	12	6878,5	21	3629,0	18	2150,8	5	6878,22	26	3629,28	27	2150,16	1	6878,11	23	3629,18	24	2150,6	13	6878,11	20	3629,27	19	2150,23	3	6878,16	27	3629,13	12	2150,20	6	6878,14	27	3629,8	26	2150
13	21	6878,6	22	3629,1	20	2150,23	9	6878,15	26	3629,12	28	2150,18	28	6878,9	10	3629,23	10	2150,24	17	6878,1	4	3629,6	8	2150,4	8	6878,24	17	3629,14	1	2150,0	23	6878,20	13	3629,24	2	2150
15	5	6878,13	10	3629,14	6	2150,12	15	6878,28	19	3629,11	23	2150,22	17	6878,12	17	3629,20	28	2150,13	1	6878,7	27	3629,3	23	2150,18	26	6878,17	14	3629,4	27	2150,6	7	6878,14	9	3629,1	27	2150
1	20	6878,10	25	3629,11	13	2150,12	27	6878,13	22	3629,23	4	2150,23	20	6878,15	20	3629,26	15	2150,19	5	6878,7	8	3629,9	19	2150,22	21	6878,1	3	3629,16	20	2150,14	16	6878,10	28	3629,9	10	2150
20	6	6878,27	11	3629,11	10	2150,0	18	6878,6	27	3629,3	27	2150,27	0	6878,8	22	3629,25	4	2150,23	26	6878,17	18	3629,9	17	2150,6	25	6878,12	20	3629,13	9	2150,10	0	6878,14	9	3629,0	23	2150
12	19	6878,17	3	3629,23	24	2150,8	21	6878,4	23	3629,0	19	2150,8	5	6878,0	9	3629,26	5	2150,23	13	6878,6	24	3629,10	11	2150,8	17	6878,18	23	3629,4	0	2150,8	19	6878,12	13	3629,7	9	2150
8	28	6878,1	2	3629,28	0	2150,6	22	6878,4	20	3629,16	26	2150,13	28	6878,26	21	3629,17	1	2150,7	14	6878,12	2	3629,17	22	2150,21	28	6878,10	27	3629,23	3	2150,22	18	6878,18	23	3629,12	17	2150
18	14	6878,8	19	3629,23	12	2150,18	21	6878,20	4	3629,9	10	2150,14	8	6878,27	7	3629,28	14	2150,8	10	6878,19	15	3629,11	26	2150,14	13	6878,16	7	3629,10	8	2150,13	25	6878,25	16	3629,21	13	2150
15	19	6878,28	1	3629,2	21	2150,11	7	6878,28	17	3629,5	6	2150,23	13	6878,16	22	3629,20	25	2150,27	2	6878,9	19	3629,26	4	2150,26	2	6878,10	26	3629,18	9	2150,6	8	6878,15	10	3629,15	8	2150
9	27	6878,12	18	3629,25	5	2150,18	9	6878,10	7	3629,14	9	2150,22	1	6878,3	26	3629,19	2	2150,8	14	6878,6	5	3629,12	22	2150,11	1	6878,26	14	3629,8	25	2150,19	25	6878,7	1	3629,25	2	2150
8	20	6878,4	28	3629,28	11	2150,3	14	6878,6	3	3629,11	6	2150,25	27	6878,27	1	3629,5	26	2150,6	13	6878,23	12	3629,4	21	2150,20	25	6878,1	4	3629,22	15	2150,26	27	6878,8	5	3629,16	28	2150
10	6	6878,7	3	3629,19	4	2150,28	27	6878,4	16	3629,16	13	2150,14	4	6878,12	18	3629,11	21	2150,25	9	6878,6	25	3629,10	9	2150,3	1	6878,14	1	3629,20	17	2150,17	8	6878,22	12	3629,3	12	2150
20	21	6878,17	22	3629,9	23	2150,6	12	6878,17	20	3629,19	0	2150,10	8	6878,16	20	3629,16	22	2150,6	8	6878,23	21	3629,9	0	2150,19	13	6878,14	23	3629,16	8	2150,15	16	6878,25	9	3629,4	21	2150
6	28	6878,9	10	3629,26	19	2150,28	15	6878,20	12	3629,28	11	2150,10	27	6878,14	10	3629,13	3	2150,23	1	6878,26	8	3629,25	24	2150,21	9	6878,20	5	3629,19	28	2150,22	23	6878,8	2	3629,0	17	2150
6	19	6878,25	7	3629,25	13	2150,20	27	6878,10	7	3629,1	27	2150,18	2	6878,28	23	3629,0	22	2150,11	16	6878,4	15	3629,24	10	2150,22	21	6878,24	11	3629,9	25	2150,24	28	6878,4	11	3629,28	6	2150
26	27	6878,23	0	3629,23	5	2150,20	18	6878,19	10	3629,19	15	2150,1	9	6878,1	15	3629,19	16	2150,18	21	6878,4	12	3629,27	19	2150,11	8	6878,0	21	3629,10	11	2150,19	16	6878,19	28	3629,14	7	2150
25	23	6878,6	25	3629,10	5	2150,11	22	6878,4	17	3629,27	8	2150,20	0	6878,27	2	3629,8	3	2150,23	19	6878,2	22	3629,17	26	2150,6	0	6878,16	18	3629,9	18	2150,0	11	6878,16	25	3629,10	15	2150
10	23	6878,19	13	3629,18	15	2150,21	5	6878,26	27	3629,6	14	2150,24	21	6878,17	27	3629,20	9	2150,24	17	6878,3	24	3629,1	13	2150,6	2	6878,20	1	3629,17	24	2150,9	17	6878,7	14	3629,27	26	2150
2	26	6878,22	15	3629,10	11	2150,19	20	6878,26	12	3629,14	12	2150,6	18	6878,15	13	3629,24	19	2150,19	0	6878,15	27	3629,23	10	2150,20	13	6878,4	12	3629,26	16	2150,8	14	6878,24	27	3629,6	21	2150
6	20	6878,23	14	3629,4	24	2150,23	6	6878,9	16	3629,6	2	2150,7	24	6878,3	19	3629,4	16	2150,4	1	6878,20	11	3629,25	23	2150,7	21	6878,4	10	3629,13	16	2150,28	25	6878,18	17	3629,19	11	2150
14	5	6878,5	18	3629,17	15	2150,10	26	6878,5	6	3629,1	24	2150,16	20	6878,28	9	3629,7	18	2150,7	20	6878,15	28	3629,9	14	2150,28	6	6878,22	13	3629,22	9	2150,1	16	6878,0	10	3629,9	25	2150
4	23	6878,24	13	3629,4	16	2150,4	22	6878,23	11	3629,22	13	2150,21	8	6878,11	25	3629,0	24	2150,7	10	6878,1	9	3629,12	10	2150,13	2	6878,13	16	3629,21	28	2150,28	1	6878,25	24	3629,21	25	2150
24	1	6878,27	12	3629,26	23	2150,17	20	6878,9	13	3629,18	15	2150,4	21	6878,20	22	3629,16	20	2150,23	19	6878,16	22	3629,15	10	2150,15	12	6878,26	25	3629,17	18	2150,15	26	6878,14	19	3629,10	18	2150
17	20	6878,15	22	3629,0	3	2150,20	24	6878,9	11	3629,15	22	2150,12	5	6878,11	19	3629,19	5	2150,23	4	6878,11	17	3629,25	24	2150,25	20	6878,19	10	3629,21	17	2150,9	1	6878,13	1	3629,9	11	2150
18	9	6878,3	20	3629,9	23	2150,27	11	6878,9	24	3629,6	14	2150,6	13	6878,20	15	3629,1	25	2150,23	24	6878,9	14	3629,19	4	2150,13	19	6878,8	15	3629,23	11	2150,13	24	6878,11	19	3629,6	8	2150
27	23	6878,11	21	3629,18	3	2150,7	14	6878,3	0	3629,26	7	2150,20	4	6878,15	21	3629,24	14	2150,13	8	6878,0	22	3629,5	8	2150,8	24	6878,16	8	3629,23	5	2150,5	22	6878,16	25	3629,22	17	2150
12	6	6878,15	24	3629,25	0	2150,25	4	6878,13	12	3629,11	25	2150,16	24	6878,16	28	3629,24	13	2150,21	22	6878,22	28	3629,12	7	2150,16	12	6878,19	24	3629,23	1	2150,15	25	6878,6	27	3629,28	1	2150
5	16	6878,23	3	3629,25	16	2150,1	11	6878,11	16	3629,25	23	2150,24	20	6878,18	13	3629,0	13	2150,16	26	6878,17	10	3629,17	2	2150,2	21	6878,17	11	3629,6	7	2150,25	18	6878,3	18	3629,23	14	2150
0	23	6878,3	7	3629,1	3	2150,0	28	6878,25	9	3629,0	27	2150,27	25	6878,28	18	3629,11	9	2150,24	19	6878,11	22	3629,17	28	2150,2	15	6878,5	24	3629,10	14	2150,3	9	6878,3	5	3629,3	25	2150
15	25	6878,26	21	3629,5	0	2150,23	22	6878,13	5	3629,6	28	2150,15	10	6878,4	9	3629,17	5	2150,18	8	6878,14	6	3629,16	5	2150,20	17	6878,7	11	3629,15	4	2150,18	8	6878,14	26	3629,18	11	2150
24	14	6878,3	18	3629,18	10	2150,25	10	6878,7	27	3629,4	16	2150,8	27	6878,19	23	3629,1	7	2150,17	27	6878,28	22	3629,20	2	2150,4	9	6878,26	22	3629,1	17	2150,6	0	6878,5	19	3629,9	6	2150
18	5	6878,12	20	3629,4	28	2150,9	25	6878,7	2	3629,21	4	2150,28	22	6878,2	28	3629,27	0	2150,5	13	6878,5	6	3629,6	3	2150,23	8	6878,8	7	3629,26	28	2150,0	22	6878,16	4	3629,14	27	2150
6	18	6878,21	25	3629,12	4	2150,3	27	6878,1	3	3629,11	12	2150,19	7	6878,10	13	3629,2	5	2150,23	13	6878,6	25	3629,23	2	2150,13	24	6878,22	19	3629,15	6	2150,8	12	6878,14	22	3629,20	19	2150
7	24	6878,18	11	3629,20	25	2150,16	27	6878,10	21	3629,25	22	2150,6	11	6878,2	18	3629,24	7	2150,8	7	6878,4	2	3629,25	17	2150,27	10	6878,10	11	3629,17	25	2150,9	6	6878,2	22	3629,20	25	2150
2	1	6878,12	27	3629,4	22	2150,6	13	6878,24	2	3629,5	3	2150,2	21	6878,8	13	3629,22	5	2150,18	17	6878,25	0	3629,19	25	2150,15	17	6878,5	9	3629,24	5	2150,28	19	6878,14	3	3629,7	19	2150
12	9	6878,22	0	3629,10	17	2150,28	6	6878,17	1	3629,3	1	2150,18	2	6878,20	7	3629,25	28	2150,6	16	6878,10	3	3629,21	10	2150,13	0	6878,16	9	3629,18	14	2150,17	26	6878,25	23	3629,4	26	2150
7	17	6878,3	22	3629,19	22	2150,24	7	6878,12	20	3629,2	20	2150,15	18	6878,21	2	3629,10	2	2150,22	2	6878,15	4	3629,18	3	2150,18	26	6878,28	19	3629,7	1	2150,10	19	6878,5	23	3629,12	19	2150
8	23	6878,2	6	3629,24	26	2150,16	2	6878,6	27	3629,6	7	2150,11	15	6878,16	24	3629,27	1	2150,3	1	6878,17	25	3629,11	27	2150,1	0	6878,20	14	3629,10	0	2150,3	6	6878,14	6	3629,1	7	2150
19	10	6878,5	23	3629,17	1	2150,0	14	6878,7	25	3629,0	1	2150,0	14	6878,22	21	3629,6	19	2150,27	5	6878,21	5	3629,18	27	2150,7	28	6878,28	5	3629,24	25	2150,25	6	6878,1	11	3629,20	28	2150
3	27	6878,21	0	3629,13	4	2150,18	19	6878,14	19	3629,17	7	2150,18	15	6878,15	4	3629,19	23	2150,26	23	6878,5	22	3629,27	15	2150,18	27	6878,10	26	3629,24	12	2150,1	28	6878,18	5	3629,16	8	2150
20	4	6878,3	2	3629,25	5	2150,27	7	6878,26	7	3629,8	13	2150,8	9	6878,5	0	3629,25	13	2150,20	23	6878,4	12	3629,7	17	2150,2	11	6878,12	13	3629,17	18	2150,14	16	6878,28	8	3629,3	6	2150
20	25	6878,7	22	3629,27	8	2150,19	10	6878,24	5	3629,24	0	2150,24	15	6878,26	5	3629,2	24	2150,14	0	6878,14	17	3629,22	20	2150,21	3	6878,5	11	3629,23	28	2150,8	14	6878,22	8	3629,11	4	2150
17	11	6878,18	16	3629,6	26	2150,17	16	6878,21	4	3629,19	15	2150,1	28	6878,17	4	3629,23	15	2150,8	20	6878,0	22	3629,19	23	2150,24	8	6878,23	13	3629,26	24	2150,4	6	6878,3	14	3629,23	0	2150
20	25	6878,15	19	3629,2	28	2150,0	27	6878,11	21	3629,27	3	2150,12	26	6878,11	2	3629,20	9	2150,19	14	6878,12	27	3629,11	10	2150,23	9	6878,11	18	3629,16	13	2150,7	14	6878,22	20	3629,4	10	2150
27	8	6878,26	24	3629,15	28	2150,23	13	6878,5	12	3629,23	8	2150,22	11	6878,11	10	3629,24	16	2150,6	11	6878,23	1	3629,18	2	2150,2	19	6878,23	0	3629,13	7	2150,2	22	6878,3	25	3629,10	13	2150
16	5	6878,13	19	3629,12	27	2150,13	27	6878,11	14	3629,18	7	2150,0	14	6878,12	7	3629,17	19	2150,24	19	6878,22	0	3629,13	9	2150,22	15	6878,5	8	3629,27	4	2150,0	8	6878,20	0	3629,28	3	2150
1	23	6878,7	1	3629,28	21	2150,26	14	6878,27	25	3629,13	24	2150,16	9	6878,18	7	3629,11	17	2150,27	16	6878,10	19	3629,23	0	2150,3	24	6878,2	6	3629,15	9	2150,10	4	6878,5	13	3629,9	22	2150
7	5	6878,5	8	3629,0	19	2150,25	11	6878,20	6	3629,11	10	2150,10	14	6878,8	24	3629,3	7	2150,6	3	6878,4	3	3629,18	16	2150,20	0	6878,6	21	3629,21	26	2150,3	10	6878,23	15	3629,4	22	2150
21	1	6878,18	25	3629,18	13	2150,8	1	6878,8	5	3629,25	10	2150,0	8	6878,23	27	3629,15	22	2150,16	26	6878,14	17	3629,28	9	2150,22	28	6878,16	24	3629,11	24	2150,8	7	6878,18	19	3629,2	19	2150
24	14	6878,7	26	3629,2	5	2150,21	24	6878,17	27	3629,23	0	2150,12	1	6878,17	16	3629,3	1	2150,26	1	6878,6	3	3629,8	11	2150,19	21	6878,28	19	3629,23	5	2150,7	10	6878,3	22	3629,23	13	2150
12	28	6878,27	15	3629,5	4	2150,1	6	6878,3	22	3629,12	18	2150,26	2	6878,25	20	3629,22	24	2150,26	7	6878,19	25	3629,14	3	2150,6	2	6878,1	20	3629,26	20	2150,19	6	6878,5	17	3629,12	8	2150
1	2	6878,15	25	3629,20	8	2150,16	15	6878,0	8	3629,4	28	2150,11	18	6878,6	16	3629,26	15	2150,9	25	6878,27	17	3629,25	19	2150,3	11	6878,12	11	3629,23	16	2150,24	15	6878,15	2	3629,5	1	2150
17	1	6878,17	15	3629,6	17	2150,2	13	6878,25	13	3629,13	6	2150,24	3	6878,16	18	3629,1	18	2150,7	17	6878,9	28	3629,1	16	2150,24	25	6878,5	22	3629,1	25	2150,18	6	6878,20	28	3629,27	10	2150
0	4	6878,9	5	3629,15	10	2150,16	24	6878,17	25	3629,19	6	2150,4	6	6878,12	27	3629,1	12	2150,21	14	6878,11	22	3629,6	23	2150,23	28	6878,27	12	3629,7	17	2150,14	3	6878,8	13	3629,16	15	2150
11	22	6878,21	10	3629,11	14	2150,10	27	6878,17	16	3629,20	0	2150,10	2	6878,28	13	3629,26	24	2150,25	3	6878,4	22	3629,10	4	2150,20	18	6878,16	6	3629,6	9	2150,26	14	6878,2	15	3629,2	7	2150
4	1	6878,1	13	3629,23	10	2150,24	25	6878,12	13	3629,23	28	2150,2	5	6878,3	5	3629,7	15	2150,9	28	6878,20	28	3629,14	10	2150,15	26	6878,5	12	3629,15	7	2150,3	16	6878,16	20	3629,3	4	2150
16	6	6878,2	14	3629,21	3	2150,16	0	6878,19	0	3629,28	6	2150,2	22	6878,24	21	3629,6	4	2150,11	16	6878,12	14	3629,27	14	2150,14	16	6878,14	15	3629,18	17	2150,9	26	6878,28	21	3629,16	11	2150
6	3	6878,13	0	3629,11	6	2150,22	8	6878,27	8	3629,25	27	2150,19	27	6878,12	20	3629,22	10	2150,20	5	6878,4	16	3629,15	24	2150,10	21	6878,0	8	3629,18	13	2150,10	5	6878,10	28	3629,28	0	2150
