39	37
24	36
39	23
27	20
15	26
48	11
41	8
34	16
15	32
25	9
5	49
14	24
6	24
10	32
9	30
9	53
35	2
33	45
18	49
30	2
20	23
19	28
33	35
18	15
46	39
35	24
41	16
36	32
5	34
47	10
51	1
50	32
53	20
21	28
27	10
24	17
10	38
36	43
19	15
31	6
30	32
27	11
49	21
44	36
49	7
40	50
43	10
43	22
0	39
45	22
28	37
54	4
41	11
30	8
52	38
34	13
38	3
6	49
11	7
0	52
46	12
21	34
6	32
14	36
7	30
24	3
32	19
0	25
33	14
30	28
8	53
27	36
41	37
35	42
12	44
24	42
16	53
23	51
0	1
42	21
45	41
12	2
35	39
43	37
30	15
48	12
47	32
37	46
53	2
1	32
39	43
6	35
40	30
2	46
47	25
52	49
47	23
33	12
41	34
38	10
45	14
22	18
1	10
19	11
23	31
40	43
54	39
39	23
30	39
1	12
40	51
45	30
33	18
33	22
43	25
14	40
41	48
51	24
38	12
49	21
4	37
44	16
40	37
28	13
4	22
40	23
41	53
11	34
19	1
48	51
11	25
35	25
18	15
24	43
4	2
5	9
21	12
16	31
54	29
16	51
47	11
1	26
54	14
9	35
23	19
48	24
44	13
42	21
42	20
30	0
22	47
41	17
20	41
4	29
26	11
27	42
43	40
27	4
39	15
35	53
28	30
38	29
19	49
25	43
16	43
48	7
34	23
23	13
19	17
42	17
19	38
40	3
46	47
20	10
42	6
14	54
38	54
43	13
42	9
11	29
33	24
6	4
12	13
50	12
28	29
20	52
18	26
54	15
53	2
9	26
17	49
43	11
31	17
12	54
40	53
44	32
1	14
28	8
1	7
11	47
33	20
39	38
6	41
48	46
7	51
2	27
2	3
5	53
11	52
19	51
23	27
29	4
31	24
28	17
40	10
2	18
42	38
7	12
6	16
21	4
21	12
13	2
44	12
50	53
27	29
18	26
37	52
11	30
17	27
49	34
3	35
23	12
52	13
43	45
54	45
51	29
34	35
18	40
36	45
40	39
32	26
38	23
13	40
34	17
1	49
51	37
20	8
23	6
16	48
8	26
20	36
17	18
30	25
9	43
35	3
39	21
2	45
46	9
25	7
41	37
44	54
21	37
6	8
39	10
24	7
15	54
21	51
15	17
24	25
42	32
32	35
33	9
29	17
48	10
49	6
39	15
6	28
8	23
12	47
51	27
30	4
48	16
35	38
43	44
35	28
3	18
16	13
31	19
11	37
36	50
24	13
41	0
4	22
18	20
54	31
36	5
17	12
22	51
51	23
0	28
29	31
9	24
31	20
39	20
12	42
47	34
15	40
44	11
7	18
8	3
13	16
11	33
41	39
39	46
37	32
3	53
37	3
8	19
33	42
31	9
11	16
16	54
12	25
40	1
2	48
16	23
25	39
39	26
53	42
39	0
51	4
27	11
38	14
48	10
50	32
52	44
40	34
23	36
54	26
26	11
40	34
11	51
11	13
45	10
28	12
34	54
0	24
28	50
4	6
13	9
19	50
16	36
6	20
15	28
43	41
1	4
1	24
30	0
7	37
46	16
9	39
5	2
49	20
12	14
14	18
49	43
41	8
34	22
27	22
35	4
54	27
15	10
37	27
38	16
10	4
13	12
13	17
17	41
4	30
11	33
40	19
23	4
9	22
34	9
45	39
21	5
36	29
47	23
1	10
36	2
7	35
3	15
13	51
10	16
50	53
8	26
21	24
54	45
45	52
6	43
22	50
29	35
15	13
50	9
52	18
28	42
46	5
32	14
22	42
40	26
32	5
36	38
50	42
2	20
45	8
44	20
39	22
11	12
48	3
5	23
40	24
10	46
1	13
12	4
13	49
47	18
44	18
44	42
32	42
42	38
31	27
10	34
54	31
29	38
39	47
38	54
40	49
7	13
18	39
5	41
51	1
53	13
16	30
46	32
52	47
32	39
9	38
4	51
20	23
41	10
44	46
11	14
14	41
15	13
8	26
24	54
6	23
10	40
20	33
2	24
38	15
37	8
23	17
13	16
13	24
29	19
18	45
1	44
45	8
40	42
14	41
4	50
30	16
23	11
29	49
15	19
5	30
3	48
14	29
52	30
50	42
20	53
8	25
9	12
50	17
27	15
40	16
44	32
47	30
49	5
22	47
43	26
9	46
22	6
23	26
15	21
0	16
12	16
42	13
19	0
7	28
24	46
32	35
5	9
30	1
26	29
43	51
22	33
20	35
11	43
40	20
18	12
24	44
43	50
4	48
17	0
36	21
20	51
36	16
18	11
45	41
13	51
23	19
40	3
16	36
53	4
13	28
2	48
23	47
25	44
16	47
22	52
44	0
21	40
14	13
15	19
10	40
1	53
39	24
44	22
43	42
36	39
44	40
5	24
34	44
3	15
37	32
32	12
21	5
41	15
18	32
6	29
23	27
28	12
10	52
8	28
30	10
50	22
27	12
49	23
45	30
11	47
49	54
3	50
38	47
30	20
1	13
34	13
16	36
19	45
40	42
1	31
36	29
47	20
3	18
50	28
52	51
11	7
51	52
17	44
52	15
21	12
51	0
13	46
4	54
10	50
49	24
52	41
33	47
1	50
49	52
44	38
49	16
53	15
14	29
11	32
54	20
12	31
39	45
38	15
33	14
25	47
9	7
12	30
11	4
3	32
39	33
49	32
40	26
42	2
34	18
27	18
28	37
46	39
9	24
2	19
4	16
23	30
14	51
19	20
35	33
38	34
31	20
39	42
20	52
10	22
45	32
6	24
52	23
54	12
33	42
32	48
12	24
37	17
8	15
18	51
42	23
28	26
34	15
52	18
41	23
39	53
37	5
20	19
23	49
51	17
37	40
23	53
11	25
18	10
38	53
53	9
0	28
47	12
17	6
35	36
3	25
27	42
54	29
46	16
10	30
24	54
30	9
8	41
21	17
42	11
32	39
42	51
45	49
41	20
0	9
30	16
52	51
4	42
29	36
30	38
6	46
3	27
51	15
23	46
45	24
45	20
49	22
33	18
46	48
20	39
12	32
12	3
7	4
42	1
42	19
28	46
2	12
35	47
34	30
15	31
37	14
8	4
54	32
2	0
53	24
23	16
35	18
27	52
2	31
12	53
32	34
45	30
40	43
53	10
50	43
17	15
34	2
30	19
7	9
38	10
37	9
1	43
46	14
48	52
0	24
14	27
2	40
3	0
27	24
9	35
22	47
39	18
8	23
8	24
38	6
19	13
5	8
22	35
8	53
16	33
24	22
0	13
39	47
31	13
3	4
16	9
8	21
7	50
32	33
12	31
8	26
41	0
50	15
20	48
5	14
54	52
19	4
22	38
29	41
8	47
31	52
14	12
6	24
35	1
30	22
44	5
42	51
21	19
1	27
39	33
18	35
16	49
41	37
42	26
54	0
5	42
39	25
3	2
14	34
32	51
41	28
20	22
9	36
41	33
20	22
13	8
26	50
51	9
27	3
19	46
13	3
35	44
16	3
46	5
1	33
53	16
21	26
37	52
6	44
8	0
32	35
45	40
23	50
28	11
6	36
54	2
4	28
31	48
25	35
37	40
27	9
41	37
28	46
3	5
40	0
18	53
46	19
29	21
11	38
44	0
0	44
13	36
7	5
36	41
12	39
40	50
13	35
17	16
14	22
32	52
23	5
9	42
28	48
24	0
43	49
49	29
53	21
29	48
38	29
1	36
37	17
39	43
40	54
52	42
15	16
40	42
45	1
29	37
18	39
42	22
13	41
43	2
10	24
35	29
13	47
49	24
53	28
20	44
22	5
35	46
34	49
8	4
7	50
53	30
24	9
48	35
27	51
51	16
28	6
5	51
18	6
12	47
41	25
31	53
7	17
21	12
48	54
25	41
44	48
31	14
21	20
35	41
34	6
19	46
3	38
36	18
16	7
25	3
24	31
53	10
10	42
16	41
52	33
7	35
4	36
46	33
33	20
49	28
22	48
53	47
12	11
23	29
12	8
40	1
19	29
43	42
53	6
18	21
41	53
8	48
9	23
15	12
51	19
32	4
35	48
51	37
43	53
22	15
10	48
30	25
45	43
52	17
15	28
24	9
5	9
10	31
7	20
32	44
19	49
3	16
27	20
16	14
9	36
8	15
12	52
54	25
41	42
46	31
48	50
41	9
11	42
32	24
27	1
16	50
43	1
8	37
24	1
26	35
39	8
19	50
37	35
33	1
12	39
6	3
49	0
28	42
52	34
42	51
14	51
1	12
0	7
26	53
44	52
17	3
39	44
46	13
38	25
23	52
11	8
50	22
1	53
13	50
52	51
41	47
18	20
46	3
47	34
23	18
54	29
22	2
50	16
18	43
39	6
54	22
20	27
33	35
30	28
42	38
53	34
15	30
33	17
25	48
2	23
25	53
16	51
13	6
31	18
43	18
17	45
39	41
4	54
20	11
32	5
54	42
53	45
7	35
16	43
18	33
22	52
25	2
51	6
36	28
23	1
41	8
41	49
54	19
29	27
4	39
13	22
16	9
15	9
21	27
31	38
51	15
42	27
1	46
37	28
39	42
26	48
33	36
21	15
16	17
31	54
47	35
13	20
26	50
13	2
23	22
7	19
2	28
19	11
39	1
53	42
47	37
50	0
15	16
27	31
35	2
24	37
54	0
28	36
30	53
46	36
42	0
2	48
13	5
23	20
19	30
21	24
33	21
2	5
10	3
42	54
26	20
25	18
44	47
35	40
33	46
8	29
46	49
24	47
11	52
19	49
2	37
45	1
43	14
22	12
40	41
50	52
32	51
20	11
52	40
50	54
31	25
0	11
34	25
19	54
38	0
26	20
44	47
24	13
30	34
13	38
9	28
37	44
13	27
46	25
41	49
19	50
40	53
13	51
15	49
46	40
36	15
13	53
33	14
46	34
12	40
32	47
2	37
52	41
20	46
12	9
35	30
8	34
53	32
38	13
54	4
33	34
3	27
51	8
6	22
44	10
39	22
39	36
10	6
26	23
33	21
5	30
18	35
21	22
38	53
19	6
32	17
26	39
31	37
31	21
34	33
35	8
46	39
34	0
29	7
26	54
48	36
39	52
8	16
47	22
45	26
1	12
43	6
3	41
41	54
45	53
19	37
54	45
14	36
28	22
34	20
18	38
7	23
8	28
45	36
30	20
19	46
43	5
30	24
20	21
24	51
28	33
28	46
50	38
19	31
48	27
50	29
8	28
15	33
43	44
29	43
9	21
13	40
11	4
24	9
50	41
28	25
28	50
16	7
53	22
47	37
50	40
5	50
33	9
20	46
5	48
38	22
7	20
49	37
13	10
46	2
37	39
14	51
3	7
5	7
9	35
51	49
22	12
21	49
42	37
17	53
27	45
50	8
13	5
42	24
1	50
11	20
52	42
31	45
30	45
39	35
46	52
33	51
19	3
1	33
30	47
0	6
51	33
26	13
6	11
20	5
7	38
8	3
31	30
38	50
19	23
3	35
15	40
51	45
10	48
5	15
36	33
12	45
30	46
25	44
20	12
27	24
52	2
26	22
21	47
21	49
29	7
38	8
34	23
24	5
11	2
16	3
22	39
21	50
21	17
4	18
34	40
3	34
46	2
35	43
32	48
41	0
47	29
6	34
34	18
21	37
44	41
13	42
20	4
46	17
30	9
26	30
24	23
1	12
53	40
40	38
45	43
19	5
21	27
52	53
34	21
22	21
10	15
46	10
43	28
50	1
26	1
26	22
41	16
1	12
52	51
10	40
31	39
24	37
20	27
23	14
19	5
26	25
2	43
45	33
4	36
13	3
11	6
22	26
37	20
44	2
32	46
13	18
1	18
13	27
34	35
34	29
36	45
29	23
2	44
0	50
0	49
42	29
22	18
42	19
47	19
33	31
26	1
19	48
2	14
33	8
33	10
3	31
46	34
41	27
30	49
5	46
10	23
33	41
4	17
49	35
7	13
26	35
11	17
54	31
34	27
10	12
24	1
7	17
13	41
6	29
26	15
13	8
49	37
31	26
18	54
5	6
39	28
11	15
24	25
27	5
14	36
18	11
27	49
28	38
8	37
51	49
10	16
51	39
3	25
30	43
10	43
4	9
53	27
32	16
12	7
15	5
24	17
36	31
16	27
13	15
54	43
8	16
6	29
41	53
36	31
0	39
49	23
13	24
44	41
34	27
17	32
17	31
41	6
0	34
16	36
5	48
7	36
47	12
30	44
30	25
6	22
11	34
17	24
17	14
41	33
6	26
26	41
45	16
4	10
36	40
40	50
22	44
42	34
2	31
28	37
50	16
24	5
21	49
15	5
35	0
39	22
45	41
5	21
42	39
19	24
32	6
33	2
52	48
43	7
11	34
0	5
38	15
9	15
11	4
8	13
25	22
33	2
52	33
5	24
17	25
17	38
12	46
6	53
38	51
0	52
8	4
17	45
0	47
44	3
47	11
39	7
53	17
32	31
9	24
22	43
40	41
51	35
24	6
21	38
23	43
42	5
28	36
7	39
17	19
11	1
33	50
23	36
6	46
53	45
10	37
0	53
15	40
8	37
53	3
30	43
5	18
22	9
27	37
39	27
45	54
31	50
45	33
53	52
12	31
4	34
51	49
48	38
3	25
7	32
7	16
23	38
48	21
9	51
6	47
6	34
5	24
29	35
20	24
51	22
35	46
40	18
45	52
8	40
29	1
27	32
10	15
7	43
8	50
27	22
31	26
2	17
37	18
12	35
49	51
22	30
38	44
51	12
5	44
51	12
12	11
27	49
4	52
41	12
29	43
44	27
40	53
4	50
41	33
45	16
31	53
45	42
45	43
12	23
13	19
29	33
8	36
48	23
15	20
15	5
33	53
5	2
41	53
22	9
25	0
0	36
27	5
40	51
45	53
33	19
21	53
18	20
19	12
30	22
51	28
32	4
2	15
35	48
21	26
36	12
40	50
8	24
26	23
16	27
36	49
18	45
51	54
43	11
20	41
4	11
35	47
39	53
8	49
6	37
50	54
30	4
48	54
19	23
13	11
36	15
29	53
26	39
27	3
11	47
19	45
24	2
8	24
5	45
20	18
5	37
48	11
44	51
39	54
24	11
49	17
8	15
17	50
36	45
22	42
43	37
26	32
47	22
10	13
47	36
54	5
5	26
53	27
48	39
40	24
21	0
25	33
37	50
9	15
6	35
16	13
28	10
31	16
6	31
16	48
2	48
53	52
27	5
4	1
1	53
41	31
31	48
6	17
33	6
47	35
24	40
16	2
31	11
5	36
6	32
42	54
5	45
37	5
53	14
0	17
0	40
19	0
42	4
31	54
5	32
48	13
38	15
18	27
47	5
43	37
11	8
18	40
51	4
41	10
34	8
1	50
23	15
32	22
31	27
44	10
33	8
37	22
45	51
25	3
4	22
36	12
46	0
51	26
24	50
2	10
44	28
16	18
20	41
30	10
6	41
0	20
7	14
10	30
28	16
14	38
22	13
19	13
14	3
17	0
10	49
6	39
28	8
8	46
27	22
22	8
34	48
48	8
26	36
41	33
48	27
48	1
18	40
9	19
22	46
52	41
41	0
7	24
51	7
26	11
43	23
24	16
9	19
48	20
31	8
28	38
18	35
8	43
43	1
36	16
50	33
6	41
45	35
47	40
33	44
39	6
52	7
16	22
35	9
45	27
45	14
5	18
38	18
21	23
8	17
31	14
4	27
0	30
51	32
35	23
27	36
39	21
0	38
1	13
54	3
27	6
46	50
34	12
46	50
42	24
29	39
48	23
8	23
54	53
27	14
28	8
43	23
53	9
8	33
16	4
37	30
20	50
31	41
32	30
28	47
28	25
25	44
52	8
41	51
29	44
19	48
50	18
29	44
3	14
52	32
9	22
54	14
21	14
31	6
36	30
53	12
37	8
14	6
27	4
39	50
6	35
5	12
18	10
23	49
10	25
54	52
28	33
5	1
52	30
12	16
33	31
48	7
9	32
34	21
42	30
53	49
33	21
19	27
26	21
9	54
24	38
18	48
8	11
35	8
7	15
32	9
17	2
11	49
30	53
31	39
31	46
30	1
40	21
48	37
28	51
18	43
13	31
33	13
8	1
5	53
19	40
33	8
8	10
46	30
39	34
54	28
3	25
15	33
47	34
44	32
49	25
45	41
28	16
18	48
30	13
16	0
52	6
38	14
51	14
46	7
53	13
51	0
11	30
23	12
24	1
49	23
5	12
53	35
13	18
54	36
44	22
15	50
14	32
15	26
50	19
33	44
52	33
10	3
15	12
12	53
35	19
1	5
36	10
4	21
26	11
11	48
10	48
42	49
1	26
34	13
15	7
24	28
49	38
10	28
3	18
21	35
8	17
30	15
23	43
22	5
54	20
32	37
20	26
16	10
18	46
31	19
33	20
49	33
22	30
19	15
1	16
12	22
18	28
13	19
11	32
26	40
43	34
35	19
48	44
17	16
18	48
0	15
35	27
15	20
42	3
23	35
39	20
35	40
42	50
14	52
48	6
35	39
26	9
14	3
14	20
36	11
29	39
53	18
4	5
14	44
27	50
39	31
4	25
14	53
10	4
1	5
22	28
0	19
45	46
38	46
21	50
45	34
27	10
10	31
26	46
1	49
43	18
50	36
17	26
47	46
8	9
10	31
37	36
36	9
11	35
5	11
10	45
31	42
15	9
9	5
6	53
35	10
50	15
43	48
51	39
45	21
39	30
14	10
12	30
22	0
31	10
33	2
8	29
8	0
0	41
0	50
36	13
7	21
10	0
17	28
42	31
5	16
43	50
35	50
26	4
35	14
1	24
5	20
4	54
17	46
12	38
42	44
0	8
13	25
22	24
18	38
26	9
38	12
52	25
13	18
3	0
43	39
49	12
29	4
23	54
24	53
2	12
22	23
23	6
50	0
5	23
31	18
30	5
49	51
24	18
1	15
7	25
21	44
19	35
20	48
29	45
45	20
44	16
13	1
26	27
52	48
35	24
23	50
47	49
15	8
7	53
22	31
54	45
39	9
9	50
33	16
35	52
9	27
54	9
10	42
54	46
17	42
11	5
7	9
39	20
29	23
8	38
25	46
12	20
41	19
22	38
41	26
25	29
32	33
43	7
15	19
46	49
13	54
29	26
20	22
38	29
35	49
27	30
22	50
10	19
36	12
2	53
27	5
45	38
35	50
24	16
10	15
36	18
14	47
25	33
2	30
28	47
29	21
39	15
50	24
14	7
4	45
16	11
30	9
37	31
29	11
2	15
28	15
10	6
26	31
52	19
46	9
11	44
37	5
49	50
27	13
21	35
21	37
22	38
10	3
26	27
13	10
19	39
51	37
42	13
39	29
23	40
27	6
47	6
35	29
47	31
3	50
46	51
42	26
42	23
39	15
22	18
40	45
31	28
23	31
23	13
31	28
49	29
39	43
45	19
47	31
53	14
34	19
28	9
15	14
54	49
13	6
26	3
41	53
26	38
48	21
27	43
3	12
53	5
15	8
4	53
24	27
25	10
12	54
38	42
5	43
21	35
11	51
50	18
50	46
52	31
12	1
17	9
18	42
50	32
5	41
10	21
16	40
20	49
15	19
41	11
46	5
32	7
8	31
13	45
54	41
25	24
51	40
33	45
48	1
8	43
51	0
41	4
4	21
42	0
47	14
0	18
45	36
25	6
51	10
12	0
31	30
4	41
0	7
5	34
30	10
50	40
21	52
13	38
52	8
4	51
46	44
36	19
51	2
13	21
10	53
16	0
12	43
4	12
41	39
22	32
39	48
7	35
4	11
19	32
44	43
26	7
33	14
41	52
5	20
45	54
35	47
18	23
51	38
12	46
43	5
43	54
38	35
29	45
11	31
52	45
11	41
33	30
8	11
31	20
6	23
23	16
31	25
16	22
15	40
12	19
34	44
12	24
54	25
36	30
30	14
22	53
8	36
35	41
16	44
12	34
18	24
24	54
18	16
24	47
22	32
18	1
9	41
14	3
7	30
50	4
41	13
54	22
31	23
45	43
51	36
14	21
0	47
2	37
11	7
54	47
47	18
41	16
31	35
5	17
38	45
41	21
48	35
20	36
10	42
32	24
33	53
51	29
6	15
8	11
11	30
42	41
36	13
51	53
42	35
2	48
38	14
27	22
41	17
11	26
34	10
24	2
40	19
37	15
4	2
19	17
33	46
10	18
27	28
54	30
6	24
9	23
51	38
48	18
30	38
17	42
54	41
17	0
3	30
33	52
15	19
10	6
44	42
18	53
0	28
45	32
34	12
36	15
9	48
14	52
19	54
6	32
8	16
37	13
44	7
18	38
10	3
23	35
24	42
47	20
3	36
43	46
40	34
4	9
8	41
5	28
19	17
10	51
29	22
28	4
37	38
35	24
40	49
1	7
28	24
50	52
54	3
19	27
10	54
44	3
10	17
17	18
19	38
36	12
4	23
39	0
47	8
8	6
12	5
13	22
46	2
50	40
44	27
18	11
10	29
30	53
50	10
21	28
20	1
34	43
38	45
2	34
44	7
22	44
18	8
45	51
8	30
8	14
36	16
54	32
33	16
25	45
47	5
32	38
1	34
20	3
17	53
33	28
25	41
37	21
35	41
44	10
5	11
53	48
9	23
1	11
36	41
36	30
1	34
32	50
40	49
31	8
26	23
42	27
25	29
18	38
50	17
21	15
21	26
34	6
12	14
45	40
21	9
40	10
38	6
2	51
51	2
14	1
10	7
0	29
53	26
54	47
15	33
37	29
42	19
42	49
9	5
8	45
22	1
50	35
28	48
34	14
37	13
31	16
1	30
13	1
10	20
10	3
53	19
8	47
39	13
13	52
20	38
32	48
44	39
37	54
1	29
37	16
4	47
26	32
30	4
16	22
2	48
5	50
29	22
16	5
28	34
1	50
41	39
2	47
41	19
0	51
4	18
31	5
13	12
35	8
42	37
39	1
24	1
12	49
22	29
51	1
18	54
21	42
19	26
47	33
52	53
6	12
50	25
52	39
3	17
37	36
50	45
12	46
22	49
30	15
14	34
46	51
17	26
37	7
17	13
26	10
38	45
14	8
39	14
1	48
43	10
49	51
19	18
20	43
32	33
44	25
33	34
16	1
26	37
21	38
3	43
43	29
49	1
39	24
36	43
32	46
27	49
50	18
34	39
45	22
27	49
32	36
1	38
53	3
37	21
47	49
45	11
38	19
43	48
23	15
26	49
41	7
24	14
45	39
53	1
20	41
7	40
8	10
52	42
9	51
40	46
54	26
37	15
14	23
18	37
4	32
7	18
32	51
21	31
29	14
30	7
20	6
19	54
2	25
40	47
50	32
53	4
20	19
7	54
26	30
28	33
37	12
38	29
21	31
41	44
20	9
54	26
20	31
9	48
54	33
18	45
12	14
50	25
24	13
31	20
48	29
18	49
13	36
20	4
20	50
3	36
29	5
50	1
3	33
1	52
48	14
22	26
41	6
47	48
15	32
27	36
36	25
4	31
43	24
29	27
13	35
17	46
42	10
51	54
21	28
16	15
47	0
25	5
43	45
44	51
10	50
25	33
9	22
25	8
44	50
35	32
29	39
33	19
39	21
17	36
6	11
38	35
29	45
10	21
5	42
49	47
19	45
27	19
14	5
5	1
27	13
23	28
47	7
29	4
0	25
1	39
46	18
48	46
22	45
24	20
32	27
52	34
34	42
38	15
3	29
7	54
5	30
35	38
2	39
17	54
16	42
48	53
21	20
46	28
50	36
42	0
20	22
51	44
52	29
0	31
1	54
19	48
13	43
0	15
27	47
19	17
10	15
4	47
37	39
15	7
1	37
2	41
8	22
51	39
32	38
11	21
22	46
30	12
41	12
24	46
45	53
9	51
49	34
31	4
11	7
31	11
32	13
1	14
46	18
33	50
33	15
54	39
11	39
28	17
54	10
12	42
19	0
42	41
5	41
47	10
52	37
29	38
52	30
38	7
21	3
22	44
37	19
42	0
50	10
9	40
12	48
21	35
38	2
41	19
8	38
31	19
31	29
21	42
28	3
7	21
28	21
19	2
34	30
4	11
16	8
16	50
20	27
40	34
47	6
13	0
42	20
23	31
26	7
1	51
51	15
31	11
23	39
24	18
12	48
26	21
53	33
37	17
34	45
49	21
8	3
46	11
18	45
25	52
4	12
6	11
49	27
4	36
3	28
2	5
17	52
26	2
22	0
36	0
26	36
44	46
47	33
35	43
39	12
0	37
28	1
1	15
17	33
53	40
34	24
46	9
28	6
11	31
22	30
46	3
37	32
18	47
8	38
39	48
11	24
31	44
40	7
31	39
9	38
24	10
32	54
1	32
22	51
41	39
53	0
12	48
40	0
49	36
36	18
16	30
30	46
38	27
1	23
42	14
15	17
15	46
44	50
2	23
1	51
8	5
11	24
45	11
8	6
24	16
32	21
22	24
48	15
13	40
15	28
37	39
52	26
49	23
49	37
26	5
2	29
6	17
2	44
33	41
43	38
43	28
6	9
2	45
13	14
28	23
24	11
31	22
13	20
44	29
14	7
10	46
38	54
8	45
38	7
49	52
8	36
23	12
10	51
49	18
44	14
27	35
26	24
2	28
30	20
24	52
16	19
23	17
31	32
25	9
22	52
34	8
53	45
33	48
3	22
36	43
2	7
14	18
36	6
25	41
2	4
41	42
26	25
0	47
36	5
8	47
53	25
12	37
8	19
21	23
47	32
39	12
32	1
42	41
29	13
38	2
17	29
20	15
8	43
19	32
7	2
9	31
46	39
46	40
54	31
17	12
2	49
12	49
12	15
47	46
52	6
44	15
9	50
26	19
17	2
6	7
28	41
52	54
9	17
14	30
28	37
12	24
35	31
28	13
3	52
38	25
20	19
51	18
51	40
24	51
16	27
29	3
35	32
38	36
9	26
38	34
36	35
18	43
51	29
17	38
19	49
4	2
36	44
5	32
41	11
7	37
31	11
12	14
32	33
21	54
9	15
44	38
25	2
28	22
53	51
12	0
5	1
44	2
3	54
24	51
22	20
15	4
14	6
15	13
54	45
15	41
43	37
27	21
23	7
54	53
46	22
48	9
28	22
45	19
39	46
5	11
54	11
15	9
46	23
6	39
49	44
39	5
21	52
49	35
29	8
39	51
36	44
24	43
18	23
31	33
0	12
37	29
15	3
4	51
17	1
43	31
20	6
8	25
9	32
50	47
34	11
48	50
30	35
46	40
11	4
31	11
45	44
29	26
37	5
46	1
9	18
15	22
43	36
18	25
40	5
8	6
0	42
53	17
33	15
34	53
21	29
8	50
13	26
22	7
8	37
31	3
48	15
45	36
33	51
46	40
6	4
51	48
10	12
46	9
5	37
40	26
20	35
48	36
3	28
3	28
18	15
1	16
54	50
26	52
6	35
48	11
4	18
3	40
26	47
12	49
46	34
11	14
4	23
2	24
51	39
25	2
51	5
29	28
8	40
27	9
8	4
20	0
7	14
7	24
45	53
5	21
11	8
47	6
18	14
32	5
27	6
25	22
2	37
28	8
9	20
27	14
14	13
51	6
54	24
51	33
16	7
35	54
21	45
13	52
10	5
22	34
11	38
34	43
47	31
25	27
5	11
24	30
53	34
43	46
53	15
12	18
31	49
29	24
52	1
5	46
40	39
33	16
49	4
50	44
0	50
5	43
6	53
5	14
12	1
49	10
20	41
34	27
26	33
10	25
21	6
32	44
39	49
18	8
26	21
15	49
3	39
16	5
46	19
23	39
54	37
9	10
28	53
11	40
32	37
49	38
22	6
35	51
37	17
28	39
18	38
19	6
21	43
53	4
35	1
54	42
43	25
0	37
14	54
39	38
7	2
37	43
33	35
51	5
33	41
12	9
6	18
16	4
15	9
25	1
14	8
52	36
18	50
48	21
1	17
2	46
51	42
41	24
16	47
33	7
24	12
50	26
42	20
5	0
3	6
35	5
14	42
24	4
11	7
27	18
21	41
30	2
20	40
52	19
20	35
7	29
49	39
9	17
32	52
31	47
28	3
24	30
11	9
5	26
33	51
0	13
27	50
39	23
23	1
7	29
51	13
29	14
24	54
6	35
11	4
19	40
15	51
44	1
40	50
2	20
48	3
48	30
34	52
37	15
11	5
15	37
21	39
8	24
52	26
47	13
44	34
3	21
3	12
53	9
5	18
11	42
5	24
10	14
43	22
27	43
3	44
52	35
32	15
3	28
34	53
35	34
43	37
39	26
6	9
27	7
17	9
9	20
54	32
22	27
53	30
30	34
27	4
23	38
47	1
43	18
50	44
31	44
46	45
30	43
12	24
9	45
2	6
4	35
38	50
44	5
18	30
22	25
16	46
10	27
27	20
18	11
34	9
19	22
43	50
43	50
16	46
54	8
42	4
34	49
18	25
19	20
39	28
2	20
8	26
32	20
53	4
11	20
31	19
20	51
5	39
32	53
9	24
3	53
21	48
26	14
3	7
38	13
16	50
19	50
50	23
39	20
28	30
14	45
10	25
51	1
0	26
41	45
16	52
6	10
30	6
34	33
3	0
28	49
24	37
54	23
15	32
51	31
19	18
40	17
10	14
22	9
27	16
29	27
43	24
4	20
36	49
28	36
0	6
12	47
37	31
32	21
41	42
36	29
50	24
22	50
44	51
46	40
0	14
35	1
32	37
2	41
9	30
50	23
36	22
46	23
36	45
29	48
13	3
48	29
53	6
50	23
44	49
29	36
47	35
9	7
21	22
22	10
8	1
12	32
12	18
32	44
52	20
4	45
17	22
10	49
34	38
30	24
33	40
7	5
26	14
4	29
34	33
34	52
12	48
35	30
19	29
49	12
22	24
31	46
27	2
49	6
23	11
14	9
27	42
17	18
10	46
20	42
38	12
4	14
25	15
17	46
39	10
38	8
31	36
43	47
15	12
20	6
41	10
26	16
20	45
9	19
40	25
48	31
26	36
51	16
50	22
23	4
24	29
37	23
54	11
20	11
15	12
35	27
38	20
30	24
0	34
53	46
6	11
30	32
33	47
5	25
2	16
30	15
13	28
41	20
27	37
12	18
53	6
26	48
14	44
30	33
12	49
50	45
33	20
1	25
27	31
33	45
32	1
35	39
39	14
8	34
0	39
45	16
6	0
4	19
7	28
40	3
37	41
22	24
15	37
50	34
18	14
23	18
41	36
8	33
16	51
13	11
11	34
11	14
29	33
24	10
1	31
9	49
28	29
9	3
36	9
37	23
4	21
23	7
48	17
26	53
21	27
13	21
9	48
12	39
0	49
21	27
2	16
15	30
34	52
29	14
10	45
1	8
25	23
5	43
12	48
29	44
3	12
6	11
41	43
11	23
11	30
50	27
9	31
26	45
2	23
49	34
16	36
11	37
23	49
27	26
44	21
38	39
42	10
17	1
25	42
24	21
40	44
16	21
35	44
26	36
11	48
19	37
39	10
37	51
54	17
10	6
18	48
10	12
29	37
25	52
23	11
46	8
42	53
48	54
32	14
35	22
19	26
53	24
15	2
22	16
26	50
40	54
5	13
26	12
25	21
53	21
17	49
10	51
48	54
4	12
42	22
48	1
35	11
14	43
2	41
54	37
42	28
17	43
19	25
10	21
22	11
29	48
17	34
38	53
30	5
7	51
24	10
53	20
41	24
11	33
32	26
30	9
2	53
8	15
16	22
17	6
51	5
45	2
1	43
47	33
19	50
19	22
45	50
17	4
38	11
4	27
23	3
51	49
27	46
32	34
1	21
30	45
15	9
17	43
45	33
45	40
14	22
49	26
24	4
49	51
7	3
7	16
41	16
45	14
41	3
9	20
18	28
3	45
36	45
28	54
20	3
4	0
19	20
17	50
24	3
33	41
12	23
22	24
18	40
53	16
16	49
48	40
40	54
0	51
13	34
1	45
34	2
24	40
5	6
54	5
35	53
5	17
21	15
54	5
6	48
27	28
23	49
52	54
25	45
15	4
21	1
11	44
22	36
13	16
4	46
37	28
17	30
24	20
45	48
40	24
3	53
41	24
39	29
10	46
35	2
16	52
11	20
20	47
47	38
13	11
5	15
54	18
26	27
39	22
11	8
44	1
27	31
23	49
23	43
21	7
15	37
1	46
34	35
2	19
48	5
45	54
52	26
40	44
10	50
20	8
2	23
28	44
13	34
18	49
31	46
34	24
42	43
0	34
0	33
32	42
3	10
49	38
39	16
46	9
18	27
35	40
1	12
3	34
30	9
3	34
6	39
18	5
12	0
48	39
11	16
49	1
36	29
27	28
7	42
20	41
51	27
21	19
41	11
15	0
2	15
8	28
16	39
40	27
23	50
49	2
18	5
44	17
17	3
29	20
38	18
27	49
47	29
25	31
15	31
19	25
29	47
14	21
7	3
9	45
52	10
23	43
24	34
21	5
7	27
49	24
20	28
49	44
49	24
29	3
8	6
38	2
28	50
52	53
31	43
3	42
5	23
53	2
44	53
7	48
45	6
6	16
44	7
2	41
0	40
9	35
26	47
50	9
36	41
45	0
7	39
53	9
25	11
13	1
34	11
11	0
40	20
24	10
18	48
30	26
21	40
15	24
1	52
3	21
38	25
30	21
34	46
48	14
20	22
16	46
20	40
45	32
15	2
22	14
53	12
51	15
23	22
37	15
54	25
52	6
27	1
30	39
0	28
10	27
2	12
10	8
12	22
5	41
49	45
12	11
50	39
10	8
8	42
48	52
6	25
32	9
27	3
45	3
9	5
45	25
14	2
37	6
13	47
50	1
21	31
26	13
30	3
45	37
50	8
40	27
49	36
15	51
16	18
6	21
17	38
36	34
25	40
26	43
27	5
14	3
11	15
29	8
31	8
47	48
32	27
49	2
16	30
42	3
34	29
40	27
32	15
25	9
30	15
34	40
11	28
30	12
20	13
4	8
50	37
50	14
33	15
26	47
17	25
40	4
25	6
21	40
31	24
44	5
21	48
42	37
46	24
28	29
22	23
32	13
3	41
16	52
24	2
14	35
54	47
1	5
51	14
25	49
52	46
47	28
21	50
29	16
10	50
43	44
52	35
23	18
1	29
37	18
44	33
6	17
38	37
40	52
50	13
38	31
42	1
46	27
22	25
47	12
42	3
30	49
34	16
42	10
41	44
33	22
10	30
17	34
15	42
29	24
46	35
15	4
14	6
49	12
36	45
33	16
45	48
30	7
54	44
32	51
35	18
34	7
16	39
11	23
11	17
47	54
9	23
15	30
20	9
34	43
30	34
34	15
3	17
41	40
10	17
7	23
36	30
1	32
32	26
54	38
43	6
21	32
40	23
28	39
14	32
24	7
50	4
49	41
49	35
49	46
14	43
53	39
5	35
2	24
6	9
42	10
4	0
12	51
31	23
13	9
10	32
50	44
51	25
25	50
8	38
11	53
20	37
32	35
36	6
9	41
44	37
50	5
18	54
40	7
39	37
17	31
2	51
38	14
5	2
42	44
8	21
1	28
3	15
7	27
15	21
14	33
47	2
54	34
19	28
26	35
49	39
38	26
11	42
34	23
49	33
24	51
54	3
37	25
14	51
30	21
10	8
12	29
37	49
25	30
27	6
4	13
32	5
41	50
8	30
50	34
51	36
28	49
24	23
23	32
53	44
52	42
35	18
43	2
32	52
9	36
35	11
54	53
44	1
3	24
21	4
5	23
19	35
29	34
1	3
16	18
45	43
51	16
32	26
7	51
41	16
39	35
52	53
45	3
49	17
33	10
45	2
12	35
51	53
49	38
41	5
53	52
37	15
50	8
12	36
53	4
46	24
19	24
35	16
32	42
25	49
46	22
47	4
4	28
1	19
13	32
25	22
3	42
8	16
40	44
2	40
19	47
0	12
8	40
23	12
49	17
5	3
38	10
17	15
11	34
29	33
9	20
16	7
30	52
13	30
34	32
30	14
7	43
47	20
17	46
23	44
7	22
26	31
21	17
31	0
5	50
51	44
49	42
27	11
29	0
5	0
14	54
47	1
45	10
49	31
51	31
27	14
16	13
33	35
22	51
8	18
48	40
1	10
53	48
47	36
46	38
48	36
49	9
20	39
27	53
7	6
7	11
50	13
5	54
23	15
22	12
35	21
19	45
19	25
43	39
42	48
20	34
29	51
28	42
19	49
52	44
15	28
1	28
47	35
42	19
37	54
17	11
48	18
6	15
47	37
17	50
21	32
42	35
37	3
44	40
24	13
39	37
47	43
44	7
37	27
8	18
33	11
37	45
20	4
14	0
2	28
36	1
34	3
8	35
53	50
29	51
51	15
10	16
37	38
35	25
2	3
39	30
9	44
34	0
4	40
30	38
16	45
54	6
18	54
19	17
54	23
8	43
18	4
12	45
36	31
13	14
6	37
2	30
48	38
8	39
16	22
32	44
20	28
20	0
11	47
42	38
16	24
7	34
32	9
23	16
16	22
50	13
10	23
27	14
3	31
33	30
42	49
46	12
4	14
0	54
5	17
43	38
20	54
46	24
31	23
37	22
30	4
53	8
7	10
18	38
10	54
35	24
44	14
16	14
43	16
6	26
7	27
47	29
43	27
15	31
32	41
28	5
43	3
50	21
36	4
18	26
48	29
43	13
11	25
4	29
19	14
12	3
21	54
18	33
29	3
3	24
38	26
16	49
18	54
45	28
19	15
36	18
20	43
22	36
3	54
39	41
21	16
22	16
36	43
39	10
34	19
3	42
32	4
37	39
38	24
5	23
30	17
8	37
25	35
14	9
16	1
24	1
36	45
49	17
38	3
3	7
15	54
47	26
34	44
26	46
50	24
45	14
44	4
52	18
24	53
48	37
6	0
50	33
52	21
47	22
34	1
47	15
27	5
18	35
49	54
27	40
11	6
4	5
28	47
35	47
3	43
26	32
16	38
46	15
32	52
33	50
5	40
42	22
26	17
14	2
8	54
27	39
25	34
44	40
45	7
35	26
36	32
7	1
49	38
43	2
7	49
11	22
34	17
15	7
41	53
45	8
37	8
14	48
0	15
27	8
22	6
49	13
16	49
12	14
29	40
27	44
17	39
28	47
33	37
50	47
42	38
40	15
0	14
10	3
30	23
11	38
24	51
30	39
13	8
18	39
10	54
31	17
13	6
3	33
22	26
39	26
6	41
1	9
35	20
49	24
19	4
12	32
6	9
25	2
26	53
9	13
20	2
0	36
2	14
31	2
31	54
44	35
10	36
35	25
24	49
39	28
30	7
15	7
18	34
21	24
2	0
24	42
46	25
28	54
54	1
31	4
30	26
12	34
46	6
50	34
43	2
27	8
5	22
42	13
40	53
9	45
8	13
3	21
36	40
42	54
27	30
26	14
8	23
18	29
2	19
38	50
31	8
22	42
1	49
1	33
8	13
20	30
54	53
12	8
9	16
42	4
44	45
20	16
4	21
46	35
33	38
36	44
12	5
13	27
16	12
29	48
13	25
39	41
31	25
21	37
34	32
5	41
46	21
54	19
23	4
46	48
53	44
51	54
14	44
36	20
33	43
1	11
49	47
50	0
32	44
8	51
48	52
31	29
54	33
54	40
43	34
0	25
28	21
41	0
47	17
1	28
17	13
25	35
9	33
35	30
23	3
47	7
9	50
20	25
1	4
33	9
51	54
0	38
39	14
3	23
43	3
4	23
41	16
48	24
8	20
7	27
19	4
47	14
17	19
16	25
33	47
24	9
28	33
31	6
9	43
33	38
54	16
11	24
11	22
42	19
15	46
26	54
39	25
49	16
31	12
11	17
1	9
49	47
14	32
39	11
19	2
17	27
15	19
3	7
33	40
12	49
52	5
15	24
37	11
51	28
36	6
11	51
20	6
41	34
23	13
21	14
37	21
2	17
34	20
14	51
0	24
13	32
31	52
14	45
26	25
29	2
30	14
37	53
53	16
27	54
48	42
8	16
37	5
1	24
49	43
16	29
33	1
29	9
31	24
33	25
13	49
41	13
52	4
12	7
44	20
52	29
9	25
52	14
54	44
32	28
5	31
11	13
53	42
39	36
3	40
31	54
13	10
5	9
22	44
54	35
20	38
19	48
11	43
10	4
53	2
11	44
31	21
20	17
38	14
33	10
3	12
27	34
47	8
6	52
33	49
34	35
19	6
15	50
42	34
47	43
30	52
14	6
3	1
20	13
25	50
8	39
40	30
38	25
39	4
7	1
34	43
11	39
54	1
44	23
45	53
2	32
34	35
7	49
50	21
39	48
10	32
22	35
12	50
38	32
15	32
15	11
36	21
14	54
22	13
16	9
26	38
21	14
24	43
45	48
52	42
9	33
31	27
37	45
22	6
44	29
34	42
35	1
2	24
24	35
15	7
0	9
17	30
15	27
27	19
9	23
48	27
53	15
29	32
46	15
7	49
6	4
1	46
36	11
32	7
44	15
18	26
3	5
5	44
35	41
32	28
52	34
25	30
34	9
46	4
1	14
17	12
54	27
54	10
26	11
18	47
18	39
7	23
25	15
7	54
0	10
36	21
38	36
40	42
11	18
19	46
16	13
0	22
17	51
17	27
17	34
46	39
45	53
8	19
29	51
12	52
26	36
42	38
1	28
34	41
16	45
40	9
49	43
28	8
34	16
30	25
16	46
34	12
21	10
12	20
45	1
49	26
42	15
19	52
36	41
43	13
36	52
11	31
41	5
47	5
5	4
20	37
46	43
29	36
29	16
8	36
38	9
24	43
50	16
44	14
36	27
37	18
42	30
40	1
21	5
38	5
31	22
36	27
4	27
36	26
2	10
32	1
17	20
6	11
21	22
12	38
33	21
20	40
44	4
44	10
3	4
5	51
29	12
48	34
12	45
12	19
0	44
43	14
45	4
34	48
37	9
7	24
15	20
32	47
20	6
20	21
20	18
36	42
54	37
45	42
31	32
0	6
11	44
18	39
12	24
12	33
6	53
15	18
8	44
7	34
23	50
12	10
31	19
45	6
2	6
26	0
26	48
31	5
16	43
8	25
38	25
2	32
34	5
9	19
45	8
39	52
11	26
28	13
21	47
35	20
40	24
8	49
23	36
36	5
7	23
19	20
54	33
0	46
48	22
12	21
32	40
27	28
21	40
53	25
41	43
5	25
5	18
19	42
48	25
38	25
9	42
46	22
48	47
46	25
40	4
40	54
30	12
23	47
9	28
43	32
4	1
46	44
49	51
45	43
52	14
29	30
10	32
24	32
54	17
44	31
37	36
52	19
20	53
36	50
19	15
25	27
35	3
28	43
14	4
43	48
12	11
32	45
46	4
37	16
28	2
0	5
25	14
27	19
18	52
7	51
54	0
9	22
42	35
9	7
13	10
39	26
35	26
48	1
19	35
21	54
0	8
40	1
4	16
3	39
9	23
33	21
2	11
53	49
41	29
5	11
30	51
29	10
14	18
44	7
13	38
1	41
52	31
38	37
8	24
31	28
22	39
18	42
31	54
6	23
52	8
8	27
34	35
31	12
13	0
7	50
9	46
48	26
49	28
13	31
18	19
47	5
52	13
1	5
52	50
41	0
19	15
26	4
23	38
33	43
39	46
6	40
0	13
27	7
14	36
10	3
20	35
44	5
35	41
48	33
20	10
6	19
0	19
34	2
6	41
48	50
34	22
30	23
27	38
33	42
51	6
54	29
39	22
23	11
37	22
46	17
7	54
18	9
39	51
2	27
24	28
50	7
17	10
18	38
23	38
27	33
21	33
49	12
49	6
17	39
48	41
33	28
40	51
46	32
32	4
45	9
44	35
2	42
48	44
44	2
7	1
40	17
7	40
30	40
12	50
21	26
3	19
48	46
12	35
24	48
40	23
41	25
33	43
46	43
5	51
52	39
23	47
14	54
54	5
47	12
35	34
44	18
16	8
1	54
36	48
19	28
25	7
23	44
44	20
8	34
3	2
37	43
15	29
3	33
5	3
16	33
40	15
4	10
38	6
20	50
48	27
42	12
24	37
1	11
53	19
13	40
25	47
52	37
23	42
3	12
35	26
39	15
6	44
34	41
14	29
26	8
42	4
7	15
31	52
44	45
52	42
30	50
20	16
25	23
44	35
40	26
14	13
34	36
42	29
22	31
32	7
26	54
39	4
46	35
27	24
0	25
28	11
23	49
47	31
26	19
34	51
43	49
34	22
36	2
43	4
48	36
15	39
4	50
45	28
39	44
47	32
40	4
32	36
12	44
32	28
33	12
10	24
25	6
33	48
19	36
43	16
15	43
5	46
51	16
24	42
52	13
21	9
46	53
8	4
13	42
6	19
40	39
26	31
25	3
54	5
14	52
2	8
29	45
5	47
51	36
6	16
40	54
47	53
5	19
38	12
21	8
38	45
16	29
37	22
40	13
37	11
47	27
8	34
36	17
7	25
40	2
40	23
8	50
49	0
22	43
24	22
2	21
24	50
3	5
16	41
8	40
19	33
28	24
48	54
33	38
6	18
0	27
30	9
52	53
36	16
34	7
10	23
4	33
31	11
34	45
6	54
15	11
39	20
35	17
34	43
4	13
50	23
11	0
9	10
31	2
11	27
39	19
29	0
50	29
26	2
23	3
46	42
19	41
14	44
13	53
48	49
28	26
23	32
28	37
7	0
28	44
7	36
14	17
50	42
24	37
41	49
54	46
17	0
12	51
22	50
38	4
6	53
18	10
40	25
35	8
53	9
18	8
10	38
22	41
3	44
47	34
11	19
54	31
17	18
30	22
49	20
27	15
32	53
45	50
23	7
39	42
6	10
8	33
49	11
33	35
1	3
8	2
20	49
7	25
15	42
36	35
18	38
40	0
24	2
13	3
12	16
2	0
3	54
6	2
21	48
24	2
46	4
28	53
26	6
27	23
19	32
47	1
9	10
9	36
2	53
20	50
10	22
10	52
10	40
33	4
30	35
20	42
36	22
26	44
19	6
1	43
0	42
31	7
45	16
43	44
23	35
16	38
33	8
22	34
48	27
43	30
33	31
33	29
50	51
38	8
37	14
14	1
41	4
54	2
31	9
18	33
18	36
21	26
36	38
42	15
38	9
11	18
40	34
1	33
5	29
30	54
30	29
52	25
44	34
12	44
40	43
5	1
41	7
4	26
21	41
35	13
33	47
39	30
28	39
18	14
25	24
14	19
49	8
5	16
19	35
23	19
18	14
18	13
49	35
19	44
22	53
53	22
11	6
44	38
33	37
19	15
3	32
1	24
3	34
6	40
13	31
9	23
25	49
50	29
48	42
44	8
43	4
43	23
38	13
16	22
13	34
4	7
34	19
0	11
44	40
24	50
37	16
48	19
5	51
50	47
32	4
1	6
12	25
34	3
51	1
43	19
12	23
52	49
46	54
0	19
31	17
0	35
29	45
16	21
2	52
2	40
12	31
53	31
46	4
2	3
34	6
3	29
36	5
30	7
21	9
40	31
0	36
8	37
38	47
15	18
35	25
30	1
35	12
12	39
7	3
47	42
40	32
45	35
24	21
38	20
11	31
49	19
54	51
30	51
21	36
0	33
39	32
34	45
15	50
53	8
5	22
3	25
32	54
34	49
24	34
15	20
36	51
49	0
53	39
22	43
17	36
15	7
54	39
17	35
39	52
35	9
29	25
30	39
52	24
9	8
8	25
4	41
44	2
30	41
47	26
28	14
7	32
22	13
24	13
47	23
25	42
23	53
39	19
10	39
33	23
38	3
24	49
18	46
7	0
39	37
46	1
12	32
3	12
12	45
40	46
40	4
35	3
5	20
17	14
46	53
36	6
47	2
13	20
37	2
36	9
38	13
0	48
17	26
52	13
19	0
28	13
41	52
5	17
51	42
31	53
18	28
29	46
49	12
39	42
10	52
15	31
16	36
45	32
29	17
19	16
49	11
0	21
16	40
25	24
2	50
32	53
5	2
54	37
47	20
30	36
9	2
39	14
14	5
22	50
0	19
37	32
42	45
3	52
1	49
37	1
31	21
38	7
42	31
43	31
2	34
28	5
50	8
18	54
3	41
33	27
3	15
47	7
41	17
48	43
54	1
23	54
7	47
8	2
20	18
47	7
46	9
37	12
35	39
48	43
5	30
53	52
42	24
2	49
20	7
36	17
1	10
35	6
30	6
29	26
33	21
12	15
23	42
54	32
49	41
29	50
37	50
9	2
52	12
20	17
8	0
39	36
23	11
2	24
24	25
28	26
17	40
2	28
37	27
2	50
29	43
40	28
31	44
24	30
15	24
14	40
35	2
27	38
47	15
8	21
1	46
54	9
31	25
11	43
27	36
23	27
14	16
39	24
38	31
1	38
26	40
8	5
19	11
18	40
31	45
27	48
20	40
24	5
10	31
22	31
5	25
2	16
50	49
7	6
5	33
9	17
21	54
47	39
40	15
48	38
0	45
4	27
37	10
11	45
27	43
14	43
28	50
33	18
25	20
38	49
9	50
21	16
46	0
15	29
4	30
26	33
1	10
54	31
9	6
3	47
2	14
10	32
44	53
4	18
25	19
48	9
24	51
33	9
28	11
22	1
6	38
36	29
29	21
6	28
37	23
30	31
35	20
20	47
40	48
47	46
26	13
43	50
45	33
9	49
34	27
25	39
17	20
7	39
47	39
24	2
14	20
22	21
30	22
4	49
6	53
48	30
48	17
27	5
41	22
48	47
16	0
6	18
48	28
38	4
28	26
33	2
24	21
22	0
32	51
0	15
44	21
37	34
34	25
25	36
15	1
50	11
7	0
28	11
22	37
10	34
43	44
6	54
22	54
46	31
40	1
21	37
20	46
2	15
54	47
50	6
11	7
24	5
32	8
16	1
19	16
13	25
44	12
16	15
35	52
10	54
6	32
30	31
22	42
41	18
5	7
27	33
17	49
4	54
22	39
29	2
20	3
14	6
47	21
9	39
49	50
53	34
17	54
25	2
38	51
53	46
0	33
35	54
18	49
16	3
21	47
20	11
28	44
23	50
2	5
7	32
38	1
23	42
17	15
32	51
17	9
25	20
34	15
26	32
52	42
23	17
23	1
7	44
13	37
44	49
2	17
42	26
44	11
38	8
50	38
45	22
11	10
8	3
33	47
28	26
33	24
42	23
29	20
5	29
40	5
3	11
50	32
7	44
45	12
23	50
6	32
21	35
36	19
2	16
41	18
47	29
40	26
29	52
35	5
1	54
5	10
23	32
23	17
15	7
26	42
18	50
22	52
46	15
32	39
54	3
4	30
54	17
47	24
44	52
0	41
16	5
49	11
10	7
47	20
54	20
30	47
31	39
12	39
25	4
49	27
25	46
41	0
43	39
54	10
45	29
43	3
46	35
27	29
14	49
19	53
31	7
23	4
7	35
18	14
39	6
39	18
30	53
9	11
8	7
48	0
32	8
0	14
50	48
1	10
46	35
16	9
8	46
6	30
10	24
14	15
29	34
35	16
9	35
27	41
50	30
28	29
3	34
54	14
45	2
10	3
54	28
15	13
11	13
40	4
40	30
53	21
43	36
10	4
32	5
45	42
46	15
41	40
18	29
16	8
15	14
28	45
48	34
36	18
23	12
39	42
42	13
22	23
27	12
27	45
50	6
15	50
37	49
29	45
25	29
38	24
47	36
41	37
31	8
30	19
28	21
24	44
11	38
51	33
38	47
45	3
52	41
22	49
17	4
8	52
1	43
15	2
30	33
27	16
53	26
52	30
43	15
22	11
22	18
50	2
37	11
37	23
19	35
51	17
43	47
17	22
48	28
5	51
0	35
32	47
39	29
32	0
44	23
16	38
5	52
36	5
30	16
2	32
31	8
12	28
40	1
25	42
0	10
52	44
48	42
12	35
20	37
5	40
9	35
5	13
12	2
54	4
51	11
44	45
19	32
31	28
27	28
41	37
27	22
24	36
28	16
27	33
51	41
51	20
14	29
48	20
39	4
23	27
33	45
44	9
38	15
4	29
0	20
32	8
10	19
2	10
18	47
49	52
9	51
15	52
9	47
49	30
17	26
53	37
9	20
1	30
51	25
17	27
20	1
26	2
46	15
18	29
10	14
54	32
5	48
48	6
38	37
45	5
38	19
48	29
39	36
31	7
5	6
3	49
52	12
18	31
21	1
14	7
14	2
41	32
32	36
53	31
15	27
36	0
21	22
48	49
39	40
24	53
18	25
49	36
36	9
23	30
27	47
7	38
42	5
22	1
51	36
33	35
25	31
16	28
8	32
22	52
18	33
4	15
16	46
32	34
29	12
28	42
26	45
21	34
24	20
36	45
44	45
2	4
29	52
41	26
35	39
0	29
32	15
31	36
21	22
37	12
41	34
3	10
45	18
32	16
46	1
17	8
28	11
44	38
28	14
29	8
6	45
8	19
11	16
21	43
21	1
49	9
39	44
16	40
5	38
0	40
19	49
25	28
25	13
46	0
38	11
28	17
47	32
22	30
37	15
28	39
30	48
48	30
50	27
21	24
23	52
22	52
41	52
15	7
45	50
18	48
14	43
45	24
39	10
52	54
18	42
21	41
0	46
53	37
50	18
50	6
11	53
15	41
44	15
10	12
38	37
5	29
25	18
44	4
42	43
8	51
34	14
41	43
40	15
8	38
40	49
15	23
7	21
10	29
10	29
43	26
27	42
2	27
6	49
18	39
49	23
3	0
36	27
37	11
11	51
45	3
23	54
39	24
15	12
3	52
26	40
5	9
19	28
41	29
39	1
21	31
44	1
20	11
40	14
43	35
13	20
23	16
32	30
46	0
45	48
11	4
19	38
6	5
15	1
46	22
40	30
12	23
32	40
28	39
50	36
8	40
32	2
51	15
31	29
45	21
19	32
38	22
36	22
9	33
39	37
4	39
10	23
26	43
25	19
51	29
39	32
32	20
25	13
35	15
41	5
23	42
24	41
10	37
35	33
35	43
