39	37
24	36
39	23
6	24
10	32
9	30
46	39
35	24
41	16
10	38
36	43
19	15
0	39
45	22
28	37
46	12
21	34
6	32
41	37
35	42
12	44
30	15
48	12
47	32
47	23
33	12
41	34
30	39
1	12
40	51
4	37
44	16
40	37
18	15
24	43
4	2
23	19
48	24
44	13
43	40
27	4
39	15
19	17
42	17
19	38
33	24
6	4
12	13
31	17
12	54
40	53
7	51
2	27
2	3
42	38
7	12
6	16
17	27
49	34
3	35
32	26
38	23
13	40
30	25
9	43
35	3
24	7
15	54
21	51
6	28
8	23
12	47
11	37
36	50
24	13
29	31
9	24
31	20
41	39
39	46
37	32
2	48
16	23
25	39
40	34
23	36
54	26
4	6
13	9
19	50
9	39
5	2
49	20
37	27
38	16
10	4
45	39
21	5
36	29
21	24
54	45
45	52
22	42
40	26
32	5
40	24
10	46
1	13
54	31
29	38
39	47
52	47
32	39
9	38
6	23
10	40
20	33
45	8
40	42
14	41
50	42
20	53
8	25
9	46
22	6
23	26
30	1
26	29
43	51
36	21
20	51
36	16
23	47
25	44
16	47
43	42
36	39
44	40
23	27
28	12
10	52
38	47
30	20
1	13
52	51
11	7
51	52
33	47
1	50
49	52
33	14
25	47
9	7
28	37
46	39
9	24
20	52
10	22
45	32
42	23
28	26
34	15
11	25
18	10
38	53
10	30
24	54
30	9
52	51
4	42
29	36
46	48
20	39
12	32
37	14
8	4
54	32
40	43
53	10
50	43
0	24
14	27
2	40
5	8
22	35
8	53
32	33
12	31
8	26
31	52
14	12
6	24
41	37
42	26
54	0
20	22
13	8
26	50
21	26
37	52
6	44
25	35
37	40
27	9
0	44
13	36
7	5
28	48
24	0
43	49
15	16
40	42
45	1
53	28
20	44
22	5
28	6
5	51
18	6
21	20
35	41
34	6
52	33
7	35
4	36
19	29
43	42
53	6
43	53
22	15
10	48
19	49
3	16
27	20
11	42
32	24
27	1
12	39
6	3
49	0
39	44
46	13
38	25
47	34
23	18
54	29
53	34
15	30
33	17
4	54
20	11
32	5
23	1
41	8
41	49
42	27
1	46
37	28
13	2
23	22
7	19
24	37
54	0
28	36
2	5
10	3
42	54
19	49
2	37
45	1
0	11
34	25
19	54
46	25
41	49
19	50
32	47
2	37
52	41
51	8
6	22
44	10
19	6
32	17
26	39
39	52
8	16
47	22
28	22
34	20
18	38
28	33
28	46
50	38
11	4
24	9
50	41
5	48
38	22
7	20
22	12
21	49
42	37
30	45
39	35
46	52
7	38
8	3
31	30
30	46
25	44
20	12
11	2
16	3
22	39
47	29
6	34
34	18
53	40
40	38
45	43
26	1
26	22
41	16
2	43
45	33
4	36
34	35
34	29
36	45
26	1
19	48
2	14
4	17
49	35
7	13
26	15
13	8
49	37
27	49
28	38
8	37
12	7
15	5
24	17
49	23
13	24
44	41
30	44
30	25
6	22
40	50
22	44
42	34
5	21
42	39
19	24
8	13
25	22
33	2
17	45
0	47
44	3
21	38
23	43
42	5
0	53
15	40
8	37
53	52
12	31
4	34
6	34
5	24
29	35
7	43
8	50
27	22
51	12
12	11
27	49
45	42
45	43
12	23
22	9
25	0
0	36
32	4
2	15
35	48
43	11
20	41
4	11
36	15
29	53
26	39
44	51
39	54
24	11
47	36
54	5
5	26
28	10
31	16
6	31
33	6
47	35
24	40
0	40
19	0
42	4
51	4
41	10
34	8
4	22
36	12
46	0
7	14
10	30
28	16
27	22
22	8
34	48
41	0
7	24
51	7
43	1
36	16
50	33
45	14
5	18
38	18
0	38
1	13
54	3
27	14
28	8
43	23
25	44
52	8
41	51
31	6
36	30
53	12
54	52
28	33
5	1
19	27
26	21
9	54
31	39
31	46
30	1
33	8
8	10
46	30
18	48
30	13
16	0
49	23
5	12
53	35
10	3
15	12
12	53
34	13
15	7
24	28
32	37
20	26
16	10
13	19
11	32
26	40
23	35
39	20
35	40
53	18
4	5
14	44
38	46
21	50
45	34
10	31
37	36
36	9
43	48
51	39
45	21
0	50
36	13
7	21
5	20
4	54
17	46
13	18
3	0
43	39
31	18
30	5
49	51
13	1
26	27
52	48
33	16
35	52
9	27
25	46
12	20
41	19
20	22
38	29
35	49
10	15
36	18
14	47
30	9
37	31
29	11
27	13
21	35
21	37
27	6
47	6
35	29
23	31
23	13
31	28
13	6
26	3
41	53
12	54
38	42
5	43
5	41
10	21
16	40
51	40
33	45
48	1
51	10
12	0
31	30
46	44
36	19
51	2
4	11
19	32
44	43
43	5
43	54
38	35
31	25
16	22
15	40
16	44
12	34
18	24
41	13
54	22
31	23
31	35
5	17
38	45
11	30
42	41
36	13
40	19
37	15
4	2
30	38
17	42
54	41
34	12
36	15
9	48
24	42
47	20
3	36
37	38
35	24
40	49
19	38
36	12
4	23
10	29
30	53
50	10
8	30
8	14
36	16
25	41
37	21
35	41
40	49
31	8
26	23
21	9
40	10
38	6
42	19
42	49
9	5
10	20
10	3
53	19
4	47
26	32
30	4
41	19
0	51
4	18
18	54
21	42
19	26
22	49
30	15
14	34
43	10
49	51
19	18
49	1
39	24
36	43
37	21
47	49
45	11
7	40
8	10
52	42
21	31
29	14
30	7
28	33
37	12
38	29
50	25
24	13
31	20
1	52
48	14
22	26
17	46
42	10
51	54
25	8
44	50
35	32
49	47
19	45
27	19
48	46
22	45
24	20
17	54
16	42
48	53
19	48
13	43
0	15
51	39
32	38
11	21
31	11
32	13
1	14
42	41
5	41
47	10
9	40
12	48
21	35
19	2
34	30
4	11
1	51
51	15
31	11
46	11
18	45
25	52
36	0
26	36
44	46
46	9
28	6
11	31
31	39
9	38
24	10
16	30
30	46
38	27
45	11
8	6
24	16
26	5
2	29
6	17
31	22
13	20
44	29
49	18
44	14
27	35
34	8
53	45
33	48
0	47
36	5
8	47
38	2
17	29
20	15
12	49
12	15
47	46
14	30
28	37
12	24
29	3
35	32
38	36
5	32
41	11
7	37
12	0
5	1
44	2
27	21
23	7
54	53
6	39
49	44
39	5
37	29
15	3
4	51
46	40
11	4
31	11
8	6
0	42
53	17
45	36
33	51
46	40
3	28
18	15
1	16
11	14
4	23
2	24
7	24
45	53
5	21
27	14
14	13
51	6
34	43
47	31
25	27
5	46
40	39
33	16
34	27
26	33
10	25
23	39
54	37
9	10
19	6
21	43
53	4
51	5
33	41
12	9
2	46
51	42
41	24
24	4
11	7
27	18
31	47
28	3
24	30
29	14
24	54
6	35
37	15
11	5
15	37
11	42
5	24
10	14
39	26
6	9
27	7
43	18
50	44
31	44
22	25
16	46
10	27
34	49
18	25
19	20
32	53
9	24
3	53
14	45
10	25
51	1
54	23
15	32
51	31
28	36
0	6
12	47
35	1
32	37
2	41
50	23
44	49
29	36
4	45
17	22
10	49
35	30
19	29
49	12
20	42
38	12
4	14
26	16
20	45
9	19
20	11
15	12
35	27
30	15
13	28
41	20
1	25
27	31
33	45
40	3
37	41
22	24
11	14
29	33
24	10
26	53
21	27
13	21
1	8
25	23
5	43
26	45
2	23
49	34
24	21
40	44
16	21
10	12
29	37
25	52
22	16
26	50
40	54
48	1
35	11
14	43
38	53
30	5
7	51
17	6
51	5
45	2
51	49
27	46
32	34
49	51
7	3
7	16
4	0
19	20
17	50
0	51
13	34
1	45
27	28
23	49
52	54
24	20
45	48
40	24
13	11
5	15
54	18
1	46
34	35
2	19
18	49
31	46
34	24
35	40
1	12
3	34
27	28
7	42
20	41
49	2
18	5
44	17
14	21
7	3
9	45
29	3
8	6
38	2
6	16
44	7
2	41
13	1
34	11
11	0
30	21
34	46
48	14
37	15
54	25
52	6
12	11
50	39
10	8
37	6
13	47
50	1
6	21
17	38
36	34
49	2
16	30
42	3
4	8
50	37
50	14
42	37
46	24
28	29
25	49
52	46
47	28
6	17
38	37
40	52
42	10
41	44
33	22
33	16
45	48
30	7
15	30
20	9
34	43
54	38
43	6
21	32
53	39
5	35
2	24
25	50
8	38
11	53
17	31
2	51
38	14
54	34
19	28
26	35
30	21
10	8
12	29
28	49
24	23
23	32
3	24
21	4
5	23
39	35
52	53
45	3
50	8
12	36
53	4
13	32
25	22
3	42
38	10
17	15
11	34
17	46
23	44
7	22
14	54
47	1
45	10
53	48
47	36
46	38
22	12
35	21
19	45
1	28
47	35
42	19
44	40
24	13
39	37
36	1
34	3
8	35
34	0
4	40
30	38
13	14
6	37
2	30
7	34
32	9
23	16
0	54
5	17
43	38
35	24
44	14
16	14
50	21
36	4
18	26
3	24
38	26
16	49
22	16
36	43
39	10
14	9
16	1
24	1
45	14
44	4
52	18
18	35
49	54
27	40
33	50
5	40
42	22
7	1
49	38
43	2
27	8
22	6
49	13
40	15
0	14
10	3
3	33
22	26
39	26
9	13
20	2
0	36
15	7
18	34
21	24
50	34
43	2
27	8
26	14
8	23
18	29
12	8
9	16
42	4
29	48
13	25
39	41
51	54
14	44
36	20
54	40
43	34
0	25
47	7
9	50
20	25
48	24
8	20
7	27
33	38
54	16
11	24
49	47
14	32
39	11
51	28
36	6
11	51
13	32
31	52
14	45
1	24
49	43
16	29
52	29
9	25
52	14
5	9
22	44
54	35
33	10
3	12
27	34
14	6
3	1
20	13
44	23
45	53
2	32
15	11
36	21
14	54
37	45
22	6
44	29
9	23
48	27
53	15
3	5
5	44
35	41
26	11
18	47
18	39
16	13
0	22
17	51
1	28
34	41
16	45
45	1
49	26
42	15
46	43
29	36
29	16
21	5
38	5
31	22
33	21
20	40
44	4
45	4
34	48
37	9
31	32
0	6
11	44
31	19
45	6
2	6
45	8
39	52
11	26
54	33
0	46
48	22
48	25
38	25
9	42
4	1
46	44
49	51
20	53
36	50
19	15
28	2
0	5
25	14
35	26
48	1
19	35
41	29
5	11
30	51
22	39
18	42
31	54
49	28
13	31
18	19
39	46
6	40
0	13
0	19
34	2
6	41
37	22
46	17
7	54
21	33
49	12
49	6
48	44
44	2
7	1
40	23
41	25
33	43
16	8
1	54
36	48
5	3
16	33
40	15
25	47
52	37
23	42
31	52
44	45
52	42
32	7
26	54
39	4
34	22
36	2
43	4
32	28
33	12
10	24
21	9
46	53
8	4
5	47
51	36
6	16
37	11
47	27
8	34
24	50
3	5
16	41
36	16
34	7
10	23
50	23
11	0
9	10
14	44
13	53
48	49
41	49
54	46
17	0
10	38
22	41
3	44
23	7
39	42
6	10
18	38
40	0
24	2
26	6
27	23
19	32
30	35
20	42
36	22
33	8
22	34
48	27
31	9
18	33
18	36
30	29
52	25
44	34
28	39
18	14
25	24
22	53
53	22
11	6
25	49
50	29
48	42
44	40
24	50
37	16
12	23
52	49
46	54
46	4
2	3
34	6
35	25
30	1
35	12
54	51
30	51
21	36
24	34
15	20
36	51
29	25
30	39
52	24
24	13
47	23
25	42
46	1
12	32
3	12
13	20
37	2
36	9
31	53
18	28
29	46
0	21
16	40
25	24
22	50
0	19
37	32
28	5
50	8
18	54
8	2
20	18
47	7
36	17
1	10
35	6
9	2
52	12
20	17
2	50
29	43
40	28
54	9
31	25
11	43
18	40
31	45
27	48
9	17
21	54
47	39
33	18
25	20
38	49
3	47
2	14
10	32
36	29
29	21
6	28
9	49
34	27
25	39
48	30
48	17
27	5
22	0
32	51
0	15
10	34
43	44
6	54
24	5
32	8
16	1
41	18
5	7
27	33
53	34
17	54
25	2
23	50
2	5
7	32
23	17
23	1
7	44
8	3
33	47
28	26
23	50
6	32
21	35
23	32
23	17
15	7
44	52
0	41
16	5
25	46
41	0
43	39
7	35
18	14
39	6
46	35
16	9
8	46
3	34
54	14
45	2
32	5
45	42
46	15
42	13
22	23
27	12
31	8
30	19
28	21
1	43
15	2
30	33
19	35
51	17
43	47
5	52
36	5
30	16
20	37
5	40
9	35
27	22
24	36
28	16
38	15
4	29
0	20
17	26
53	37
9	20
5	48
48	6
38	37
21	1
14	7
14	2
18	25
49	36
36	9
8	32
22	52
18	33
44	45
2	4
29	52
45	18
32	16
46	1
21	1
49	9
39	44
47	32
22	30
37	15
45	50
18	48
14	43
11	53
15	41
44	15
40	15
8	38
40	49
49	23
3	0
36	27
19	28
41	29
39	1
45	48
11	4
19	38
32	2
51	15
31	29
25	19
51	29
39	32
