2	23
24	21
5	21
0	7
26	17
16	5
24	9
17	13
5	4
15	19
10	26
15	16
20	17
26	18
28	9
1	9
27	5
14	6
19	15
10	24
22	23
1	10
20	27
13	9
6	3
6	10
1	10
18	7
21	17
11	16
25	5
3	24
21	23
23	13
10	18
28	25
3	25
7	10
22	7
7	17
10	21
7	4
8	5
7	24
27	14
4	24
23	2
1	7
18	14
19	10
16	11
1	10
26	22
12	22
5	4
6	2
7	12
27	11
13	28
4	6
19	13
26	5
17	16
6	3
24	22
22	17
1	17
2	21
28	6
19	18
19	17
11	10
2	3
20	4
9	26
26	3
3	25
3	11
8	13
18	15
10	24
5	23
22	17
5	9
10	16
2	23
1	13
15	9
27	10
8	18
26	25
18	28
14	1
22	16
10	1
7	11
9	6
28	20
22	15
9	21
5	9
28	23
12	15
6	11
22	6
25	15
16	26
25	13
25	13
15	5
27	24
18	19
26	5
25	16
13	21
21	22
6	21
7	16
22	19
9	23
15	20
27	28
4	8
4	20
27	20
17	19
10	7
15	27
20	19
22	20
1	7
8	13
15	21
3	22
27	0
19	14
1	15
1	25
13	4
19	11
8	19
20	7
1	11
10	27
27	28
2	3
27	1
24	20
19	12
23	24
13	25
23	0
3	4
24	1
11	14
15	7
20	27
28	6
15	25
10	24
26	21
16	1
11	18
25	17
25	19
23	14
4	12
27	22
25	2
26	15
1	20
25	17
19	4
9	25
0	1
19	15
12	21
5	20
12	27
28	9
25	13
14	7
3	1
19	12
11	7
3	6
16	11
15	3
7	0
24	7
9	16
24	12
9	24
28	15
5	27
17	25
21	5
6	8
9	11
5	16
5	22
25	17
21	1
3	7
2	3
25	23
19	26
18	9
6	12
23	0
2	9
17	1
20	23
0	16
23	14
26	22
27	3
11	6
14	18
11	28
12	9
9	20
13	23
26	7
0	11
11	13
21	1
13	18
5	12
9	4
8	12
1	23
14	7
28	25
14	27
4	20
1	11
23	27
5	12
0	1
27	4
0	17
14	2
8	21
8	2
14	25
4	10
5	24
20	17
6	17
0	1
16	4
9	3
19	6
16	17
16	13
15	28
20	23
16	2
0	12
12	6
8	13
3	11
7	13
27	16
13	20
9	4
21	27
5	18
21	14
15	25
3	11
20	17
13	27
2	11
25	27
9	25
14	10
16	0
26	14
17	8
0	17
1	16
11	15
11	19
4	11
19	24
3	22
20	7
27	16
9	4
11	21
19	11
26	28
10	0
8	27
13	11
0	17
1	19
8	20
16	5
19	28
13	4
27	20
18	25
2	27
8	13
13	25
20	2
12	28
1	24
18	15
25	10
12	27
16	12
28	12
27	6
6	7
26	21
1	0
23	0
18	23
18	17
18	21
15	1
21	13
20	3
0	13
10	26
13	24
9	10
5	19
11	4
17	1
1	22
7	10
14	5
25	24
28	20
23	21
13	24
4	21
11	22
14	8
15	17
0	6
2	26
27	17
25	1
5	23
26	27
18	4
2	23
0	20
23	16
20	25
22	6
26	20
17	12
27	19
20	10
8	20
3	7
26	22
22	6
2	1
2	26
3	15
3	21
3	24
9	13
14	12
4	8
6	15
2	23
14	19
2	20
12	6
8	25
7	16
27	26
1	27
22	4
4	0
5	0
1	0
1	8
3	10
27	25
13	7
10	19
12	25
3	1
2	28
20	28
0	21
10	7
8	27
9	7
26	12
13	4
16	28
15	1
18	11
24	14
24	4
1	23
21	10
16	0
28	12
13	6
5	24
10	11
26	14
19	7
23	19
27	8
15	13
10	25
14	10
11	27
10	22
20	18
8	6
15	9
11	12
10	25
17	23
1	21
13	25
7	26
12	4
9	28
23	24
25	6
1	10
20	10
11	10
20	22
24	5
18	8
6	2
26	22
6	12
5	0
22	23
16	4
7	8
2	15
20	16
6	0
22	16
22	20
3	28
21	10
11	19
3	21
19	16
22	16
8	12
15	28
9	8
14	6
23	10
3	17
23	8
27	20
24	9
6	12
27	26
18	0
0	17
4	0
25	15
0	21
7	1
23	1
5	4
5	19
23	2
2	8
15	9
11	20
1	26
9	13
25	11
10	27
28	14
25	7
28	5
7	10
23	14
10	0
7	6
18	17
8	28
10	19
15	19
22	21
16	15
15	24
7	14
20	2
14	9
12	9
24	22
8	11
8	16
10	5
1	17
25	8
9	8
6	21
16	6
5	28
14	20
21	8
21	24
23	28
6	1
17	11
20	26
8	16
22	28
28	19
12	20
19	7
9	26
5	19
14	6
23	15
9	25
10	18
21	10
9	5
13	22
14	0
27	26
23	26
26	13
5	6
18	26
20	26
21	16
5	2
24	11
1	8
12	9
4	27
7	14
24	11
3	21
18	12
23	25
13	5
1	0
9	3
0	6
22	13
21	23
25	23
8	22
26	20
0	23
14	15
12	27
1	24
24	12
7	26
25	20
8	3
14	2
15	22
18	2
16	2
21	25
7	10
3	6
21	19
3	5
18	1
20	7
17	27
27	21
11	19
2	21
3	28
19	9
5	7
15	17
3	16
20	15
22	4
25	17
1	23
26	28
2	20
25	15
10	2
19	20
4	27
9	28
11	24
14	9
23	21
22	11
7	20
11	16
10	23
20	7
7	12
5	6
17	13
12	8
10	26
3	12
22	10
2	12
10	8
15	14
15	28
6	11
18	1
19	5
10	24
23	25
5	21
9	17
28	0
23	10
10	1
0	2
4	24
19	23
27	21
4	18
6	8
14	11
1	14
25	18
24	21
8	13
17	23
9	16
10	27
4	24
21	2
5	21
0	26
0	14
8	20
12	27
0	13
3	28
7	27
13	27
28	9
7	21
16	10
26	11
21	4
18	20
8	6
14	5
28	11
13	11
2	5
26	24
11	6
12	20
19	18
6	13
5	7
11	9
15	22
5	11
22	3
4	24
6	7
3	7
1	2
12	0
28	10
23	14
14	16
12	27
11	0
28	6
27	14
28	7
12	14
25	8
9	13
11	1
10	27
22	1
23	1
25	5
8	3
27	15
25	11
9	2
23	9
0	22
10	21
12	10
21	16
1	25
13	7
7	16
23	8
11	12
1	4
23	10
8	28
3	5
0	23
25	27
26	18
13	20
9	25
17	25
12	27
2	22
28	19
1	24
6	21
26	10
16	25
13	28
24	11
1	4
1	21
5	18
0	25
8	24
28	9
5	3
0	3
24	6
9	28
27	19
13	15
4	24
0	27
12	5
11	9
9	1
6	25
4	18
7	12
18	7
4	9
9	14
5	0
15	20
20	13
11	8
1	17
10	17
11	20
15	22
16	11
27	20
27	26
7	25
24	19
0	16
25	22
19	14
6	27
28	7
18	11
9	10
10	2
18	9
17	8
14	7
13	19
14	25
0	13
27	14
24	20
19	5
21	17
26	10
3	6
4	22
11	3
3	8
24	20
10	23
21	12
3	20
17	3
28	22
10	20
5	27
21	20
5	17
23	14
4	1
9	8
5	1
20	1
10	1
2	4
8	0
14	22
17	7
7	3
21	15
15	12
21	16
8	25
0	2
3	19
4	16
5	24
27	17
27	11
10	9
16	15
28	21
7	2
1	20
17	1
13	26
3	7
20	23
16	11
4	23
21	10
22	19
9	4
17	16
23	19
17	14
15	20
21	17
11	2
3	7
18	14
19	27
23	27
14	26
27	5
16	4
24	25
27	0
5	13
22	23
27	9
27	14
18	9
25	18
17	13
22	25
19	2
12	0
17	27
0	8
25	15
26	9
7	19
14	2
9	21
4	25
24	1
23	10
17	15
14	16
15	3
19	5
15	25
10	19
18	24
8	28
24	0
15	3
12	16
14	25
24	26
15	18
0	6
25	14
26	9
16	17
23	14
0	8
13	4
17	21
11	1
9	2
9	17
28	2
1	27
17	27
26	12
1	7
23	27
21	26
28	2
19	11
0	25
5	4
28	26
3	17
22	20
21	27
14	27
28	17
9	28
28	12
26	15
24	2
0	11
11	17
2	1
5	21
6	8
9	26
11	24
16	19
5	25
27	2
23	0
1	25
10	25
5	23
4	14
15	5
24	28
24	28
14	11
22	14
22	13
1	26
13	14
17	25
2	10
13	19
15	5
12	25
28	15
28	25
22	23
1	0
13	24
10	12
3	25
23	17
0	26
16	28
6	10
16	26
13	28
23	4
11	14
21	15
13	1
23	3
10	0
25	22
7	20
22	15
2	19
21	2
4	15
21	7
26	6
25	5
13	21
21	9
27	21
13	28
6	22
19	24
25	15
8	18
16	22
23	6
2	4
18	26
22	2
13	14
11	14
8	7
6	0
22	27
20	25
4	27
9	15
17	3
28	7
9	17
20	11
13	26
15	3
11	17
21	17
11	21
4	23
1	11
20	23
4	11
2	12
8	24
2	12
20	9
26	7
14	0
3	16
22	2
25	27
13	2
19	10
24	2
27	2
7	2
2	20
14	24
16	9
7	27
1	23
0	25
28	8
18	21
14	26
5	17
1	3
17	0
20	10
14	17
25	23
15	27
16	15
1	26
13	15
15	16
18	4
16	3
20	12
21	0
18	24
12	1
1	16
18	10
11	6
16	7
25	10
10	12
10	28
4	5
18	26
24	17
18	24
24	21
11	20
28	16
15	19
1	17
20	13
16	2
28	27
21	19
28	16
22	6
19	7
27	7
11	25
24	22
6	18
14	27
22	18
28	27
10	3
19	9
28	21
13	26
15	28
22	18
3	14
4	5
14	6
11	2
12	0
0	27
2	1
4	15
28	0
4	10
14	13
10	21
23	18
3	6
21	9
16	0
14	11
7	13
26	7
14	24
25	7
23	7
17	1
6	0
23	2
16	11
24	22
14	1
3	7
6	11
13	2
28	16
13	16
0	22
11	28
12	0
2	20
23	28
10	9
12	24
4	25
6	0
12	2
21	14
10	5
21	12
27	0
11	20
5	22
7	20
11	27
18	23
1	9
5	11
6	27
11	26
23	10
4	1
5	9
3	14
6	16
16	0
6	22
4	9
18	0
11	10
18	1
12	17
4	28
24	16
0	9
13	21
24	13
23	28
1	19
8	10
12	2
15	8
27	14
16	11
1	17
8	10
13	3
27	6
8	18
4	9
16	8
1	3
28	1
5	22
2	9
26	16
23	9
7	28
22	16
2	14
10	0
3	26
21	23
7	12
12	3
18	25
3	9
20	11
13	16
2	13
18	0
26	10
0	24
10	18
5	8
18	13
2	16
17	28
10	17
27	1
3	23
21	23
28	6
21	4
21	2
15	21
23	4
1	11
11	5
23	13
4	8
12	2
28	22
22	5
25	1
15	14
19	6
5	12
12	15
0	6
19	9
15	22
27	25
4	16
23	7
19	1
16	10
22	25
16	26
20	22
12	8
8	28
26	20
25	26
16	23
28	10
9	13
24	6
25	9
5	6
12	9
17	2
3	5
4	12
17	15
1	10
5	18
16	17
17	28
5	14
20	5
22	27
1	23
10	25
27	8
6	25
22	3
27	24
19	16
5	8
16	17
7	18
15	12
17	22
0	17
18	9
12	6
1	23
12	26
22	4
0	22
22	21
11	16
2	1
11	17
13	6
23	24
23	10
28	17
21	17
12	10
22	28
19	21
18	8
25	2
6	0
14	22
27	26
16	20
6	18
8	21
2	9
6	13
6	17
24	4
5	1
12	8
20	16
21	20
15	13
3	2
14	8
6	20
5	6
26	22
8	27
20	7
4	8
2	25
15	1
7	10
6	2
14	0
5	19
20	22
21	5
12	5
2	8
4	15
26	7
6	15
21	17
1	10
10	28
14	28
8	0
27	12
9	25
17	12
5	21
0	18
13	21
6	22
1	20
15	5
13	10
14	6
1	20
10	25
11	13
20	6
27	11
11	10
12	19
17	3
23	24
8	28
1	2
28	0
18	14
8	19
23	12
15	19
28	1
2	21
9	27
12	18
25	5
8	20
4	28
28	11
10	6
7	3
19	4
20	21
17	22
9	23
6	28
9	10
26	19
6	19
25	7
25	13
26	27
23	0
23	5
25	23
6	25
10	5
10	23
19	13
18	15
2	26
22	15
10	11
6	20
23	14
4	24
14	5
5	18
17	15
4	23
24	13
4	16
24	1
27	12
26	23
17	20
15	22
0	3
18	9
3	20
9	23
27	23
11	21
18	3
12	6
15	24
25	0
5	16
23	3
25	16
0	23
3	7
1	3
15	25
26	21
5	0
24	14
3	18
18	10
18	5
12	20
4	28
6	18
21	25
12	4
7	24
18	11
20	25
2	1
12	27
4	22
12	9
22	0
10	17
7	17
3	22
19	22
8	23
2	6
24	26
19	10
5	23
17	1
3	27
21	0
13	4
20	4
3	2
25	5
20	25
7	22
27	8
17	11
18	16
6	26
20	25
15	19
2	28
27	8
26	24
15	28
16	5
13	19
12	27
1	23
7	1
28	21
7	5
5	8
0	19
21	1
18	25
18	13
24	14
7	26
2	5
12	28
27	15
5	4
1	2
15	25
20	8
17	1
17	15
6	17
0	4
9	5
15	10
11	22
21	10
11	14
4	1
1	13
23	10
16	6
2	14
21	3
6	3
13	0
11	6
