2	23
24	21
5	21
27	10
3	13
19	26
0	7
26	17
16	5
3	8
28	21
20	2
24	9
17	13
5	4
11	19
12	17
14	10
15	19
10	26
15	16
2	17
20	26
9	27
20	17
26	18
28	9
22	25
28	2
13	23
1	9
27	5
14	6
19	10
6	14
17	18
19	15
10	24
22	23
7	27
18	16
5	9
1	10
20	27
13	9
2	9
3	2
20	19
6	3
6	10
1	10
12	5
20	6
17	21
18	7
21	17
11	16
26	4
7	24
15	10
25	5
3	24
21	23
17	23
15	16
4	19
23	13
10	18
28	25
21	9
26	27
3	12
3	25
7	10
22	7
9	19
7	8
20	7
7	17
10	21
7	4
16	0
27	12
23	12
8	5
7	24
27	14
9	8
6	20
24	0
4	24
23	2
1	7
19	14
3	22
8	26
18	14
19	10
16	11
11	18
0	3
15	19
1	10
26	22
12	22
9	22
17	5
12	10
5	4
6	2
7	12
9	2
27	25
1	0
27	11
13	28
4	6
10	16
19	9
0	24
19	13
26	5
17	16
5	10
24	21
14	17
6	3
24	22
22	17
0	2
5	23
9	25
1	17
2	21
28	6
14	28
23	15
19	9
19	18
19	17
11	10
17	15
0	15
15	4
2	3
20	4
9	26
26	22
10	17
14	18
26	3
3	25
3	11
2	11
25	27
14	18
8	13
18	15
10	24
19	16
21	15
16	18
5	23
22	17
5	9
2	7
5	12
17	23
10	16
2	23
1	13
8	17
15	10
22	28
15	9
27	10
8	18
19	23
11	20
17	18
26	25
18	28
14	1
0	26
22	19
12	25
22	16
10	1
7	11
25	5
11	23
12	16
9	6
28	20
22	15
11	14
26	5
5	21
9	21
5	9
28	23
7	12
8	16
25	23
12	15
6	11
22	6
15	5
11	23
13	8
25	15
16	26
25	13
15	3
13	23
21	13
25	13
15	5
27	24
26	14
23	18
16	3
18	19
26	5
25	16
13	17
1	12
10	14
13	21
21	22
6	21
6	5
20	22
1	0
7	16
22	19
9	23
15	19
20	16
6	18
15	20
27	28
4	8
1	2
18	17
21	23
4	20
27	20
17	19
10	11
5	26
11	25
10	7
15	27
20	19
19	27
10	12
5	2
22	20
1	7
8	13
19	13
0	8
28	22
15	21
3	22
27	0
24	20
10	4
12	17
19	14
1	15
1	25
18	10
3	6
9	7
13	4
19	11
8	19
12	8
4	24
5	15
20	7
1	11
10	27
8	16
20	3
12	18
27	28
2	3
27	1
16	6
3	8
16	5
24	20
19	12
23	24
16	11
12	22
21	22
13	25
23	0
3	4
22	7
17	9
16	13
24	1
11	14
15	7
27	13
22	3
7	4
20	27
28	6
15	25
0	7
8	12
16	27
10	24
26	21
16	1
14	15
21	22
6	24
11	18
25	17
25	19
5	27
14	10
28	4
23	14
4	12
27	22
20	27
26	22
12	10
25	2
26	15
1	20
22	25
14	22
5	16
25	17
19	4
9	25
11	9
3	19
2	14
0	1
19	15
12	21
23	8
21	26
27	18
5	20
12	27
28	9
16	5
16	5
13	19
25	13
14	7
3	1
1	5
21	1
22	8
19	12
11	7
3	6
23	17
22	23
12	22
16	11
15	3
7	0
27	5
11	18
22	9
24	7
9	16
24	12
26	9
2	28
1	28
9	24
28	15
5	27
19	24
7	13
22	16
17	25
21	5
6	8
23	14
11	18
8	25
9	11
5	16
5	22
9	25
16	24
9	2
25	17
21	1
3	7
3	9
27	23
21	19
2	3
25	23
19	26
28	15
13	1
13	8
18	9
6	12
23	0
8	10
6	19
8	5
2	9
17	1
20	23
22	5
23	1
20	14
0	16
23	14
26	22
15	1
1	13
24	17
27	3
11	6
14	18
0	16
5	9
4	14
11	28
12	9
9	20
13	12
2	15
16	23
13	23
26	7
0	11
1	5
5	28
22	10
11	13
21	1
13	18
4	20
3	2
5	4
5	12
9	4
8	12
21	9
17	21
20	7
1	23
14	7
28	25
8	14
21	24
23	4
14	27
4	20
1	11
6	24
14	9
19	25
23	27
5	12
0	1
0	22
11	28
17	16
27	4
0	17
14	2
14	27
15	22
16	6
8	21
8	2
14	25
26	0
1	26
5	20
4	10
5	24
20	17
9	14
4	24
25	16
6	17
0	1
16	4
5	25
1	24
19	11
9	3
19	6
16	17
28	23
23	18
3	25
16	13
15	28
20	23
2	19
18	3
20	18
16	2
0	12
12	6
11	7
7	4
0	21
8	13
3	11
7	13
15	26
11	23
25	20
27	16
13	20
9	4
1	18
25	23
20	15
21	27
5	18
21	14
23	21
7	26
24	20
15	25
3	11
20	17
23	11
26	21
0	14
13	27
2	11
25	27
12	3
12	0
20	8
9	25
14	10
16	0
4	0
18	2
27	14
26	14
17	8
0	17
16	7
1	9
21	27
1	16
11	15
11	19
5	2
10	25
21	14
4	11
19	24
3	22
13	27
0	5
6	3
20	7
27	16
9	4
27	0
11	23
25	24
11	21
19	11
26	28
2	16
17	28
6	18
10	0
8	27
13	11
24	23
11	19
20	1
0	17
1	19
8	20
19	11
26	3
23	0
16	5
19	28
13	4
23	2
2	15
25	21
27	20
18	25
2	27
1	15
28	6
17	23
8	13
13	25
20	2
20	13
28	21
13	18
12	28
1	24
18	15
27	4
16	14
19	23
25	10
12	27
16	12
28	22
24	7
9	24
28	12
27	6
6	7
14	0
7	20
16	22
26	21
1	0
23	0
26	16
18	17
26	6
18	23
18	17
18	21
8	18
6	13
2	22
15	1
21	13
20	3
10	8
12	10
8	7
0	13
10	26
13	24
9	25
13	12
3	1
9	10
5	19
11	4
17	24
23	14
20	0
17	1
1	22
7	10
28	24
16	15
6	3
14	5
25	24
28	20
8	23
20	24
2	20
23	21
13	24
4	21
1	24
13	8
2	8
11	22
14	8
15	17
7	22
23	1
8	10
0	6
2	26
27	17
22	18
0	9
0	6
25	1
5	23
26	27
18	16
14	16
23	0
18	4
2	23
0	20
0	9
26	27
7	8
23	16
20	25
22	6
26	22
17	0
14	28
26	20
17	12
27	19
18	14
15	1
0	23
20	10
8	20
3	7
19	6
17	28
21	8
26	22
22	6
2	1
11	21
22	12
11	10
2	26
3	15
3	21
15	13
23	16
28	25
3	24
9	13
14	12
3	6
19	25
26	10
4	8
6	15
2	23
11	20
21	25
12	15
14	19
2	20
12	6
3	25
19	3
26	18
8	25
7	16
27	26
28	10
17	23
28	20
1	27
22	4
4	0
6	16
20	1
1	16
5	0
1	0
1	8
12	0
21	8
19	12
3	10
27	25
13	7
24	23
2	4
25	4
10	19
12	25
3	1
7	1
11	4
28	24
2	28
20	28
0	21
2	13
0	17
28	11
10	7
8	27
9	7
13	16
13	18
22	7
26	12
13	4
16	28
9	7
10	20
16	14
15	1
18	11
24	14
26	1
2	21
4	2
24	4
1	23
21	10
23	14
14	16
25	9
16	0
28	12
13	6
20	18
27	21
13	11
5	24
10	11
26	14
8	20
13	25
23	1
19	7
23	19
27	8
21	28
1	27
15	16
15	13
10	25
14	10
10	16
0	26
6	18
11	27
10	22
20	18
28	24
15	9
18	8
8	6
15	9
11	12
17	26
1	23
25	14
10	25
17	23
1	21
4	9
27	11
26	2
13	25
7	26
12	4
12	17
2	17
12	18
9	28
23	24
25	6
11	8
0	22
10	24
1	10
20	10
11	10
13	26
5	24
13	14
20	22
24	5
18	8
5	19
18	11
13	9
6	2
26	22
6	12
1	17
13	20
12	23
5	0
22	23
16	4
27	25
11	4
6	25
7	8
2	15
20	16
4	27
2	25
3	5
6	0
22	16
22	20
0	21
27	25
21	28
3	28
21	10
11	19
9	27
9	4
7	0
3	21
19	16
22	16
7	0
21	1
15	16
8	12
15	28
9	8
21	13
8	3
22	18
14	6
23	10
3	17
7	13
2	23
13	6
23	8
27	20
24	9
28	13
10	1
2	26
6	12
27	26
18	0
2	28
11	10
26	2
0	17
4	0
25	15
25	0
11	1
5	2
0	21
7	1
23	1
1	21
1	22
19	3
5	4
5	19
23	2
25	11
2	16
23	15
2	8
15	9
11	20
26	5
26	8
13	0
1	26
9	13
25	11
24	22
15	21
17	0
10	27
28	14
25	7
15	22
0	9
4	8
28	5
7	10
23	14
15	23
26	21
28	20
10	0
7	6
18	17
0	2
0	23
2	5
8	28
10	19
15	19
19	7
1	14
9	24
22	21
16	15
15	24
22	0
25	11
15	14
7	14
20	2
14	9
24	1
25	23
21	15
12	9
24	22
8	11
14	8
25	8
24	5
8	16
10	5
1	17
4	25
25	6
22	1
25	8
9	8
6	21
5	13
5	15
6	23
16	6
5	28
14	20
20	5
6	2
22	13
21	8
21	24
23	28
23	5
13	14
7	5
6	1
17	11
20	26
19	27
17	24
27	22
8	16
22	28
28	19
5	0
14	3
16	1
12	20
19	7
9	26
26	18
5	25
4	19
5	19
14	6
23	15
4	19
18	5
1	9
9	25
10	18
21	10
22	4
14	6
15	9
9	5
13	22
14	0
2	26
1	13
7	17
27	26
23	26
26	13
0	2
6	9
19	3
5	6
18	26
20	26
22	27
13	14
10	0
21	16
5	2
24	11
11	28
11	2
2	10
1	8
12	9
4	27
25	28
28	18
12	15
7	14
24	11
3	21
7	5
6	17
28	3
18	12
23	25
13	5
16	17
9	16
12	9
1	0
9	3
0	6
26	8
27	3
11	7
22	13
21	23
25	23
24	2
2	13
19	6
8	22
26	20
0	23
7	15
23	3
25	6
14	15
12	27
1	24
19	16
2	26
21	6
24	12
7	26
25	20
8	1
5	3
16	4
8	3
14	2
15	22
21	12
1	7
22	26
18	2
16	2
21	25
10	28
0	27
9	11
7	10
3	6
21	19
20	1
2	27
24	23
3	5
18	1
20	7
21	10
17	0
17	6
17	27
27	21
11	19
16	14
7	21
4	1
2	21
3	28
19	9
13	8
23	19
0	3
5	7
15	17
3	16
8	1
2	7
14	20
20	15
22	4
25	17
13	22
9	14
14	22
1	23
26	28
2	20
16	23
7	22
26	3
25	15
10	2
19	20
18	17
16	11
25	16
4	27
9	28
11	24
7	2
4	25
11	25
14	9
23	21
22	11
27	1
5	28
10	20
7	20
11	16
10	23
4	18
19	12
24	7
20	7
7	12
5	6
16	10
10	15
27	28
17	13
12	8
10	26
27	13
2	10
5	17
3	12
22	10
2	12
27	11
17	26
23	3
10	8
15	14
15	28
8	7
10	9
1	12
6	11
18	1
19	5
8	10
14	25
13	1
10	24
23	25
5	21
27	1
19	20
11	1
9	17
28	0
23	10
25	10
1	19
23	16
10	1
0	2
4	24
10	28
28	5
7	2
19	23
27	21
4	18
11	20
1	18
21	17
6	8
14	11
1	14
15	18
14	20
15	0
25	18
24	21
8	13
6	2
23	12
28	6
17	23
9	16
10	27
10	24
10	25
5	12
4	24
21	2
5	21
26	28
3	27
6	28
0	26
0	14
8	20
13	18
15	5
19	18
12	27
0	13
3	28
22	24
6	14
28	1
7	27
13	27
28	9
2	3
24	21
18	2
7	21
16	10
26	11
23	7
22	14
15	10
21	4
18	20
8	6
19	15
10	19
16	21
14	5
28	11
13	11
25	18
15	5
19	5
2	5
26	24
11	6
15	16
5	26
13	26
12	20
19	18
6	13
13	28
8	24
18	23
5	7
11	9
15	22
15	7
24	20
25	7
5	11
22	3
4	24
27	18
17	11
16	12
6	7
3	7
1	2
6	21
19	4
19	1
12	0
28	10
23	14
10	5
8	1
25	18
14	16
12	27
11	0
25	2
4	21
9	0
28	6
27	14
28	7
9	11
11	27
25	4
12	14
25	8
9	13
0	25
16	18
25	10
11	1
10	27
22	1
2	23
1	14
28	25
23	1
25	5
8	3
20	22
27	23
23	20
27	15
25	11
9	2
18	20
23	24
5	16
23	9
0	22
10	21
2	18
14	23
28	22
12	10
21	16
1	25
1	5
3	4
26	2
13	7
7	16
23	8
9	22
10	2
5	0
11	12
1	4
23	10
5	28
16	12
6	16
8	28
3	5
0	23
5	16
13	19
28	12
25	27
26	18
13	20
24	9
12	25
6	9
9	25
17	25
12	27
7	24
24	2
28	5
2	22
28	19
1	24
11	27
25	18
25	20
6	21
26	10
16	25
18	1
22	16
12	16
13	28
24	11
1	4
17	18
17	14
20	2
1	21
5	18
0	25
27	6
1	24
8	1
8	24
28	9
5	3
26	13
18	25
14	12
0	3
24	6
9	28
12	11
25	6
25	6
27	19
13	15
4	24
24	15
21	9
4	18
0	27
12	5
11	9
28	5
9	17
0	22
9	1
6	25
4	18
10	17
5	12
2	1
7	12
18	7
4	9
2	10
26	4
6	9
9	14
5	0
15	20
11	18
10	14
15	12
20	13
11	8
1	17
0	20
17	20
10	8
10	17
11	20
15	22
6	25
14	27
28	22
16	11
27	20
27	26
15	16
0	24
13	5
7	25
24	19
0	16
2	27
23	22
26	20
25	22
19	14
6	27
20	17
16	21
5	12
28	7
18	11
9	10
13	27
19	15
7	28
10	2
18	9
17	8
9	25
17	2
11	26
14	7
13	19
14	25
21	10
2	0
7	1
0	13
27	14
24	20
19	28
22	26
17	8
19	5
21	17
26	10
4	21
14	25
2	15
3	6
4	22
11	3
2	14
10	15
25	5
3	8
24	20
10	23
27	7
24	12
11	15
21	12
3	20
17	3
1	22
0	4
1	20
28	22
10	20
5	27
16	7
13	4
14	0
21	20
5	17
23	14
25	7
13	3
10	13
4	1
9	8
5	1
20	18
27	18
6	10
20	1
10	1
2	4
22	11
3	4
9	21
8	0
14	22
17	7
23	4
7	23
18	23
7	3
21	15
15	12
16	0
15	6
22	25
21	16
8	25
0	2
1	9
27	16
12	22
3	19
4	16
5	24
14	19
4	9
19	10
27	17
27	11
10	9
28	24
24	0
4	21
16	15
28	21
7	2
24	9
11	20
20	0
1	20
17	1
13	26
25	21
27	21
6	23
3	7
20	23
16	11
25	28
15	4
11	12
4	23
21	10
22	19
8	5
26	14
8	17
9	4
17	16
23	19
2	8
1	20
18	0
17	14
15	20
21	17
6	0
25	16
5	28
11	2
3	7
18	14
16	15
14	15
3	11
19	27
23	27
14	26
15	23
16	7
9	5
27	5
16	4
24	25
27	1
2	16
12	22
27	0
5	13
22	23
10	0
21	15
13	18
27	9
27	14
18	9
11	12
9	11
5	11
25	18
17	13
22	25
9	7
5	6
2	25
19	2
12	0
17	27
8	12
11	21
24	7
0	8
25	15
26	9
11	15
20	7
3	20
7	19
14	2
9	21
14	15
8	0
0	3
4	25
24	1
23	10
11	13
18	19
12	20
17	15
14	16
15	3
5	9
3	0
1	5
19	5
15	25
10	19
3	10
1	0
28	15
18	24
8	28
24	0
23	1
22	28
28	16
15	3
12	16
14	25
28	18
1	15
18	7
24	26
15	18
0	6
21	18
9	14
15	4
25	14
26	9
16	17
8	27
17	21
3	14
23	14
0	8
13	4
22	20
3	12
2	24
17	21
11	1
9	2
23	25
14	16
28	25
9	17
28	2
1	27
24	15
3	6
25	6
17	27
26	12
1	7
18	17
19	20
2	19
23	27
21	26
28	2
2	8
25	17
11	24
19	11
0	25
5	4
10	25
12	28
14	25
28	26
3	17
22	20
6	4
4	23
25	13
21	27
14	27
28	17
6	21
25	28
2	26
9	28
28	12
26	15
2	10
8	16
8	27
24	2
0	11
11	17
3	14
2	15
3	11
2	1
5	21
6	8
15	5
6	19
19	22
9	26
11	24
16	19
28	3
20	5
17	13
5	25
27	2
23	0
12	17
19	12
4	2
1	25
10	25
5	23
26	18
0	7
24	6
4	14
15	5
24	28
3	8
3	11
13	11
24	28
14	11
22	14
13	20
16	10
11	19
22	13
1	26
13	14
20	14
28	22
26	15
17	25
2	10
13	19
20	17
3	13
23	25
15	5
12	25
28	15
14	21
8	11
12	1
28	25
22	23
1	0
7	14
26	5
9	13
13	24
10	12
3	25
0	3
7	28
12	21
23	17
0	26
16	28
16	24
8	26
20	0
6	10
16	26
13	28
11	14
9	8
16	28
23	4
11	14
21	15
12	2
19	26
15	18
13	1
23	3
10	0
18	5
2	23
10	12
25	22
7	20
22	15
10	27
13	25
18	8
2	19
21	2
4	15
3	11
3	20
4	24
21	7
26	6
25	5
23	26
22	20
22	4
13	21
21	9
27	21
14	7
24	7
27	13
13	28
6	22
19	24
21	16
6	2
5	20
25	15
8	18
16	22
17	1
7	13
16	23
23	6
2	4
18	26
15	21
17	9
27	4
22	2
13	14
11	14
10	27
27	11
0	18
8	7
6	0
22	27
6	10
28	17
26	28
20	25
4	27
9	15
8	25
23	15
8	13
17	3
28	7
9	17
17	28
19	12
18	12
20	11
13	26
15	3
0	10
5	24
5	20
11	17
21	17
11	21
3	19
22	7
14	0
4	23
1	11
20	23
8	26
20	18
11	22
4	11
2	12
8	24
3	12
3	8
21	10
2	12
20	9
26	7
27	26
11	9
18	0
14	0
3	16
22	2
8	1
24	5
22	17
25	27
13	2
19	10
21	1
2	24
12	17
24	2
27	2
7	2
9	3
2	25
3	27
2	20
14	24
16	9
28	14
3	14
6	1
7	27
1	23
0	25
11	24
9	8
22	9
28	8
18	21
14	26
2	12
14	2
24	7
5	17
1	3
17	0
27	17
12	26
12	10
20	10
14	17
25	23
0	3
28	24
10	13
15	27
16	15
1	26
18	23
18	19
24	13
13	15
15	16
18	4
7	8
15	4
13	26
16	3
20	12
21	0
18	0
20	9
28	16
18	24
12	1
1	16
6	3
22	27
26	17
18	10
11	6
16	7
15	13
18	10
20	13
25	10
10	12
10	28
14	15
13	25
5	20
4	5
18	26
24	17
23	6
23	28
19	5
18	24
24	21
11	20
25	26
21	25
27	4
28	16
15	19
1	17
13	15
13	14
23	24
20	13
16	2
28	27
16	23
19	8
3	28
21	19
28	16
22	6
4	7
7	24
12	25
19	7
27	7
11	25
28	24
28	5
2	22
24	22
6	18
14	27
10	21
12	8
26	5
22	18
28	27
10	3
16	1
20	9
12	15
19	9
28	21
13	26
5	11
22	3
0	9
15	28
22	18
3	14
6	19
6	1
21	25
4	5
14	6
11	2
11	21
7	20
9	23
12	0
0	27
2	1
2	21
28	1
1	18
4	15
28	0
4	10
24	7
12	11
9	22
14	13
10	21
23	18
7	26
28	5
18	4
3	6
21	9
16	0
14	18
6	26
4	1
14	11
7	13
26	7
5	0
14	25
1	5
14	24
25	7
23	7
10	8
0	17
26	28
17	1
6	0
23	2
5	23
12	13
17	1
16	11
24	22
14	1
5	17
19	2
5	4
3	7
6	11
13	2
1	4
6	20
25	10
28	16
13	16
0	22
22	19
3	16
10	7
11	28
12	0
2	20
4	25
6	10
1	26
23	28
10	9
12	24
7	6
5	11
22	6
4	25
6	0
12	2
16	11
27	3
11	20
21	14
10	5
21	12
21	22
28	11
3	8
27	0
11	20
5	22
25	1
15	7
16	1
7	20
11	27
18	23
2	22
20	2
17	6
1	9
5	11
6	27
3	28
14	2
16	8
11	26
23	10
4	1
24	17
3	11
17	26
5	9
3	14
6	16
26	10
28	0
14	22
16	0
6	22
4	9
9	3
5	10
9	25
18	0
11	10
18	1
22	12
16	2
22	28
12	17
4	28
24	16
27	19
15	6
20	27
0	9
13	21
24	13
19	23
28	16
7	28
23	28
1	19
8	10
24	21
16	20
15	16
12	2
15	8
27	14
10	26
0	22
17	10
16	11
1	17
8	10
27	4
7	15
21	19
13	3
27	6
8	18
20	1
11	14
24	22
4	9
16	8
1	3
25	11
24	23
11	17
28	1
5	22
2	9
10	14
21	18
13	19
26	16
23	9
7	28
23	12
24	19
8	1
22	16
2	14
10	0
4	19
18	22
28	12
3	26
21	23
7	12
21	17
24	12
19	10
12	3
18	25
3	9
15	17
3	1
17	11
20	11
13	16
2	13
22	12
16	27
28	11
18	0
26	10
0	24
25	27
11	24
16	27
10	18
5	8
18	13
24	2
27	17
23	13
2	16
17	28
10	17
21	14
28	4
4	27
27	1
3	23
21	23
22	7
27	14
27	6
28	6
21	4
21	2
12	23
4	28
19	17
15	21
23	4
1	11
1	11
22	13
10	7
11	5
23	13
4	8
4	5
4	16
19	12
12	2
28	22
22	5
9	20
14	16
16	18
25	1
15	14
19	6
5	13
2	16
5	13
5	12
12	15
0	6
20	9
9	24
13	11
19	9
15	22
27	25
25	16
28	7
26	18
4	16
23	7
19	1
10	7
8	0
11	13
16	10
22	25
16	26
14	15
1	22
12	1
20	22
12	8
8	28
13	8
16	23
10	16
26	20
25	26
16	23
0	20
20	28
4	11
28	10
9	13
24	6
21	7
3	6
2	22
25	9
5	6
12	9
9	13
8	0
16	8
17	2
3	5
4	12
21	10
12	18
9	7
17	15
1	10
5	18
15	28
24	27
9	8
16	17
17	28
5	14
14	3
18	17
2	7
20	5
22	27
1	23
25	5
23	0
18	0
10	25
27	8
6	25
4	10
20	17
5	21
22	3
27	24
19	16
9	0
21	1
3	27
5	8
16	17
7	18
6	26
1	20
1	15
15	12
17	22
0	17
16	4
2	15
26	17
18	9
12	6
1	23
24	19
20	16
5	9
12	26
22	4
0	22
10	7
20	14
11	18
22	21
11	16
2	1
5	18
20	16
18	21
11	17
13	6
23	24
2	22
20	23
4	5
23	10
28	17
21	17
4	2
0	5
8	15
12	10
22	28
19	21
26	28
21	28
3	5
18	8
25	2
6	0
24	28
20	7
14	15
14	22
27	26
16	20
0	5
7	24
8	20
6	18
8	21
2	9
17	15
20	21
7	21
6	13
6	17
24	4
21	10
14	7
7	5
5	1
12	8
20	16
8	6
0	3
6	2
21	20
15	13
3	2
24	4
4	20
2	26
14	8
6	20
5	6
14	8
23	2
8	21
26	22
8	27
20	7
0	17
15	26
28	18
4	8
2	25
15	1
15	9
9	0
7	23
7	10
6	2
14	0
0	5
24	6
19	5
5	19
20	22
21	5
22	13
15	7
17	1
12	5
2	8
4	15
26	23
19	3
23	6
26	7
6	15
21	17
26	19
21	17
2	11
1	10
10	28
14	28
5	19
6	20
23	2
8	0
27	12
9	25
25	26
10	23
7	1
17	12
5	21
0	18
8	5
22	26
28	27
13	21
6	22
1	20
23	9
15	26
12	28
15	5
13	10
14	6
12	15
28	19
11	23
1	20
10	25
11	13
12	27
13	22
23	4
20	6
27	11
11	10
0	18
6	27
3	27
12	19
17	3
23	24
8	21
4	23
0	19
8	28
1	2
28	0
6	22
4	20
16	26
18	14
8	19
23	12
18	21
20	4
9	10
15	19
28	1
2	21
11	7
28	17
5	6
9	27
12	18
25	5
18	9
10	7
14	9
8	20
4	28
28	11
3	14
6	3
11	6
10	6
7	3
19	4
28	27
4	16
16	13
20	21
17	22
9	23
6	12
17	20
19	0
6	28
9	10
26	19
28	15
20	12
28	11
6	19
25	7
25	13
20	27
10	7
1	27
26	27
23	0
23	5
20	18
19	10
19	15
25	23
6	25
10	5
11	22
4	17
27	8
10	23
19	13
18	15
21	5
26	27
6	14
2	26
22	15
10	11
19	20
26	12
14	12
6	20
23	14
4	24
23	6
9	16
6	2
14	5
5	18
17	15
10	26
5	6
1	24
4	23
24	13
4	16
4	22
23	11
22	13
24	1
27	12
26	23
17	20
9	13
18	15
17	20
15	22
0	3
20	24
9	11
15	22
18	9
3	20
9	23
27	11
9	24
6	14
27	23
11	21
18	3
7	14
3	0
26	7
12	6
15	24
25	0
25	4
13	12
11	25
5	16
23	3
25	16
1	11
11	16
25	23
0	23
3	7
1	3
0	28
25	9
0	27
15	25
26	21
5	0
23	22
13	5
6	28
24	14
3	18
18	10
25	10
7	27
4	16
18	5
12	20
4	28
9	25
7	2
21	4
6	18
21	25
12	4
3	27
1	3
11	12
7	24
18	11
20	25
16	27
10	21
25	22
2	1
12	27
4	22
6	13
24	2
5	3
12	9
22	0
10	17
28	6
17	1
3	1
7	17
3	22
19	22
24	7
12	20
2	20
8	23
2	6
24	26
16	2
6	27
6	7
19	10
5	23
17	1
0	14
7	25
0	1
3	27
21	0
13	4
18	19
14	19
17	7
20	4
3	2
25	5
27	7
26	7
8	13
20	25
7	22
27	8
19	10
24	5
24	0
17	11
18	16
6	26
17	16
21	4
19	15
20	25
15	19
2	28
0	27
11	21
27	3
27	8
26	24
15	28
23	13
5	12
23	8
16	5
13	19
12	27
13	27
11	14
18	7
1	23
7	1
28	21
26	14
27	25
13	24
7	5
5	8
0	19
25	11
20	6
11	10
21	1
18	25
18	13
8	1
8	5
25	10
24	14
7	26
2	5
21	24
17	27
23	0
12	28
27	15
5	4
1	6
3	22
12	18
1	2
15	25
20	8
16	15
0	8
4	28
17	1
17	15
6	17
2	13
25	13
13	6
0	4
9	5
15	10
16	24
17	25
19	6
11	22
21	10
11	14
10	27
17	16
20	0
4	1
1	13
23	10
24	25
12	13
23	28
16	6
2	14
21	3
16	0
19	0
28	6
6	3
13	0
11	6
22	8
27	8
25	27
